0	0	0	0	1	748410388	8
0	0	0	0	1	676869845	14
0	7	814731681	7	4	664087884	7
0	0	0	0	1	2000000000	9
0	0	0	0	1	749472739	7
0	0	0	0	1	596667019	9
0	0	0	0	1	970955744	10
0	0	0	0	1	443953809	15
0	0	0	0	1	1189047795	8
0	0	0	0	1	1038351905	11
0	0	0	0	1	818880411	6
0	0	0	0	1	1255572123	5
0	0	0	0	1	1352423833	10
0	0	0	0	1	1190685672	12
0	0	0	0	1	2000000000	14
0	0	0	0	1	594268201	10
0	0	0	0	1	1279432682	12
0	0	0	0	1	2336325738	12
0	0	0	0	1	2000000000	6
0	0	0	0	1	1852192403	13
0	0	0	0	1	1342178536	13
0	6	697993148	6	5	218607174	7
0	0	0	0	1	607230720	15
0	0	0	0	1	451236413	9
0	0	0	0	1	1496100095	8
0	0	0	0	1	1195698969	9
0	0	0	0	1	1043751916	10
0	10	1186833630	14	11	442819256	10
0	0	0	0	1	970994237	9
0	0	0	0	1	1348646981	10
0	0	0	0	1	1706543043	14
0	0	0	0	1	1734930223	12
0	0	0	0	1	900390967	8
0	0	0	0	1	979557157	16
0	0	0	0	1	1941838111	8
0	0	0	0	1	986630923	10
0	0	0	0	1	2000000000	10
0	0	0	0	1	1569707559	14
0	0	0	0	1	896563462	11
0	0	0	0	1	973218722	7
0	0	0	0	1	3145321066	9
0	0	0	0	1	1050614839	8
0	0	0	0	1	1115468641	12
0	0	0	0	1	894383767	4
0	0	0	0	1	973182298	6
0	4	588277416	4	3	1277266773	7
0	0	0	0	1	524726027	12
0	0	0	0	1	2000000000	15
0	0	0	0	1	2000000000	0
0	0	0	0	1	589395493	6
0	0	0	0	1	1346739649	9
0	0	0	0	1	592386026	8
0	9	1077229287	10	6	920359830	10
0	0	0	0	1	753490119	8
0	0	0	0	1	1194804574	10
0	0	0	0	1	1186639491	10
0	0	0	0	1	1126426754	8
0	0	0	0	1	1271748255	9
0	0	0	0	1	435618910	10
0	0	0	0	1	1125423309	9
0	0	0	0	1	884533836	5
0	0	0	0	1	821228578	5
0	0	0	0	1	609603608	14
0	0	0	0	1	523706555	6
0	0	0	0	1	1197382044	10
0	0	0	0	1	814327761	7
0	0	0	0	1	820335265	9
0	4	612017998	4	1	439006560	4
0	0	0	0	1	972887571	11
0	0	0	0	1	908000961	9
0	0	0	0	1	1649698764	10
0	13	2160865953	322	348	893263009	13
0	0	0	0	1	820404562	11
0	0	0	0	1	906765485	9
0	0	0	0	1	965154215	8
0	0	0	0	1	1550320323	13
0	0	0	0	1	1051708103	14
0	0	0	0	1	1203455303	11
0	0	0	0	1	445751086	7
0	9	891817518	9	5	662883973	9
0	0	0	0	1	968692427	13
0	0	0	0	1	454413734	10
0	0	0	0	1	1352549420	13
0	0	0	0	1	1423864080	5
0	0	0	0	1	666612169	21
0	0	0	0	1	529194901	9
0	0	0	0	1	601547809	6
0	0	0	0	1	904447044	10
0	0	0	0	1	886754420	11
0	0	0	0	1	1411541469	14
0	0	0	0	1	1290638507	7
0	0	0	0	1	1185902632	13
0	0	0	0	1	756474829	9
0	16	3505898021	343	441	664628577	16
0	0	0	0	1	1049103572	13
0	0	0	0	1	1580726217	12
0	0	0	0	1	1042916966	9
0	0	0	0	1	1197603749	9
0	0	0	0	1	2000000000	0
0	0	0	0	1	1106247676	3
0	0	0	0	1	740787397	14
0	0	0	0	1	1792265453	10
0	15	2305945633	344	357	292249634	15
0	0	0	0	1	974260930	15
0	0	0	0	1	806519051	10
0	0	0	0	1	1194752311	8
0	0	0	0	1	741732839	6
0	0	0	0	1	1280828424	10
0	0	0	0	1	749118777	14
0	0	0	0	1	2000000000	8
0	0	0	0	1	818611476	10
0	3	386242088	4	2	299189654	4
0	0	0	0	1	908540935	10
0	0	0	0	1	1051876631	7
0	0	0	0	1	665607525	13
0	0	0	0	1	1051080836	8
0	0	0	0	1	452035385	9
0	0	0	0	1	1047567055	11
0	11	1561107897	18	15	898827748	11
0	0	0	0	1	901289787	19
0	0	0	0	1	890587257	7
0	0	0	0	1	2528390583	5
0	0	0	0	1	1184979826	10
0	0	0	0	1	897555661	10
0	0	0	0	1	1280394347	10
0	0	0	0	1	2000000000	0
0	0	0	0	1	444277856	14
0	0	0	0	1	445216266	9
0	0	0	0	1	446866780	7
0	0	0	0	1	687737254	12
0	0	0	0	1	662011080	6
0	0	0	0	1	745463976	6
0	0	0	0	1	1123038724	7
0	0	0	0	1	1631919099	7
0	0	0	0	1	678418391	8
0	0	0	0	1	973900128	18
0	0	0	0	1	1121263943	16
0	0	0	0	1	681980465	9
0	0	0	0	1	1342309396	7
0	0	0	0	1	1114873140	6
0	0	0	0	1	967485576	8
0	0	0	0	1	1578264009	14
0	0	0	0	1	1124738593	6
0	0	0	0	1	2691735058	5
0	0	0	0	1	1129406344	9
0	0	0	0	1	520047169	10
0	0	0	0	1	526079111	8
0	0	0	0	1	745949698	9
0	0	0	0	1	1116179510	16
0	0	0	0	1	965994077	8
0	0	0	0	1	607393426	10
0	0	0	0	1	451417248	12
0	0	0	0	1	673416762	11
0	0	0	0	1	1329473135	13
0	0	0	0	1	444086417	2
0	0	0	0	1	1264226913	10
0	0	0	0	1	2174097894	12
0	0	0	0	1	959751133	11
0	0	0	0	1	2000000000	8
0	0	0	0	1	2000000000	9
0	0	0	0	1	809486445	8
0	0	0	0	1	1790795996	9
0	2	518637102	2	2	1700771815	9
0	0	0	0	1	1263793233	11
0	0	0	0	1	1865661294	7
0	0	0	0	1	1121400755	8
0	0	0	0	1	1195324902	7
0	0	0	0	1	1404986809	11
0	0	0	0	1	1639640494	8
0	0	0	0	1	2000000000	11
0	0	0	0	1	1407465175	7
0	0	0	0	1	2018992917	11
0	0	0	0	1	454356258	22
0	0	0	0	1	1505747690	12
0	0	0	0	1	594291069	9
0	0	0	0	1	2000000000	1
0	0	0	0	1	1333173993	8
0	0	0	0	1	2000000000	6
0	0	0	0	1	907831555	9
0	0	0	0	1	822355240	13
0	0	0	0	1	597515873	12
0	0	0	0	1	2099939202	14
0	0	0	0	1	665775996	5
0	0	0	0	1	1355598332	20
0	0	0	0	1	379864850	15
0	0	0	0	1	1954726585	11
0	0	0	0	1	1419861040	13
0	0	0	0	1	993821321	18
0	0	0	0	1	295102416	7
0	0	0	0	1	375699174	11
0	0	0	0	1	1870507413	10
0	0	0	0	1	898954856	14
0	0	0	0	1	825487678	12
0	0	0	0	1	970205174	11
0	14	1783261242	229	202	363249775	14
0	0	0	0	1	825851679	19
0	0	0	0	1	2000000000	6
0	0	0	0	1	532485267	13
0	0	0	0	1	1121612186	11
0	0	0	0	1	2079200109	5
0	0	0	0	1	2000000000	0
0	0	0	0	1	2020305900	5
0	0	0	0	1	902710625	8
0	0	0	0	1	1283558033	8
0	0	0	0	1	681737147	11
0	0	0	0	1	370671758	13
0	0	0	0	1	827477221	8
0	0	0	0	1	747411552	11
0	0	0	0	1	2000000000	12
0	0	0	0	1	1125438184	8
0	0	0	0	1	594068000	8
0	9	971760048	18	12	2000000000	9
0	0	0	0	1	522593867	13
0	1	147179743	1	1	1429949126	10
0	0	0	0	1	1422438573	5
0	0	0	0	1	888151032	11
0	0	0	0	1	531681558	18
0	0	0	0	1	1502477185	7
0	0	0	0	1	1123135511	10
0	0	0	0	1	2000000000	0
0	0	0	0	1	1339954970	11
0	0	0	0	1	1188028416	12
0	0	0	0	1	822745063	10
0	0	0	0	1	899835140	13
0	0	0	0	1	520869291	11
0	9	1574752623	19	8	300481591	9
0	0	0	0	1	1338838373	9
0	0	0	0	1	744448703	17
0	0	0	0	1	1248625535	5
0	12	1969231399	22	15	873611394	12
0	0	0	0	1	453553533	9
0	0	0	0	1	1194077193	8
0	0	0	0	1	1574294350	14
0	0	0	0	1	817019311	14
0	0	0	0	1	1036441433	13
0	0	0	0	1	1190786523	10
0	0	0	0	1	671573779	15
0	0	0	0	1	1351122127	5
0	0	0	0	1	747952724	9
0	0	0	0	1	911919962	7
0	0	0	0	1	980667729	5
0	0	0	0	1	2000000000	4
0	0	0	0	1	445591271	8
0	0	0	0	1	606317152	7
0	0	0	0	1	967708451	15
0	0	0	0	1	816464554	8
0	0	0	0	1	526562758	6
0	0	0	0	1	967374409	9
0	0	0	0	1	1197234392	8
0	0	0	0	1	674117928	13
0	0	0	0	1	751924942	10
0	12	1431781698	15	12	383332358	12
0	0	0	0	1	1866385436	12
0	0	0	0	1	1343054658	5
0	0	0	0	1	1934953650	14
0	0	0	0	1	681765074	11
0	0	0	0	1	1129784280	9
0	0	0	0	1	745094082	13
0	0	0	0	1	964526545	9
0	0	0	0	1	823483849	10
0	0	0	0	1	1936885556	7
0	0	0	0	1	906462550	9
0	0	0	0	1	1045461155	6
0	0	0	0	1	377921090	6
0	0	0	0	1	2000000000	0
0	0	0	0	1	977901537	10
0	0	0	0	1	1500842723	10
0	0	0	0	1	672556483	11
0	0	0	0	1	1126231414	6
0	0	0	0	1	1494025230	11
0	0	0	0	1	2000000000	0
0	0	0	0	1	1275853778	11
0	0	0	0	1	1271359384	10
0	0	0	0	1	1718537336	13
0	0	0	0	1	1641344546	13
0	0	0	0	1	1172294860	6
0	12	1934984642	181	146	2000000000	12
0	0	0	0	1	1352112297	5
0	0	0	0	1	1114575183	17
0	0	0	0	1	1206826966	6
0	0	0	0	1	1497460260	17
0	0	0	0	1	2000000000	6
0	0	0	0	1	674011070	12
0	0	0	0	1	1573392939	11
0	0	0	0	1	590239241	9
0	0	0	0	1	1185081823	5
0	0	0	0	1	1703252601	11
0	0	0	0	1	529084398	5
0	0	0	0	1	600305112	5
0	0	0	0	1	1423925588	10
0	0	0	0	1	1348612815	13
0	0	0	0	1	452959180	6
0	12	1282017994	154	84	297092191	13
0	0	0	0	1	603542095	10
0	0	0	0	1	446700970	7
0	0	0	0	1	593335240	12
0	0	0	0	1	1049426044	12
0	18	3412504949	356	354	2000000000	18
0	0	0	0	1	674760677	13
0	0	0	0	1	1203574922	11
0	0	0	0	1	2000000000	0
0	0	0	0	1	593556829	9
0	0	0	0	1	1736418133	9
0	0	0	0	1	746252638	7
0	0	0	0	1	672202956	11
0	0	0	0	1	1046766049	15
0	0	0	0	1	380161842	14
0	0	0	0	1	2000000000	0
0	0	0	0	1	520663697	3
0	0	0	0	1	1045287161	8
0	0	0	0	1	969240785	13
0	7	884230439	9	6	363187853	7
0	0	0	0	1	1196251736	5
0	0	0	0	1	601567628	17
0	0	0	0	1	1721012278	12
0	0	0	0	1	736054383	7
0	0	0	0	1	2000000000	11
0	0	0	0	1	1276764698	7
0	0	0	0	1	1132716052	13
0	0	0	0	1	1498148120	10
0	0	0	0	1	742634950	13
0	0	0	0	1	1264808348	9
0	0	0	0	1	657346514	9
0	0	0	0	1	1959984813	11
0	0	0	0	1	674023647	17
0	0	0	0	1	587695423	7
0	0	0	0	1	609115522	8
0	0	0	0	1	890654548	6
0	0	0	0	1	1050837580	6
0	0	0	0	1	1120466739	7
0	0	0	0	1	1114268842	10
0	0	0	0	1	821204746	11
0	0	0	0	1	1350775112	12
0	0	0	0	1	747592873	10
0	0	0	0	1	899067687	8
0	0	0	0	1	524927891	9
0	0	0	0	1	1194947794	12
0	0	0	0	1	970348558	11
0	0	0	0	1	750720097	12
0	0	0	0	1	1195847629	7
0	0	0	0	1	1036067488	10
0	0	0	0	1	367601083	10
0	0	0	0	1	747660076	15
0	0	0	0	1	1496941755	8
0	0	0	0	1	1286895501	12
0	0	0	0	1	968115126	10
0	0	0	0	1	676322235	10
0	0	0	0	1	820989059	10
0	0	0	0	1	1343577680	14
0	0	0	0	1	973853953	4
0	0	0	0	1	1633035777	6
0	0	0	0	1	971454230	14
0	0	0	0	1	597273191	9
0	0	0	0	1	2000000000	8
0	0	0	0	1	2000000000	0
0	11	1340446633	335	283	660168269	11
0	0	0	0	1	2316212514	13
0	0	0	0	1	1578447160	7
0	0	0	0	1	2000000000	0
0	0	0	0	1	1582646057	8
0	1	148997168	1	1	595673772	7
0	0	0	0	1	2000000000	10
0	0	0	0	1	1352229656	8
0	0	0	0	1	1182253442	11
0	0	0	0	1	1045756850	15
0	0	0	0	1	2000000000	6
0	0	0	0	1	2000000000	11
0	0	0	0	1	1636677031	10
0	0	0	0	1	1566448964	9
0	0	0	0	1	599503532	11
0	0	0	0	1	371922686	12
0	0	0	0	1	975251871	4
0	0	0	0	1	1348173549	9
0	0	0	0	1	807915866	8
0	0	0	0	1	678707389	9
0	0	0	0	1	667021864	10
0	0	0	0	1	905713738	12
0	0	0	0	1	673609383	18
0	0	0	0	1	2005556854	13
0	0	0	0	1	2000000000	13
0	0	0	0	1	666844851	11
0	0	0	0	1	1502484605	11
0	5	663610637	5	3	370567238	6
0	0	0	0	1	897507090	7
0	0	0	0	1	759819843	11
0	5	607978998	5	4	2000000000	9
0	0	0	0	1	2000000000	0
0	0	0	0	1	1109373333	13
0	0	0	0	1	819168428	6
0	0	0	0	1	893204661	7
0	0	0	0	1	673709772	7
0	0	0	0	1	743786259	7
0	0	0	0	1	450318315	8
0	0	0	0	1	1118188674	11
0	0	0	0	1	1119202298	13
0	0	0	0	1	823129617	7
0	0	0	0	1	1783382774	8
0	0	0	0	1	1353486352	15
0	0	0	0	1	823466050	12
0	0	0	0	1	745847154	8
0	0	0	0	1	520654807	19
0	0	0	0	1	1193419070	5
0	0	0	0	1	300035076	5
0	0	0	0	1	757957674	13
0	0	0	0	1	450786674	19
0	0	0	0	1	671453527	7
0	0	0	0	1	1131113772	10
0	16	2034555350	71	54	368375339	16
0	0	0	0	1	1193339114	10
0	0	0	0	1	904548942	11
0	0	0	0	1	1278477171	10
0	0	0	0	1	818496103	13
0	7	765257193	7	7	149607774	8
0	0	0	0	1	815229030	9
0	0	0	0	1	593698965	10
0	0	0	0	1	1190763686	6
0	0	0	0	1	1187165340	9
0	0	0	0	1	1276985791	12
0	0	0	0	1	824092436	12
0	0	0	0	1	525987677	12
0	0	0	0	1	1348020465	10
0	0	0	0	1	2000000000	0
0	0	0	0	1	1725312746	5
0	14	1723443933	19	16	2000000000	14
0	10	1190119356	11	5	368531657	10
0	0	0	0	1	894327174	10
0	0	0	0	1	1352547444	14
0	0	0	0	1	740743328	6
0	0	0	0	1	897124645	8
0	0	0	0	1	1124765967	6
0	0	0	0	1	1344166432	6
0	0	0	0	1	901371530	10
0	13	2839140299	53	38	674344331	13
0	0	0	0	1	821612793	10
0	0	0	0	1	1356821057	12
0	0	0	0	1	2000000000	7
0	0	0	0	1	673383287	8
0	0	0	0	1	979323873	10
0	0	0	0	1	1432796829	12
0	0	0	0	1	1281783967	12
0	0	0	0	1	1128706872	12
0	0	0	0	1	600737847	15
0	0	0	0	1	1745736284	11
0	0	0	0	1	738578927	16
0	0	0	0	1	1482365060	8
0	0	0	0	1	1185281412	12
0	0	0	0	1	982516115	8
0	0	0	0	1	2000000000	0
0	0	0	0	1	1271553849	15
0	0	0	0	1	1813673008	13
0	0	0	0	1	896018108	7
0	0	0	0	1	741654268	16
0	0	0	0	1	815767354	14
0	0	0	0	1	898429943	15
0	0	0	0	1	446687660	15
0	0	0	0	1	456348086	6
0	0	0	0	1	2257108864	7
0	0	0	0	1	1132734014	10
0	0	0	0	1	970231436	11
0	0	0	0	1	752051827	12
0	0	0	0	1	2000000000	9
0	0	0	0	1	818172330	12
0	0	0	0	1	1279644224	14
0	0	0	0	1	1286414066	11
0	0	0	0	1	888226714	8
0	0	0	0	1	971119476	10
0	0	0	0	1	456097616	10
0	0	0	0	1	603295345	10
0	0	0	0	1	757205429	8
0	0	0	0	1	969032743	8
0	0	0	0	1	1047571722	7
0	0	0	0	1	448575543	10
0	0	0	0	1	2000000000	8
0	0	0	0	1	528419136	9
0	8	957536749	9	6	368488632	8
0	0	0	0	1	1723933701	13
0	14	1483528531	44	33	581665598	14
0	0	0	0	1	754141212	9
0	0	0	0	1	889329010	12
0	0	0	0	1	446823456	11
0	0	0	0	1	2000000000	14
0	0	0	0	1	298581983	2
0	0	0	0	1	675479118	14
0	0	0	0	1	1274154005	13
0	0	0	0	1	2000000000	0
0	0	0	0	1	898387586	11
0	14	1277596529	14	12	293510526	14
0	0	0	0	1	1198393450	5
0	0	0	0	1	1274713111	9
0	0	0	0	1	1353935625	16
1	0	0	0	1	1134756763	12
0	0	0	0	1	2018953003	15
0	0	0	0	1	901139270	12
0	0	0	0	1	667220168	12
0	0	0	0	1	1346734483	8
0	0	0	0	1	683111806	9
0	0	0	0	1	2032245215	7
0	0	0	0	1	604534310	9
0	6	735067821	8	5	218856576	7
0	0	0	0	1	1274908781	8
0	0	0	0	1	2000000000	0
0	0	0	0	1	1050575410	9
0	0	0	0	1	1354265487	8
0	0	0	0	1	975018671	11
0	0	0	0	1	1042462505	10
0	0	0	0	1	1567408910	8
0	0	0	0	1	366754797	10
0	0	0	0	1	826888679	10
0	0	0	0	1	591702621	7
0	0	0	0	1	1039226464	16
0	0	0	0	1	970361569	11
0	0	0	0	1	893591192	9
0	0	0	0	1	1270751536	7
0	0	0	0	1	1196536431	14
0	0	0	0	1	970207456	14
0	0	0	0	1	1277470474	13
0	0	0	0	1	1199640524	15
0	0	0	0	1	2000000000	10
0	0	0	0	1	1714407367	13
0	0	0	0	1	886075602	9
0	0	0	0	1	598023337	6
0	12	1058510848	13	9	585371339	12
0	0	0	0	1	448101162	12
0	0	0	0	1	973249858	10
0	0	0	0	1	987580228	10
0	0	0	0	1	448903854	12
0	0	0	0	1	1656383917	10
0	0	0	0	1	821073613	11
0	0	0	0	1	2000000000	0
0	0	0	0	1	885307576	8
0	0	0	0	1	1042464252	8
0	0	0	0	1	2000000000	0
0	0	0	0	1	824331910	10
0	0	0	0	1	518117484	8
0	0	0	0	1	2000000000	13
0	0	0	0	1	515663091	8
0	0	0	0	1	742230823	10
0	0	0	0	1	1487845140	7
0	0	0	0	1	686061136	11
0	0	0	0	1	669518152	9
0	0	0	0	1	1416737896	6
0	0	0	0	1	1280210202	8
0	0	0	0	1	379480809	10
0	0	0	0	1	373434509	9
0	0	0	0	1	1265547462	12
0	0	0	0	1	825998589	11
0	0	0	0	1	670705606	11
0	0	0	0	1	449456017	8
0	0	0	0	1	822761730	9
0	0	0	0	1	2000000000	8
0	0	0	0	1	1108403464	8
0	0	0	0	1	665921013	5
0	0	0	0	1	743112597	7
0	0	0	0	1	674942261	9
0	0	0	0	1	828046356	9
0	0	0	0	1	900563149	11
0	0	0	0	1	823344522	12
0	0	0	0	1	1955425481	8
0	0	0	0	1	1356840604	8
0	0	0	0	1	1797502214	15
0	0	0	0	1	833162553	9
0	8	964807488	250	183	220169519	8
0	0	0	0	1	969694636	10
0	0	0	0	1	2000000000	11
0	0	0	0	1	1338234705	11
0	0	0	0	1	897204029	14
0	0	0	0	1	372248370	9
0	0	0	0	1	976334831	5
0	0	0	0	1	453659128	9
0	0	0	0	1	442423076	7
0	0	0	0	1	1495242924	13
0	0	0	0	1	823752256	10
0	13	5459064002	344	407	223160973	13
0	0	0	0	1	1202006248	12
0	0	0	0	1	1034379099	9
0	0	0	0	1	372203709	16
0	0	0	0	1	1194173285	6
0	0	0	0	1	1361679583	12
0	0	0	0	1	750785735	12
0	0	0	0	1	1034805025	16
0	0	0	0	1	1628751071	13
0	0	0	0	1	593535197	11
0	0	0	0	1	1121488432	16
0	0	0	0	1	1118807568	13
0	0	0	0	1	2023401394	16
0	0	0	0	1	1641317701	5
0	0	0	0	1	2000000000	11
0	0	0	0	1	966659678	17
0	0	0	0	1	735777087	2
0	0	0	0	1	1051032558	12
0	14	3461680840	138	127	660950875	14
0	0	0	0	1	1135128043	14
0	0	0	0	1	1202497432	8
0	10	1204160515	14	12	2000000000	10
0	0	0	0	1	831812840	14
0	0	0	0	1	1717567179	9
0	0	0	0	1	1119426765	15
0	0	0	0	1	1114873140	6
0	0	0	0	1	440602072	8
0	0	0	0	1	901753524	7
0	0	0	0	1	678708792	11
0	0	0	0	1	1267066476	10
0	0	0	0	1	675384741	9
0	0	0	0	1	972230418	7
0	0	0	0	1	1578809328	13
0	0	0	0	1	823291677	10
0	0	0	0	1	1351777052	8
0	0	0	0	1	515223284	12
0	0	0	0	1	1557380179	8
0	0	0	0	1	592359539	10
0	0	0	0	1	1418958243	8
0	0	0	0	1	1130077213	13
0	0	0	0	1	752437232	9
0	0	0	0	1	966239937	2
0	0	0	0	1	671629716	11
0	0	0	0	1	1116121412	9
0	0	0	0	1	1497568349	8
0	0	0	0	1	1423529071	7
0	0	0	0	1	1129544554	10
0	0	0	0	1	894352300	11
0	0	0	0	1	1045528835	13
0	0	0	0	1	1179962283	12
0	0	0	0	1	510212993	12
0	0	0	0	1	820242614	14
0	0	0	0	1	1863894329	11
0	0	0	0	1	961120374	14
0	0	0	0	1	896709211	15
0	0	0	0	1	1417584520	10
0	0	0	0	1	521612054	9
0	0	0	0	1	747331642	14
0	0	0	0	1	520474226	15
0	0	0	0	1	1196533358	12
0	0	0	0	1	1134527354	4
0	0	0	0	1	907367635	7
0	0	0	0	1	1207495380	14
0	0	0	0	1	1207225753	17
0	0	0	0	1	973890617	12
0	0	0	0	1	757812001	11
0	0	0	0	1	3560413581	5
0	0	0	0	1	893969453	10
0	0	0	0	1	2173911146	5
0	0	0	0	1	2000000000	13
0	0	0	0	1	897627374	13
0	0	0	0	1	368518472	9
0	0	0	0	1	1356618048	10
0	0	0	0	1	2000000000	12
0	0	0	0	1	826777825	14
0	0	0	0	1	747358149	12
0	0	0	0	1	1411600764	13
0	0	0	0	1	1046608235	6
0	0	0	0	1	1118585169	12
0	0	0	0	1	905272080	9
0	0	0	0	1	980348296	2
0	0	0	0	1	967094823	7
0	0	0	0	1	741135812	6
0	0	0	0	1	1119629581	9
0	0	0	0	1	813322845	9
0	0	0	0	1	826518336	11
0	0	0	0	1	374891061	11
0	0	0	0	1	956435375	14
0	5	525161960	5	3	772556559	8
0	0	0	0	1	1643022113	9
0	0	0	0	1	1118691451	10
0	0	0	0	1	1578838240	9
0	0	0	0	1	1274941586	3
0	0	0	0	1	1579243099	12
0	0	0	0	1	1121611799	8
0	0	0	0	1	1434033455	8
0	0	0	0	1	747668737	6
0	0	0	0	1	1416233387	16
0	0	0	0	1	1431440688	13
0	0	0	0	1	891484439	8
0	0	0	0	1	452976957	9
0	0	0	0	1	1116172734	8
0	11	1355359221	103	64	291717476	11
0	0	0	0	1	1120490331	7
0	0	0	0	1	741764085	9
0	0	0	0	1	661467270	11
0	0	0	0	1	301840112	6
0	0	0	0	1	527700393	12
0	0	0	0	1	1414371647	15
0	0	0	0	1	443541089	6
0	0	0	0	1	513644121	13
0	0	0	0	1	898170588	13
0	0	0	0	1	828207306	11
0	0	0	0	1	1044247101	7
0	0	0	0	1	520993657	13
0	0	0	0	1	589870263	7
0	0	0	0	1	2000000000	13
0	0	0	0	1	1266156346	13
0	0	0	0	1	1498866154	8
0	0	0	0	1	744595969	11
0	10	2029207921	335	364	217350906	10
0	0	0	0	1	1438080318	7
0	0	0	0	1	448793012	8
0	0	0	0	1	906159495	8
0	0	0	0	1	673882852	12
0	0	0	0	1	758333161	14
0	0	0	0	1	1119400472	7
0	0	0	0	1	1047344530	9
0	0	0	0	1	2530669067	11
0	0	0	0	1	371928498	9
0	0	0	0	1	1045416505	7
0	0	0	0	1	1201195457	7
0	0	0	0	1	293964427	8
0	0	0	0	1	1123502791	11
0	0	0	0	1	1800246459	18
0	0	0	0	1	526107299	10
0	0	0	0	1	1337295715	14
0	0	0	0	1	2000000000	0
0	0	0	0	1	1053773476	10
0	0	0	0	1	1036916661	7
0	0	0	0	1	1040984310	11
0	0	0	0	1	1276611577	8
0	0	0	0	1	595250856	8
0	0	0	0	1	900071374	13
0	0	0	0	1	890905367	2
0	0	0	0	1	444250959	9
0	0	0	0	1	1725517412	10
0	0	0	0	1	968936519	10
0	0	0	0	1	975936141	6
0	0	0	0	1	377989112	11
0	0	0	0	1	1434910908	17
0	0	0	0	1	1266762562	11
0	0	0	0	1	679850413	8
0	0	0	0	1	2161014696	7
0	0	0	0	1	527680110	10
0	0	0	0	1	2031050878	10
0	0	0	0	1	895848183	10
0	0	0	0	1	1197528792	15
0	0	0	0	1	440356427	6
0	0	0	0	1	1490703116	7
0	0	0	0	1	752862126	12
0	0	0	0	1	1200082006	12
0	0	0	0	1	826052093	7
0	0	0	0	1	1047193014	10
0	0	0	0	1	677138525	14
0	0	0	0	1	954933770	11
0	0	0	0	1	601144702	16
0	0	0	0	1	748780784	7
0	0	0	0	1	746501826	8
0	0	0	0	1	2000000000	0
0	0	0	0	1	748064502	11
0	0	0	0	1	1038041712	11
0	0	0	0	1	1195152129	11
0	0	0	0	1	1429087962	10
0	0	0	0	1	446740516	10
0	0	0	0	1	375669227	8
0	0	0	0	1	523594575	15
0	0	0	0	1	1650950050	15
0	0	0	0	1	675495196	6
0	0	0	0	1	1928083131	8
0	0	0	0	1	976370692	13
0	0	0	0	1	837526785	9
0	0	0	0	1	687150868	12
0	0	0	0	1	369244605	11
0	0	0	0	1	152672256	1
0	0	0	0	1	2000000000	0
0	10	1128170392	13	10	299930296	10
0	0	0	0	1	2020279293	5
0	0	0	0	1	903987188	10
0	0	0	0	1	736958278	11
0	0	0	0	1	819093168	11
0	0	0	0	1	1350859878	9
0	0	0	0	1	823712695	18
0	0	0	0	1	604327066	10
0	0	0	0	1	967801428	13
0	0	0	0	1	669805341	8
0	0	0	0	1	1339450032	7
0	0	0	0	1	2000000000	12
0	9	1214647571	11	8	2000000000	10
0	0	0	0	1	1093022415	8
0	0	0	0	1	898660647	13
0	0	0	0	1	527545994	5
0	0	0	0	1	2000000000	0
0	0	0	0	1	742281890	9
0	0	0	0	1	670062386	14
0	0	0	0	1	442312889	12
0	0	0	0	1	1423214600	12
0	0	0	0	1	1196001987	5
0	5	530586604	6	4	2000000000	7
0	0	0	0	1	745536164	10
0	0	0	0	1	2000000000	9
0	0	0	0	1	891514541	9
0	0	0	0	1	1427512750	12
0	5	674336720	5	3	362799432	6
0	0	0	0	1	1272275777	12
0	0	0	0	1	2555374410	10
0	0	0	0	1	2000000000	6
0	0	0	0	1	599585870	2
0	0	0	0	1	1734917614	7
0	0	0	0	1	1422199449	10
0	0	0	0	1	982444880	10
0	0	0	0	1	819428467	6
0	0	0	0	1	2000000000	10
0	0	0	0	1	1339725111	16
0	0	0	0	1	373287265	11
0	0	0	0	1	1511095342	12
0	0	0	0	1	1348258212	12
0	0	0	0	1	1272647713	6
0	0	0	0	1	597128915	9
0	0	0	0	1	1123627886	2
0	0	0	0	1	672009786	11
0	0	0	0	1	452762757	16
0	0	0	0	1	2000000000	7
0	0	0	0	1	370953257	9
0	0	0	0	1	969387906	12
0	0	0	0	1	1353326170	12
0	0	0	0	1	748530247	6
0	0	0	0	1	529229438	10
0	0	0	0	1	979474178	11
0	0	0	0	1	1203931623	5
0	19	2504941722	341	422	803417173	19
0	0	0	0	1	1551781754	14
0	0	0	0	1	819486392	12
0	0	0	0	1	1128871492	9
0	0	0	0	1	2000000000	7
0	0	0	0	1	599869227	6
0	0	0	0	1	2028395408	9
0	0	0	0	1	1352089546	6
0	0	0	0	1	443742568	8
0	0	0	0	1	2000000000	9
0	0	0	0	1	665011274	14
0	0	0	0	1	2000000000	4
0	0	0	0	1	1487866329	8
0	0	0	0	1	1110269958	7
0	0	0	0	1	378281663	11
0	0	0	0	1	1253896256	20
0	0	0	0	1	672360127	8
0	0	0	0	1	1127586770	9
0	0	0	0	1	2000000000	10
0	0	0	0	1	446405912	9
0	0	0	0	1	963916283	9
0	0	0	0	1	824267510	16
0	0	0	0	1	611109801	5
0	2	449611469	2	1	2000000000	13
0	0	0	0	1	735923050	17
0	0	0	0	1	603966613	13
0	1	290778915	1	1	725284181	4
0	0	0	0	1	666931573	13
0	11	981921649	11	7	2000000000	11
0	1	297127858	1	1	676266473	8
0	0	0	0	1	665965266	7
0	0	0	0	1	1206432384	9
0	0	0	0	1	896092583	12
0	0	0	0	1	1270124752	11
0	0	0	0	1	1209500061	14
0	0	0	0	1	1201245726	8
0	0	0	0	1	1509349598	9
0	0	0	0	1	894314985	10
0	0	0	0	1	590875778	12
0	0	0	0	1	674044243	13
0	0	0	0	1	450760494	11
0	0	0	0	1	1119830172	6
0	0	0	0	1	1190873963	7
0	0	0	0	1	670421060	12
0	0	0	0	1	2000000000	0
0	0	0	0	1	974913545	10
0	0	0	0	1	984101728	11
0	0	0	0	1	1106693626	10
0	0	0	0	1	1271503829	14
0	0	0	0	1	1207581617	2
0	0	0	0	1	1120927135	10
0	0	0	0	1	1195046172	13
0	0	0	0	1	375715743	11
0	3	601669259	3	2	2000000000	4
0	0	0	0	1	829443979	7
0	0	0	0	1	526706258	7
0	0	0	0	1	1204416345	12
0	0	0	0	1	1482704002	9
0	0	0	0	1	1197888307	7
0	0	0	0	1	823218240	15
0	0	0	0	1	443318754	16
0	0	0	0	1	589756637	7
0	0	0	0	1	751913992	12
0	0	0	0	1	1496247710	12
0	0	0	0	1	1932007779	9
0	0	0	0	1	1131673855	4
0	0	0	0	1	1939628090	9
0	0	0	0	1	1517457761	15
0	0	0	0	1	886916515	13
0	0	0	0	1	902206673	8
0	0	0	0	1	886511619	23
0	0	0	0	1	820769902	10
0	0	0	0	1	902539764	9
0	0	0	0	1	2000000000	14
0	0	0	0	1	1564342961	8
0	0	0	0	1	818662516	8
0	0	0	0	1	1050228794	8
0	0	0	0	1	1128796946	12
0	6	758019211	6	3	366513164	6
0	0	0	0	1	525677614	16
0	0	0	0	1	756629376	10
0	0	0	0	1	595536124	13
0	0	0	0	1	1353103439	13
0	0	0	0	1	1576584279	8
0	0	0	0	1	2000000000	13
0	0	0	0	1	523374003	12
0	0	0	0	1	672883577	13
0	0	0	0	1	1638159455	11
0	0	0	0	1	519518891	14
0	0	0	0	1	668666671	6
0	0	0	0	1	674099377	9
0	0	0	0	1	1048048295	8
0	0	0	0	1	2230869290	7
0	0	0	0	1	1342629667	14
0	0	0	0	1	1043694752	11
0	0	0	0	1	1115553699	8
0	0	0	0	1	512247559	8
0	10	1281445206	13	13	2000000000	12
0	0	0	0	1	667236976	6
0	0	0	0	1	899534827	14
0	0	0	0	1	1420810828	5
0	0	0	0	1	1792188828	10
0	0	0	0	1	1875188435	7
0	0	0	0	1	1199518688	9
0	0	0	0	1	970222706	10
0	0	0	0	1	896566304	13
0	0	0	0	1	968705354	9
0	0	0	0	1	591912282	9
0	0	0	0	1	1261772857	12
0	0	0	0	1	1257166925	9
0	0	0	0	1	1338125014	8
0	0	0	0	1	825700122	8
0	0	0	0	1	898990876	15
0	0	0	0	1	1341094148	9
0	0	0	0	1	595358869	7
0	0	0	0	1	750358832	13
0	0	0	0	1	1125265058	18
0	0	0	0	1	673852853	10
0	0	0	0	1	812106824	7
0	0	0	0	1	1503829133	10
0	0	0	0	1	1186681150	6
0	0	0	0	1	455639722	9
0	0	0	0	1	1561762298	11
0	0	0	0	1	2000000000	0
0	0	0	0	1	449206684	13
0	10	1004444435	84	61	147698140	10
0	0	0	0	1	458173304	9
0	0	0	0	1	905980145	14
0	0	0	0	1	821706937	10
0	0	0	0	1	2085896149	11
0	0	0	0	1	817346329	10
0	0	0	0	1	1275497136	13
0	0	0	0	1	370048597	10
0	0	0	0	1	1353347116	15
0	2	449611469	2	1	2000000000	13
0	0	0	0	1	974377524	10
0	0	0	0	1	1511423232	13
0	0	0	0	1	1117664146	13
0	0	0	0	1	1493035948	15
0	0	0	0	1	605962303	10
0	0	0	0	1	519033632	8
0	0	0	0	1	673952485	12
0	0	0	0	1	1045864424	11
0	0	0	0	1	1191096093	13
0	0	0	0	1	2000000000	13
0	0	0	0	1	1574805644	11
0	0	0	0	1	596451134	11
0	0	0	0	1	1426404788	7
0	0	0	0	1	1571781571	7
0	0	0	0	1	2000000000	0
0	0	0	0	1	373523407	6
0	0	0	0	1	1272143741	11
0	0	0	0	1	1105624381	4
0	0	0	0	1	674770978	8
0	0	0	0	1	1263472345	9
0	11	1346144419	256	214	2000000000	11
0	0	0	0	1	608554181	13
0	0	0	0	1	1039844351	11
0	0	0	0	1	1577053752	5
0	3	306064339	3	2	617176879	6
0	0	0	0	1	1273230369	12
0	0	0	0	1	1262208564	13
0	0	0	0	1	1049582843	14
0	0	0	0	1	815974634	10
0	0	0	0	1	1487312705	10
0	0	0	0	1	375018572	8
0	0	0	0	1	749522638	5
0	0	0	0	1	1883238272	12
0	0	0	0	1	1123114243	13
0	0	0	0	1	1441233193	3
0	0	0	0	1	1194249966	13
0	0	0	0	1	737976005	7
0	0	0	0	1	901632614	8
0	0	0	0	1	1423231828	9
0	0	0	0	1	598468391	12
0	0	0	0	1	1042673677	5
0	0	0	0	1	902851994	13
0	0	0	0	1	677500738	15
0	0	0	0	1	1198838782	12
0	0	0	0	1	973107796	8
0	0	0	0	1	1352159957	8
0	0	0	0	1	905870728	7
0	0	0	0	1	450588794	13
0	0	0	0	1	674389180	7
0	0	0	0	1	1273417593	9
0	0	0	0	1	670091684	11
0	0	0	0	1	828689470	10
0	0	0	0	1	1050382703	13
0	0	0	0	1	597318204	13
0	0	0	0	1	1119718792	11
0	0	0	0	1	1278657254	11
0	0	0	0	1	1645655446	10
0	0	0	0	1	749139940	8
0	0	0	0	1	1633045581	11
0	0	0	0	1	1197557595	8
0	0	0	0	1	1120585429	10
0	0	0	0	1	761422751	15
0	0	0	0	1	825974585	9
0	12	1799297391	172	125	295686260	12
0	0	0	0	1	1427138583	10
0	0	0	0	1	1511635826	13
0	0	0	0	1	1425718085	5
0	9	1047731318	12	11	296661434	10
0	0	0	0	1	1345008111	6
0	0	0	0	1	596516849	12
0	13	1803291078	353	386	226532291	13
0	0	0	0	1	899926620	8
0	0	0	0	1	900964258	2
0	0	0	0	1	1340288346	9
0	0	0	0	1	603739221	12
0	0	0	0	1	2000000000	5
0	11	1261766729	249	208	221291861	11
0	11	1511768580	104	80	226195462	11
