0	0	0	0	1	1656791017	12
0	22	2602507240	350	350	437096135	22
0	0	0	0	1	1188238255	15
0	0	0	0	1	903040171	15
0	0	0	0	1	602509047	13
0	0	0	0	1	1575896208	17
0	0	0	0	1	974679417	15
0	0	0	0	1	530249159	13
0	0	0	0	1	595262685	15
0	0	0	0	1	1046644801	21
0	0	0	0	1	2000000000	27
0	0	0	0	1	982864709	22
0	0	0	0	1	897617824	22
0	0	0	0	1	1196541237	25
0	0	0	0	1	1033155537	23
0	0	0	0	1	748806706	19
0	0	0	0	1	901817611	22
0	0	0	0	1	608443418	19
0	0	0	0	1	820309714	25
0	0	0	0	1	1051542269	21
0	0	0	0	1	1272389108	22
0	0	0	0	1	1130991853	19
0	0	0	0	1	524593162	27
0	0	0	0	1	1049531174	17
0	0	0	0	1	907288318	26
0	0	0	0	1	1208781784	24
0	0	0	0	1	819180212	22
0	0	0	0	1	1201049999	17
0	21	5195184112	338	416	149193645	21
0	0	0	0	1	594195224	15
0	0	0	0	1	1495630253	14
0	0	0	0	1	1563519586	18
0	0	0	0	1	835659362	26
0	0	0	0	1	1345694661	26
0	0	0	0	1	520440158	20
0	0	0	0	1	679626219	21
0	0	0	0	1	1124728660	19
0	0	0	0	1	824592943	24
0	0	0	0	1	1651719917	17
0	0	0	0	1	1424015636	20
0	17	2346915666	355	368	222107553	17
0	0	0	0	1	304031307	32
0	0	0	0	1	1361253015	20
0	0	0	0	1	745317338	21
0	0	0	0	1	1037417234	28
0	0	0	0	1	442770868	20
0	0	0	0	1	678410405	24
0	0	0	0	1	820208641	29
0	10	1066048934	11	6	299005251	10
0	0	0	0	1	889342582	20
0	0	0	0	1	1726909657	16
0	0	0	0	1	1190241129	20
0	0	0	0	1	2000000000	25
0	0	0	0	1	1279715498	14
0	0	0	0	1	458492634	16
0	25	6005575828	366	400	2000000000	25
0	0	0	0	1	519491443	19
0	0	0	0	1	591226091	17
0	0	0	0	1	810420505	16
0	0	0	0	1	754705939	24
0	0	0	0	1	1130673954	15
0	0	0	0	1	448698776	19
0	21	3855118520	344	374	2000000000	21
0	0	0	0	1	751237551	21
0	15	4684881589	359	328	448631503	15
0	0	0	0	1	739184348	21
0	0	0	0	1	1417993590	23
0	0	0	0	1	823089072	17
0	0	0	0	1	760992384	18
0	0	0	0	1	904883473	14
0	0	0	0	1	1188558347	24
0	0	0	0	1	1581568467	22
0	0	0	0	1	1056043038	26
0	16	2717260937	319	279	2000000000	16
0	0	0	0	1	1108540415	20
0	0	0	0	1	451304461	18
0	0	0	0	1	908076383	29
0	0	0	0	1	1263328136	13
0	0	0	0	1	525024703	27
0	0	0	0	1	364334615	17
0	12	5228820347	202	151	593969740	12
0	0	0	0	1	1416063767	28
0	0	0	0	1	374870522	24
0	24	4949940154	294	491	361806092	24
0	0	0	0	1	1063347704	13
0	0	0	0	1	374018111	13
0	0	0	0	1	524631680	15
0	0	0	0	1	896933896	19
0	0	0	0	1	809303413	17
0	0	0	0	1	2000000000	14
0	0	0	0	1	1187262393	14
0	0	0	0	1	673154847	27
0	0	0	0	1	680809249	29
0	0	0	0	1	971541332	15
0	0	0	0	1	512738443	18
0	28	6840054720	357	402	448219651	28
0	0	0	0	1	599824115	17
0	0	0	0	1	2000000000	31
0	0	0	0	1	741207723	27
0	0	0	0	1	590841554	19
0	0	0	0	1	1193124749	24
0	0	0	0	1	831730661	13
0	0	0	0	1	827203780	19
0	0	0	0	1	827452266	24
0	0	0	0	1	514462087	19
0	0	0	0	1	672797034	25
0	0	0	0	1	1269152366	21
0	0	0	0	1	2000000000	21
0	0	0	0	1	756180881	25
0	0	0	0	1	595401528	18
0	0	0	0	1	834396163	35
0	0	0	0	1	598835136	13
0	0	0	0	1	1418552188	15
0	0	0	0	1	975937825	16
0	0	0	0	1	676756256	20
0	9	1109380946	11	11	295653045	12
0	0	0	0	1	1275831970	21
0	0	0	0	1	1050878482	23
0	0	0	0	1	1058018691	18
0	0	0	0	1	821502713	23
0	0	0	0	1	1037116681	19
0	0	0	0	1	1338711239	23
0	0	0	0	1	1268900738	16
0	0	0	0	1	973261307	23
0	0	0	0	1	1418238703	30
0	0	0	0	1	590681888	18
0	0	0	0	1	1200717092	20
0	0	0	0	1	968869780	27
0	0	0	0	1	1043274982	17
0	0	0	0	1	1124607405	21
0	0	0	0	1	1430470041	20
0	0	0	0	1	528609838	35
0	0	0	0	1	375590048	19
0	0	0	0	1	1270616521	25
0	0	0	0	1	975120552	19
0	0	0	0	1	750930551	15
0	0	0	0	1	2000000000	18
0	0	0	0	1	819442720	21
0	0	0	0	1	600525432	19
0	0	0	0	1	1653085021	12
0	0	0	0	1	446209117	17
0	0	0	0	1	1351728073	19
0	18	3373018531	38	41	370791116	19
0	0	0	0	1	820573403	20
0	0	0	0	1	673807302	24
0	0	0	0	1	1351316044	23
0	0	0	0	1	742432691	27
0	0	0	0	1	1194959217	25
0	0	0	0	1	373682371	16
0	0	0	0	1	898285150	16
0	0	0	0	1	1499533270	17
0	0	0	0	1	593964362	11
0	0	0	0	1	1045653754	15
0	0	0	0	1	1423692997	31
0	0	0	0	1	1125921653	17
0	0	0	0	1	1348976449	26
0	0	0	0	1	1345041900	19
0	18	1965208771	276	214	2000000000	18
0	0	0	0	1	598415550	13
0	0	0	0	1	1505718611	16
0	0	0	0	1	603805586	16
0	0	0	0	1	881939030	20
0	24	9743842501	324	452	297065629	24
0	0	0	0	1	438782699	22
0	0	0	0	1	672884855	22
0	0	0	0	1	986641131	12
0	0	0	0	1	1800403415	18
0	0	0	0	1	1328241152	10
0	0	0	0	1	375379943	23
0	0	0	0	1	820871448	20
0	0	0	0	1	680325528	27
0	0	0	0	1	968811761	19
0	0	0	0	1	2000000000	15
0	0	0	0	1	1558319431	23
0	0	0	0	1	375035630	23
0	0	0	0	1	740148283	18
0	0	0	0	1	1138051643	17
0	0	0	0	1	2000000000	21
0	0	0	0	1	978089015	21
0	0	0	0	1	1042552434	21
0	0	0	0	1	1413941606	16
0	25	6487281578	324	544	375261959	25
0	24	3920365406	366	363	2000000000	24
0	0	0	0	1	1123932211	18
0	0	0	0	1	1199118884	26
0	0	0	0	1	533339832	25
0	0	0	0	1	1116877514	23
0	0	0	0	1	822226050	21
0	0	0	0	1	978854328	24
0	0	0	0	1	681380061	19
0	0	0	0	1	831856194	12
0	0	0	0	1	1184881746	19
0	0	0	0	1	443823360	28
0	0	0	0	1	898228215	18
0	0	0	0	1	1352557876	13
0	0	0	0	1	2000000000	27
0	0	0	0	1	822249558	19
0	0	0	0	1	1040287841	22
0	0	0	0	1	1644213937	22
0	0	0	0	1	883174142	21
0	0	0	0	1	665652956	13
0	0	0	0	1	668107938	23
0	0	0	0	1	594730705	21
0	0	0	0	1	1573379559	24
0	0	0	0	1	1120169059	17
0	0	0	0	1	738645628	21
0	0	0	0	1	1876308427	22
0	0	0	0	1	1118847830	24
0	0	0	0	1	519310629	20
0	0	0	0	1	970404124	24
0	0	0	0	1	973506896	33
0	26	6350284477	352	398	2000000000	26
0	0	0	0	1	1192545133	19
0	0	0	0	1	755735255	30
0	0	0	0	1	900221224	18
0	0	0	0	1	607422954	24
0	0	0	0	1	1585982896	19
0	0	0	0	1	970431664	16
0	0	0	0	1	1567184344	28
0	0	0	0	1	976371403	15
0	0	0	0	1	827637233	23
0	0	0	0	1	749897676	20
0	0	0	0	1	521978050	14
0	0	0	0	1	2000000000	18
0	0	0	0	1	682009581	20
0	19	2247226839	78	71	2000000000	19
0	0	0	0	1	904624773	11
0	0	0	0	1	1334281949	22
0	33	12277365150	329	581	301075933	33
0	0	0	0	1	880736250	11
0	0	0	0	1	1207725195	23
0	0	0	0	1	903461198	14
0	0	0	0	1	1800978583	22
0	0	0	0	1	1352929828	18
0	0	0	0	1	590571445	16
0	0	0	0	1	525158548	28
0	0	0	0	1	1717168948	23
0	0	0	0	1	516667280	22
0	0	0	0	1	675274460	20
0	19	2715937877	341	404	2000000000	19
0	0	0	0	1	1051620059	25
0	29	8740898888	353	436	2000000000	29
0	0	0	0	1	1187464721	17
0	0	0	0	1	2168169659	16
0	0	0	0	1	1049778478	18
0	0	0	0	1	755037588	22
0	0	0	0	1	1102139787	21
0	0	0	0	1	974770558	22
0	0	0	0	1	516184380	21
0	0	0	0	1	441833182	19
0	0	0	0	1	902056079	31
0	16	7130808013	354	365	296530285	16
0	0	0	0	1	902719445	25
0	0	0	0	1	982312927	18
0	0	0	0	1	1192759129	22
0	0	0	0	1	1868141112	19
0	0	0	0	1	828318621	18
0	0	0	0	1	522575304	21
0	0	0	0	1	2000000000	21
0	0	0	0	1	2000000000	27
0	0	0	0	1	1417338611	14
0	0	0	0	1	744651536	25
0	0	0	0	1	604407228	21
0	0	0	0	1	669199829	20
0	0	0	0	1	969625535	18
0	0	0	0	1	1041179411	24
0	0	0	0	1	821867108	20
0	0	0	0	1	2000000000	23
0	0	0	0	1	600625201	17
0	0	0	0	1	831105577	29
0	0	0	0	1	1277880013	22
0	0	0	0	1	1200372310	20
0	0	0	0	1	1275805109	19
0	0	0	0	1	1268909828	21
0	0	0	0	1	1344270456	20
0	0	0	0	1	753552888	16
0	0	0	0	1	1124944323	17
0	0	0	0	1	517125477	20
0	0	0	0	1	526357167	11
0	0	0	0	1	889912041	23
0	23	9079589354	354	383	810523050	23
0	0	0	0	1	741951262	17
0	0	0	0	1	1121179632	21
0	0	0	0	1	372305893	17
0	0	0	0	1	1038432932	22
0	0	0	0	1	1352888693	17
0	0	0	0	1	591210932	10
0	22	4480879956	341	330	367214564	22
0	0	0	0	1	1347852328	14
0	0	0	0	1	511677843	20
0	0	0	0	1	807095981	30
0	0	0	0	1	1041894779	11
0	0	0	0	1	2000000000	25
0	19	2402465803	325	382	370018765	19
0	0	0	0	1	590799045	21
0	0	0	0	1	824197547	30
0	0	0	0	1	895548061	21
0	18	6544893881	337	652	367035107	18
0	19	2720531232	343	398	378763362	19
0	0	0	0	1	1705614608	20
0	0	0	0	1	745652621	21
0	0	0	0	1	376598273	21
0	0	0	0	1	1429798767	20
0	0	0	0	1	2000000000	30
0	0	0	0	1	1122962131	18
0	0	0	0	1	901677281	18
0	0	0	0	1	673061558	16
0	0	0	0	1	965004068	16
0	0	0	0	1	816725446	18
0	0	0	0	1	1051762505	13
0	0	0	0	1	674167154	22
0	0	0	0	1	896683879	23
0	0	0	0	1	1345514270	21
0	0	0	0	1	911449256	22
0	0	0	0	1	744417168	24
0	0	0	0	1	891373624	23
0	0	0	0	1	892508815	23
0	0	0	0	1	826779374	19
0	0	0	0	1	749233165	18
0	0	0	0	1	1420500034	27
0	0	0	0	1	1725702277	24
0	0	0	0	1	890022116	22
0	0	0	0	1	1428382000	23
0	18	3638266748	346	420	297005879	18
0	0	0	0	1	672774882	27
0	13	1727874088	342	367	296894917	13
0	0	0	0	1	1726692228	27
0	15	2700066072	289	230	2000000000	15
0	0	0	0	1	1407158243	27
0	0	0	0	1	815423897	23
0	0	0	0	1	1047045376	12
0	0	0	0	1	1177204863	24
0	0	0	0	1	1719354359	25
0	0	0	0	1	672232632	25
0	0	0	0	1	526223541	17
0	0	0	0	1	1500743384	14
0	0	0	0	1	370167678	26
0	0	0	0	1	2000000000	23
0	0	0	0	1	602195597	18
0	0	0	0	1	369410418	23
0	0	0	0	1	1034377250	20
0	0	0	0	1	1661886392	15
0	0	0	0	1	666318939	27
0	0	0	0	1	668275541	19
0	0	0	0	1	518556365	25
0	0	0	0	1	1563622057	23
0	0	0	0	1	534794170	14
0	0	0	0	1	741212755	20
0	0	0	0	1	1120669499	24
0	0	0	0	1	2000000000	23
0	0	0	0	1	903568732	25
0	0	0	0	1	917477867	29
0	0	0	0	1	593093021	21
0	0	0	0	1	750546775	22
0	0	0	0	1	1412441614	19
0	0	0	0	1	1034911101	25
0	0	0	0	1	599764467	25
0	0	0	0	1	678216292	31
0	0	0	0	1	1345276448	25
0	0	0	0	1	589026799	16
0	0	0	0	1	378226384	19
0	0	0	0	1	681119258	21
0	0	0	0	1	1498157309	18
0	0	0	0	1	661218443	23
0	0	0	0	1	667420951	26
0	0	0	0	1	807822523	28
0	0	0	0	1	598062624	18
0	0	0	0	1	1339936692	18
0	0	0	0	1	893382550	18
0	0	0	0	1	979763062	18
0	0	0	0	1	1338687754	17
0	0	0	0	1	371824776	23
0	0	0	0	1	891188210	13
0	0	0	0	1	741167275	21
0	0	0	0	1	745852538	10
0	0	0	0	1	1047343645	22
0	0	0	0	1	603022628	27
0	0	0	0	1	731305623	21
0	0	0	0	1	672192800	20
0	0	0	0	1	1496135043	20
0	22	6793725405	345	384	2000000000	22
0	0	0	0	1	1201131130	17
0	23	4663994464	321	390	303206338	23
0	0	0	0	1	815948821	15
0	0	0	0	1	968744745	21
0	14	2390433414	326	295	226818361	14
0	0	0	0	1	1342917283	16
0	0	0	0	1	823443813	28
0	0	0	0	1	1197526435	13
0	0	0	0	1	598006100	25
0	0	0	0	1	981164504	15
0	0	0	0	1	1340482234	20
0	0	0	0	1	1135412535	19
0	0	0	0	1	813713939	27
0	0	0	0	1	1419593641	16
0	0	0	0	1	1045233770	22
0	0	0	0	1	1190434583	19
0	23	7151285009	334	503	2000000000	23
0	26	6413945994	307	495	297520862	26
0	0	0	0	1	1115983542	17
0	0	0	0	1	679850061	10
0	0	0	0	1	599135700	21
0	0	0	0	1	1356259776	19
0	0	0	0	1	747946277	12
0	0	0	0	1	664921776	21
0	0	0	0	1	1127182096	27
0	0	0	0	1	1113505736	24
0	0	0	0	1	1554390296	22
0	0	0	0	1	521152376	18
0	0	0	0	1	675869960	29
0	0	0	0	1	972259583	24
0	0	0	0	1	962871711	19
0	0	0	0	1	1721185004	22
0	0	0	0	1	366296612	25
0	0	0	0	1	749790227	28
0	0	0	0	1	1130080210	14
0	0	0	0	1	375246492	10
0	0	0	0	1	1266780658	17
0	0	0	0	1	1417388725	14
0	0	0	0	1	669865062	17
0	0	0	0	1	820921604	22
0	0	0	0	1	1057229522	25
0	0	0	0	1	1034500740	20
0	0	0	0	1	2000000000	15
0	0	0	0	1	902331974	26
0	0	0	0	1	602062669	22
0	0	0	0	1	593469038	22
0	0	0	0	1	1348316649	24
0	0	0	0	1	363603914	15
0	0	0	0	1	1809504586	31
0	0	0	0	1	1647891483	31
0	0	0	0	1	978961264	20
0	0	0	0	1	1000734373	13
0	0	0	0	1	824111712	16
0	0	0	0	1	1266303967	17
0	0	0	0	1	970449920	29
0	0	0	0	1	1253075559	19
0	0	0	0	1	1105208970	27
0	21	2835490801	352	391	513966817	21
0	0	0	0	1	671319334	22
0	0	0	0	1	1268428971	21
0	0	0	0	1	749054731	21
0	0	0	0	1	1056294374	17
0	0	0	0	1	974331095	23
0	0	0	0	1	982315560	17
0	0	0	0	1	1421559211	27
0	0	0	0	1	1411099684	18
0	24	5443305215	66	61	2000000000	24
0	0	0	0	1	986519531	16
0	0	0	0	1	971473299	21
0	0	0	0	1	739463500	22
0	0	0	0	1	1568102890	16
0	0	0	0	1	743262438	20
0	0	0	0	1	1417792669	30
0	0	0	0	1	669905697	21
0	0	0	0	1	1497873870	17
0	0	0	0	1	820566092	14
0	0	0	0	1	821833188	19
0	0	0	0	1	2000000000	22
0	0	0	0	1	983397647	20
0	0	0	0	1	746774502	25
0	0	0	0	1	978210434	22
0	0	0	0	1	1048506505	17
0	0	0	0	1	896646887	21
0	0	0	0	1	1198495064	19
0	0	0	0	1	606353337	20
0	0	0	0	1	373797218	19
0	0	0	0	1	592077638	13
0	17	4125105416	337	379	369234822	17
0	0	0	0	1	2000000000	20
0	0	0	0	1	1040133917	15
0	0	0	0	1	1188723842	18
0	0	0	0	1	1509375188	23
0	0	0	0	1	976412558	26
0	16	1757895902	36	28	1390020379	16
0	0	0	0	1	744329092	19
0	0	0	0	1	979193040	18
0	0	0	0	1	680025810	25
0	0	0	0	1	1120627558	15
0	0	0	0	1	1117746399	17
0	0	0	0	1	903741019	16
0	0	0	0	1	1203669152	26
0	0	0	0	1	893509247	24
0	0	0	0	1	1271623427	24
0	0	0	0	1	1486604863	23
0	0	0	0	1	1138583817	20
0	0	0	0	1	1131269985	27
0	0	0	0	1	1261847781	9
0	0	0	0	1	972639048	15
0	0	0	0	1	1413207307	15
0	0	0	0	1	888556542	20
0	0	0	0	1	1269942264	14
0	0	0	0	1	1278676370	14
0	0	0	0	1	825420391	17
0	0	0	0	1	1491796100	18
0	0	0	0	1	526571817	26
0	0	0	0	1	1345941834	22
0	0	0	0	1	1045926488	15
0	0	0	0	1	1721691311	23
0	0	0	0	1	1206010229	15
0	0	0	0	1	447879256	19
0	0	0	0	1	964658169	22
0	0	0	0	1	978127530	22
0	0	0	0	1	1414791954	19
0	0	0	0	1	454433220	14
0	18	2861864062	344	435	367154731	18
0	0	0	0	1	1191796555	27
0	0	0	0	1	1354128862	20
0	0	0	0	1	1197752273	22
0	0	0	0	1	1725675421	23
0	0	0	0	1	1486130077	23
0	0	0	0	1	1629092100	22
0	0	0	0	1	752675207	18
0	0	0	0	1	1426921954	17
0	0	0	0	1	1197931489	17
0	0	0	0	1	1196945994	21
0	0	0	0	1	972094014	22
0	0	0	0	1	447195704	21
0	0	0	0	1	973506896	33
0	0	0	0	1	2000000000	25
0	0	0	0	1	379285396	13
0	0	0	0	1	1574448958	23
0	0	0	0	1	1035677060	18
0	0	0	0	1	529177018	28
0	0	0	0	1	1273678496	24
0	0	0	0	1	1049995565	24
0	0	0	0	1	891088364	9
0	0	0	0	1	823638633	15
0	11	1115004092	11	9	291470093	12
0	0	0	0	1	1189765006	17
0	0	0	0	1	756466883	26
0	0	0	0	1	1353557584	14
0	0	0	0	1	977243635	14
0	0	0	0	1	520035366	12
0	0	0	0	1	603349087	24
0	0	0	0	1	1653363456	21
0	0	0	0	1	1030694384	21
0	0	0	0	1	665336445	18
0	0	0	0	1	677604550	22
0	12	2010128994	51	37	515943544	18
0	0	0	0	1	603352230	22
0	0	0	0	1	1185473291	23
0	0	0	0	1	446986155	16
0	0	0	0	1	1801555314	21
0	0	0	0	1	668622041	13
0	0	0	0	1	814800005	22
0	0	0	0	1	1274648334	24
0	0	0	0	1	971130060	24
0	0	0	0	1	1427046761	19
0	0	0	0	1	1130728977	28
0	0	0	0	1	1435812828	12
0	0	0	0	1	674580026	33
0	0	0	0	1	1216789037	19
0	0	0	0	1	452468499	17
0	0	0	0	1	1047195936	18
0	0	0	0	1	596770048	17
0	0	0	0	1	667713133	18
0	0	0	0	1	375388744	15
0	0	0	0	1	1120814962	23
0	0	0	0	1	1333725309	19
0	0	0	0	1	1044109581	18
0	0	0	0	1	1572327316	21
0	0	0	0	1	821038957	27
0	0	0	0	1	2000000000	22
0	0	0	0	1	756968380	26
0	0	0	0	1	1645843125	27
0	0	0	0	1	971268834	17
0	0	0	0	1	1126188202	23
0	0	0	0	1	678358337	16
0	23	7314546124	339	475	289940853	23
0	0	0	0	1	898791686	13
0	0	0	0	1	1414277867	20
0	0	0	0	1	1493623796	17
0	0	0	0	1	1189870036	27
0	0	0	0	1	1052352433	20
0	16	1900105522	21	19	444144574	17
0	0	0	0	1	675846244	13
0	0	0	0	1	1053702390	23
0	26	3921120885	348	383	307526312	26
0	0	0	0	1	816607171	21
0	0	0	0	1	527898282	19
0	0	0	0	1	526980678	17
0	0	0	0	1	1045989776	25
0	0	0	0	1	516372731	24
0	0	0	0	1	743290303	24
0	0	0	0	1	532626733	22
0	0	0	0	1	1120123996	25
0	0	0	0	1	1659034182	23
0	0	0	0	1	1574355210	20
0	0	0	0	1	682790906	19
0	0	0	0	1	896502647	15
0	0	0	0	1	1423637332	28
0	0	0	0	1	810133299	33
0	0	0	0	1	1209117557	34
0	0	0	0	1	1207137112	21
0	0	0	0	1	1117362710	17
0	0	0	0	1	2000000000	27
0	0	0	0	1	606226726	22
0	0	0	0	1	899658471	24
0	15	4389379653	311	289	591453700	15
0	0	0	0	1	1356593550	24
0	0	0	0	1	1200020502	28
0	0	0	0	1	1201359912	16
0	0	0	0	1	1118971570	17
0	0	0	0	1	448478858	16
0	0	0	0	1	1198666035	22
0	0	0	0	1	451719026	32
0	0	0	0	1	965366773	16
0	0	0	0	1	746205337	16
0	0	0	0	1	670400291	21
0	0	0	0	1	1502030051	12
0	0	0	0	1	1501303622	16
0	0	0	0	1	1425138137	19
0	0	0	0	1	966135269	20
0	0	0	0	1	1209541186	15
0	0	0	0	1	534091053	25
0	0	0	0	1	1058039687	23
0	0	0	0	1	1275322864	19
0	0	0	0	1	597031545	23
0	0	0	0	1	1492446135	28
0	0	0	0	1	984810312	16
0	0	0	0	1	374993976	25
0	0	0	0	1	605617687	16
0	0	0	0	1	1558472831	27
0	0	0	0	1	1416977298	19
0	0	0	0	1	518785649	13
0	25	5006250838	359	338	447962319	25
0	0	0	0	1	602794631	17
0	0	0	0	1	1122497193	31
0	0	0	0	1	1410834506	25
0	0	0	0	1	1404355520	25
0	0	0	0	1	440963656	15
0	0	0	0	1	1122038742	16
0	23	4674320037	324	478	224155876	23
0	0	0	0	1	742755318	14
0	0	0	0	1	523194306	22
0	0	0	0	1	749384689	24
0	0	0	0	1	899204334	22
0	0	0	0	1	1268906508	17
0	22	5122405337	352	456	297431636	22
0	0	0	0	1	1342554852	23
0	0	0	0	1	1203805718	20
0	0	0	0	1	909979694	20
0	0	0	0	1	440323447	19
0	0	0	0	1	1034556425	15
0	0	0	0	1	892360650	17
0	29	11306301569	358	476	221354691	29
0	0	0	0	1	517314934	18
0	0	0	0	1	1259483066	20
0	0	0	0	1	966999662	20
0	0	0	0	1	899269550	27
0	0	0	0	1	752434969	20
0	0	0	0	1	752300619	16
0	0	0	0	1	595048341	15
0	0	0	0	1	516594618	24
0	0	0	0	1	1355166231	20
0	0	0	0	1	902120127	21
0	0	0	0	1	746294836	21
0	17	2438699551	352	431	739721518	17
0	0	0	0	1	599925161	20
0	0	0	0	1	527512062	26
0	13	2565637999	29	25	226085853	13
0	0	0	0	1	895627374	27
0	0	0	0	1	1427870941	21
0	0	0	0	1	1041853519	17
0	0	0	0	1	661109146	24
0	0	0	0	1	898576065	31
0	0	0	0	1	1810634476	19
0	0	0	0	1	672974073	27
0	0	0	0	1	818066839	21
0	0	0	0	1	1344738984	20
0	0	0	0	1	1417048797	17
0	0	0	0	1	1435984247	15
0	0	0	0	1	830602096	29
0	0	0	0	1	678686602	21
0	0	0	0	1	2012443916	21
0	21	4363341486	339	484	2000000000	21
0	0	0	0	1	1353094743	16
0	0	0	0	1	830209059	15
0	0	0	0	1	516168417	26
0	0	0	0	1	446039010	25
0	0	0	0	1	1124602896	12
0	0	0	0	1	980086481	27
0	0	0	0	1	449532503	15
0	0	0	0	1	742296393	19
0	0	0	0	1	821777053	18
0	0	0	0	1	1044219584	21
0	0	0	0	1	1368953769	14
0	21	1961986540	60	50	298817907	21
0	0	0	0	1	1259326587	12
0	0	0	0	1	593726300	23
0	0	0	0	1	1799800230	18
0	0	0	0	1	986452585	14
0	0	0	0	1	735698348	29
0	0	0	0	1	677258250	15
0	0	0	0	1	826494233	10
0	0	0	0	1	1417965354	16
0	0	0	0	1	1280802190	17
0	0	0	0	1	826222831	14
0	0	0	0	1	2000000000	22
0	0	0	0	1	443372727	24
0	0	0	0	1	604657538	19
0	0	0	0	1	447436495	17
0	0	0	0	1	1048341617	17
0	0	0	0	1	1494766300	28
0	0	0	0	1	750782850	17
0	0	0	0	1	667739393	19
0	0	0	0	1	1281461497	17
0	0	0	0	1	2000000000	20
0	0	0	0	1	2000000000	29
0	0	0	0	1	1123998191	17
0	0	0	0	1	1127135922	29
0	0	0	0	1	1195360117	27
0	0	0	0	1	825418060	16
0	0	0	0	1	1122796255	23
0	0	0	0	1	1281231292	22
0	0	0	0	1	1717166006	13
0	0	0	0	1	1118881438	21
0	0	0	0	1	1202195793	19
0	0	0	0	1	973403928	15
0	0	0	0	1	1416749939	16
0	0	0	0	1	1055199969	17
0	0	0	0	1	1118869164	26
0	0	0	0	1	1417028310	23
0	0	0	0	1	971783226	19
0	0	0	0	1	1790803964	21
0	0	0	0	1	820158621	21
0	0	0	0	1	1042331424	22
0	0	0	0	1	965161357	22
0	0	0	0	1	1574666223	20
0	0	0	0	1	1340873322	16
0	0	0	0	1	1427180529	26
0	0	0	0	1	894220898	26
0	0	0	0	1	1111915974	19
0	0	0	0	1	814791663	23
0	0	0	0	1	1043363733	24
0	0	0	0	1	595006744	20
0	0	0	0	1	1196130778	17
0	0	0	0	1	1430452522	28
0	24	5431668129	339	472	2000000000	24
0	0	0	0	1	1037580708	26
0	0	0	0	1	1339216163	11
0	0	0	0	1	746639321	25
0	0	0	0	1	1654150757	31
0	0	0	0	1	973192895	23
0	0	0	0	1	1857355219	14
0	0	0	0	1	600771489	23
0	0	0	0	1	1114387638	22
0	0	0	0	1	894918250	24
0	0	0	0	1	374902353	21
0	24	2913958757	140	136	216342090	24
0	0	0	0	1	1650049719	16
0	0	0	0	1	755531346	22
0	30	7511070022	348	472	442814135	30
0	0	0	0	1	822559479	17
0	0	0	0	1	754628092	19
0	0	0	0	1	1044111788	26
0	0	0	0	1	1344079521	18
0	0	0	0	1	975359555	17
0	0	0	0	1	2000000000	23
0	0	0	0	1	513810041	20
0	0	0	0	1	898056543	24
0	21	6550351284	335	443	2000000000	21
0	13	1278222713	14	12	2000000000	16
0	0	0	0	1	1718017054	26
0	0	0	0	1	959979358	20
0	0	0	0	1	1347492449	16
0	0	0	0	1	1127399682	25
0	0	0	0	1	899077525	20
0	18	2695547289	58	51	365621616	18
0	0	0	0	1	449903503	16
0	0	0	0	1	1273523910	27
0	0	0	0	1	1116024591	14
0	0	0	0	1	598850519	14
0	0	0	0	1	598380320	16
0	0	0	0	1	666529590	22
0	0	0	0	1	974458942	11
0	0	0	0	1	520416224	20
0	0	0	0	1	450759751	20
0	0	0	0	1	818271266	14
0	0	0	0	1	758385951	20
0	10	1274831230	12	11	374774845	11
0	0	0	0	1	1046931215	20
0	0	0	0	1	1052357630	15
0	0	0	0	1	1410429753	11
0	0	0	0	1	587336680	16
0	0	0	0	1	747129856	25
0	0	0	0	1	1344708727	11
0	0	0	0	1	522159268	17
0	25	7251162881	383	447	447936489	25
0	0	0	0	1	1197520294	14
0	0	0	0	1	890452896	26
0	0	0	0	1	523043318	14
0	0	0	0	1	818788226	19
0	0	0	0	1	910829299	27
0	0	0	0	1	1036350326	18
0	0	0	0	1	1283682788	22
0	0	0	0	1	447049792	24
0	0	0	0	1	598096568	22
0	0	0	0	1	825275908	19
0	0	0	0	1	1943262461	15
0	0	0	0	1	824243092	21
0	0	0	0	1	669004702	16
0	0	0	0	1	2000000000	14
0	0	0	0	1	1426022522	24
0	0	0	0	1	1422524131	29
0	0	0	0	1	456140723	20
0	0	0	0	1	376742857	23
0	0	0	0	1	1041015055	23
0	0	0	0	1	830723826	17
0	0	0	0	1	1130801907	24
0	0	0	0	1	1271753543	19
0	0	0	0	1	1205451777	20
0	0	0	0	1	1495901646	28
0	0	0	0	1	522419549	22
0	0	0	0	1	1252003250	14
0	0	0	0	1	1123317835	32
0	0	0	0	1	822695130	23
0	0	0	0	1	1033347161	17
0	0	0	0	1	441801053	18
0	16	2101499805	159	130	2000000000	16
0	0	0	0	1	971281276	23
0	0	0	0	1	1210344217	16
0	0	0	0	1	1650231585	23
0	0	0	0	1	1795117396	17
0	0	0	0	1	1054374968	22
0	0	0	0	1	821088856	18
0	0	0	0	1	1118832901	22
0	0	0	0	1	1481243186	20
0	0	0	0	1	1271659906	24
0	0	0	0	1	895287635	23
0	0	0	0	1	455368486	25
0	19	2161646819	223	188	372603401	19
0	0	0	0	1	516633742	18
0	0	0	0	1	753591522	28
0	0	0	0	1	900607070	16
0	0	0	0	1	1649719096	23
0	0	0	0	1	750049657	20
0	0	0	0	1	893135987	19
0	0	0	0	1	1048278540	21
0	0	0	0	1	1209736525	18
0	0	0	0	1	1193447291	27
0	0	0	0	1	749779663	16
0	21	5127419786	354	387	298529950	21
0	0	0	0	1	1206396161	30
0	0	0	0	1	1666481064	20
0	14	1531631590	330	394	461373578	14
0	0	0	0	1	1126209974	17
0	0	0	0	1	968547360	21
0	0	0	0	1	1187905358	23
0	0	0	0	1	755460170	20
0	0	0	0	1	1540188209	24
0	19	3092089003	317	471	299833261	19
0	0	0	0	1	596573933	17
0	0	0	0	1	370150502	20
0	0	0	0	1	975982254	16
0	0	0	0	1	375754339	29
0	0	0	0	1	1259181181	13
0	0	0	0	1	1111961643	14
0	0	0	0	1	828064499	20
0	0	0	0	1	367751229	12
0	0	0	0	1	1573955213	24
0	0	0	0	1	2000000000	20
0	0	0	0	1	896818212	17
0	0	0	0	1	910021790	23
0	0	0	0	1	963405164	20
0	0	0	0	1	977653495	20
0	0	0	0	1	1122953649	25
0	0	0	0	1	911736445	16
0	0	0	0	1	591114344	19
0	0	0	0	1	1181048604	19
0	0	0	0	1	741484098	20
0	0	0	0	1	1203242025	28
0	0	0	0	1	1274590326	26
0	0	0	0	1	817322704	25
0	0	0	0	1	2000000000	22
0	0	0	0	1	746215275	19
0	0	0	0	1	748836166	28
0	0	0	0	1	891296395	23
0	18	2478201543	250	222	2000000000	18
0	0	0	0	1	979978595	18
0	0	0	0	1	438124792	17
0	0	0	0	1	814550360	15
0	0	0	0	1	2000000000	25
0	0	0	0	1	602803362	16
0	0	0	0	1	1352524189	18
0	0	0	0	1	376816260	17
0	0	0	0	1	1415442384	13
0	0	0	0	1	898303471	21
0	0	0	0	1	1190859904	20
0	0	0	0	1	816107942	19
0	0	0	0	1	1120816666	21
0	0	0	0	1	1494293932	26
0	0	0	0	1	830890639	19
0	0	0	0	1	900065059	29
0	0	0	0	1	440806113	21
0	0	0	0	1	1431363335	21
0	0	0	0	1	521182324	12
0	0	0	0	1	1188257041	24
0	0	0	0	1	1132544319	20
0	0	0	0	1	967230789	19
0	0	0	0	1	1875120858	20
0	0	0	0	1	1504131677	9
0	0	0	0	1	910442315	22
0	0	0	0	1	1398740060	18
0	0	0	0	1	2000000000	18
0	0	0	0	1	1046535973	21
0	0	0	0	1	746640600	24
0	0	0	0	1	2000000000	18
0	0	0	0	1	1045897566	19
0	0	0	0	1	668438000	21
0	0	0	0	1	1186062847	17
0	0	0	0	1	452913475	22
0	0	0	0	1	742760364	18
0	0	0	0	1	743164670	19
0	0	0	0	1	607859031	25
0	0	0	0	1	974096020	13
0	18	4410960546	355	392	148878012	18
0	0	0	0	1	979589840	16
0	0	0	0	1	455124281	23
0	0	0	0	1	913898710	23
0	0	0	0	1	896761912	15
0	0	0	0	1	452278634	28
0	0	0	0	1	734368883	16
0	0	0	0	1	1176353008	21
0	0	0	0	1	1423315873	26
0	0	0	0	1	377911082	11
0	0	0	0	1	1345321994	15
0	0	0	0	1	827241790	28
0	0	0	0	1	1333285278	14
0	14	1875322261	337	366	2000000000	14
0	0	0	0	1	1551503524	15
0	0	0	0	1	1496911730	20
0	0	0	0	1	893802982	22
0	0	0	0	1	1502805409	20
0	0	0	0	1	973271325	23
0	0	0	0	1	1053152553	23
0	0	0	0	1	1348196018	12
0	0	0	0	1	1353665658	18
0	0	0	0	1	893779837	22
0	0	0	0	1	1113677283	23
0	0	0	0	1	1042290996	25
0	0	0	0	1	749597445	19
0	0	0	0	1	896591096	28
0	0	0	0	1	1025549098	19
0	0	0	0	1	667724016	24
0	0	0	0	1	1207331822	23
0	0	0	0	1	1258081734	17
0	0	0	0	1	601129446	7
0	0	0	0	1	1049462565	20
0	0	0	0	1	1262886430	19
0	0	0	0	1	1044293315	24
0	0	0	0	1	976414813	21
0	0	0	0	1	526189945	21
0	0	0	0	1	1124903699	21
0	0	0	0	1	908056038	22
0	0	0	0	1	599158392	27
0	0	0	0	1	1033557629	17
0	28	3746597850	342	413	375371738	28
0	0	0	0	1	446825307	18
0	0	0	0	1	751559254	19
0	0	0	0	1	1272530097	18
0	0	0	0	1	528970973	17
0	0	0	0	1	379150317	15
0	0	0	0	1	1576787412	22
0	0	0	0	1	1428137600	26
0	0	0	0	1	673081088	20
0	0	0	0	1	905435429	19
0	0	0	0	1	1065531299	24
0	0	0	0	1	820791162	23
0	0	0	0	1	1587724013	22
0	0	0	0	1	1035586543	22
0	0	0	0	1	983355364	18
0	0	0	0	1	825578795	19
0	0	0	0	1	1115435717	22
0	0	0	0	1	823213130	16
0	0	0	0	1	1121333135	19
0	0	0	0	1	1809699366	25
0	0	0	0	1	1333408033	21
0	0	0	0	1	985657405	16
0	0	0	0	1	960891786	28
0	0	0	0	1	679489501	23
0	0	0	0	1	1266272109	16
0	0	0	0	1	969039256	18
0	0	0	0	1	1272601291	14
0	0	0	0	1	1193503014	23
0	0	0	0	1	1337149705	16
0	14	2011558785	28	20	2000000000	14
0	0	0	0	1	1497740328	21
0	0	0	0	1	1262817943	20
0	0	0	0	1	1194160228	24
0	0	0	0	1	904240086	15
0	0	0	0	1	1574656042	23
0	0	0	0	1	300012589	22
0	0	0	0	1	1871849443	16
0	0	0	0	1	834362215	16
0	0	0	0	1	2000000000	27
0	0	0	0	1	519202062	20
0	0	0	0	1	1285276298	16
0	0	0	0	1	1193940136	21
