0	0	0	0	1	1125360392	6
0	0	0	0	1	2021938760	5
0	0	0	0	1	1416213216	15
0	0	0	0	1	908286648	3
0	0	0	0	1	1803700505	13
0	0	0	0	1	1125754360	14
0	0	0	0	1	971287222	6
0	0	0	0	1	2000000000	0
0	0	0	0	1	964501428	4
0	0	0	0	1	669091057	10
0	0	0	0	1	669849993	8
0	0	0	0	1	678121898	9
0	0	0	0	1	737316724	6
0	0	0	0	1	1127282975	7
0	0	0	0	1	2000000000	0
0	0	0	0	1	1420068672	8
0	0	0	0	1	960656956	8
0	0	0	0	1	1883700875	3
0	0	0	0	1	896889416	1
0	0	0	0	1	2000000000	7
0	0	0	0	1	2000000000	0
0	0	0	0	1	1118290692	7
0	0	0	0	1	2000000000	0
0	0	0	0	1	1423842353	9
0	4	452491880	5	2	146557737	4
0	10	1954276691	20	10	2000000000	10
0	0	0	0	1	1032028837	6
0	4	589022453	4	1	440899142	6
0	3	371124899	3	2	143952729	3
0	9	1355526581	88	55	592778368	9
0	0	0	0	1	438684862	7
0	0	0	0	1	2000000000	10
0	0	0	0	1	595252898	7
0	0	0	0	1	365519500	5
0	0	0	0	1	832429471	5
0	0	0	0	1	2000000000	0
0	0	0	0	1	1129400241	6
0	0	0	0	1	1422689739	11
0	0	0	0	1	2840266873	6
0	0	0	0	1	1862386581	7
0	0	0	0	1	2000000000	10
0	0	0	0	1	2000000000	0
0	0	0	0	1	1128291910	6
0	11	2401662290	113	52	2000000000	11
0	0	0	0	1	1129880186	8
0	0	0	0	1	1211922587	2
0	0	0	0	1	520955919	12
0	0	0	0	1	1709224860	8
0	0	0	0	1	2000000000	6
0	0	0	0	1	2000000000	10
0	0	0	0	1	446534307	3
0	0	0	0	1	1791235083	5
0	0	0	0	1	1338743214	7
0	0	0	0	1	898776449	7
0	0	0	0	1	2000000000	0
0	0	0	0	1	594163870	4
0	0	0	0	1	1358524748	5
0	3	299403052	3	2	604174344	6
0	0	0	0	1	447396140	6
0	0	0	0	1	2400696356	13
0	0	0	0	1	1883917563	4
0	0	0	0	1	977370471	10
0	0	0	0	1	3067931178	1
0	0	0	0	1	2000000000	0
0	0	0	0	1	2000000000	5
0	0	0	0	1	1866447395	13
0	0	0	0	1	821057516	10
0	0	0	0	1	813996389	8
0	6	976356679	7	5	604505054	9
0	0	0	0	1	1806745794	12
0	0	0	0	1	1595443760	6
0	2	304920601	2	1	148076734	2
0	0	0	0	1	1785982751	8
0	0	0	0	1	2000000000	9
0	0	0	0	1	2000000000	8
0	0	0	0	1	1649242841	1
0	0	0	0	1	1342830410	3
0	0	0	0	1	748677938	4
0	0	0	0	1	2000000000	0
0	0	0	0	1	1634164129	7
0	0	0	0	1	602507137	9
0	0	0	0	1	900035854	3
0	0	0	0	1	1279894222	6
0	0	0	0	1	2226534431	8
0	0	0	0	1	1777444718	9
0	0	0	0	1	1862217711	3
0	0	0	0	1	676364906	10
0	0	0	0	1	2000000000	0
0	0	0	0	1	749297776	6
0	0	0	0	1	1118961195	7
0	0	0	0	1	601774333	8
0	0	0	0	1	1354378724	10
0	0	0	0	1	378682894	10
0	0	0	0	1	902926081	11
0	0	0	0	1	368939129	5
0	0	0	0	1	894979606	9
0	0	0	0	1	2000000000	6
0	0	0	0	1	591474156	1
0	10	1368378476	15	14	372126497	11
0	0	0	0	1	2025688767	3
0	0	0	0	1	461408051	8
0	0	0	0	1	672198274	7
0	0	0	0	1	824836938	6
0	0	0	0	1	818292815	1
0	0	0	0	1	898251739	7
0	0	0	0	1	2000000000	0
0	0	0	0	1	898169391	9
0	2	374996160	2	1	692934313	6
0	0	0	0	1	2000000000	0
0	0	0	0	1	607074643	8
0	0	0	0	1	811663740	9
0	0	0	0	1	1109116384	7
0	0	0	0	1	1192109674	10
0	0	0	0	1	2000000000	0
0	0	0	0	1	1718691819	9
0	0	0	0	1	2000000000	0
0	0	0	0	1	2000000000	0
0	0	0	0	1	827838284	7
0	0	0	0	1	823144818	7
0	0	0	0	1	514100622	9
0	0	0	0	1	1054517559	4
0	0	0	0	1	1647496603	8
0	0	0	0	1	2176508499	3
0	0	0	0	1	1417797622	8
0	0	0	0	1	2000000000	0
0	0	0	0	1	2000000000	0
0	0	0	0	1	1779352449	8
0	1	534195086	1	1	448060092	2
0	0	0	0	1	964875871	10
0	0	0	0	1	1107912229	10
0	0	0	0	1	1573646565	1
0	0	0	0	1	603224222	6
0	0	0	0	1	1640911827	5
0	0	0	0	1	1510353036	7
0	0	0	0	1	678564675	14
0	0	0	0	1	1268336492	3
0	0	0	0	1	1339575602	6
0	0	0	0	1	1565571904	4
0	9	1086101005	23	21	227102567	9
0	0	0	0	1	750588045	6
0	0	0	0	1	1115981137	2
0	0	0	0	1	1114557904	11
0	0	0	0	1	1285719401	9
0	0	0	0	1	304220201	8
0	0	0	0	1	2000000000	7
0	0	0	0	1	597591435	1
0	0	0	0	1	1192636866	6
0	0	0	0	1	1646841816	8
0	0	0	0	1	1406509489	2
0	0	0	0	1	827832995	15
0	0	0	0	1	520720051	10
0	0	0	0	1	1259297880	5
0	0	0	0	1	2000000000	0
0	0	0	0	1	1034520196	7
0	0	0	0	1	2109781867	11
0	0	0	0	1	1499882022	5
0	0	0	0	1	1273934304	6
0	0	0	0	1	1200679299	6
0	0	0	0	1	1358683732	9
0	0	0	0	1	1938343986	5
0	0	0	0	1	1052262288	9
0	0	0	0	1	1046780104	4
0	0	0	0	1	1146653520	9
0	8	818554221	8	5	2000000000	9
0	0	0	0	1	1347975505	8
0	0	0	0	1	1707241519	11
0	0	0	0	1	1335355179	12
0	0	0	0	1	2000000000	0
0	0	0	0	1	2000000000	8
0	8	989783019	9	4	369885257	8
0	0	0	0	1	830961120	12
0	0	0	0	1	2168269662	1
0	0	0	0	1	602355162	7
0	0	0	0	1	2000000000	7
0	0	0	0	1	1635616722	10
0	0	0	0	1	2000000000	7
0	0	0	0	1	1411435342	9
0	0	0	0	1	1350467056	14
0	0	0	0	1	1954817149	8
0	0	0	0	1	963044434	10
0	0	0	0	1	1635404006	9
0	0	0	0	1	1044413009	10
0	0	0	0	1	2000000000	0
0	0	0	0	1	1053686445	10
0	0	0	0	1	2542995477	4
0	5	509168919	6	4	657077808	5
0	0	0	0	1	1419934017	8
0	0	0	0	1	1265276245	12
0	0	0	0	1	365513891	7
0	0	0	0	1	673149372	9
0	0	0	0	1	604983198	6
0	0	0	0	1	1276731147	7
0	0	0	0	1	2019010020	7
0	0	0	0	1	2000000000	0
0	0	0	0	1	1802587678	4
0	0	0	0	1	1267560381	4
0	0	0	0	1	736634915	7
0	0	0	0	1	1117914815	7
0	0	0	0	1	2000000000	0
0	0	0	0	1	815667129	6
0	0	0	0	1	677605332	6
0	1	613879818	1	1	524375591	6
0	12	1624881645	52	40	520176277	12
0	0	0	0	1	1792974588	4
0	0	0	0	1	1058353177	8
0	0	0	0	1	747016240	12
0	0	0	0	1	2000000000	0
0	0	0	0	1	1277483077	4
0	0	0	0	1	2000000000	0
0	0	0	0	1	1564935927	11
0	0	0	0	1	371940843	11
0	0	0	0	1	737863712	10
0	0	0	0	1	757249120	2
0	0	0	0	1	816218779	7
0	0	0	0	1	1565717356	8
0	0	0	0	1	2000000000	0
0	0	0	0	1	2000000000	0
0	0	0	0	1	2000000000	0
0	0	0	0	1	670405293	8
0	0	0	0	1	1041106242	4
0	0	0	0	1	296904502	2
0	0	0	0	1	2000000000	0
0	0	0	0	1	816844245	7
0	0	0	0	1	756579035	14
0	1	153142769	1	1	1523797755	4
0	0	0	0	1	2114242577	9
0	0	0	0	1	901460975	8
0	0	0	0	1	372959012	3
0	0	0	0	1	1420087094	6
0	0	0	0	1	218205336	1
0	0	0	0	1	2000000000	0
0	0	0	0	1	972856582	9
0	0	0	0	1	1346089403	13
0	0	0	0	1	2989175137	3
0	0	0	0	1	822584509	6
0	0	0	0	1	1791159813	7
0	0	0	0	1	748783993	8
0	0	0	0	1	2000000000	0
0	0	0	0	1	741300165	8
0	0	0	0	1	384644095	6
0	0	0	0	1	2000000000	7
0	0	0	0	1	294387517	11
0	0	0	0	1	371238171	11
0	4	522293290	5	4	401598098	6
0	0	0	0	1	1868749916	11
0	0	0	0	1	892288963	9
0	0	0	0	1	604174308	12
0	0	0	0	1	1280419539	12
0	0	0	0	1	749279128	9
0	0	0	0	1	747765666	1
0	0	0	0	1	1055691057	6
0	0	0	0	1	1196522279	10
0	0	0	0	1	2000000000	0
0	0	0	0	1	2019609046	5
0	0	0	0	1	1724993713	6
0	0	0	0	1	147312692	1
0	0	0	0	1	2000000000	0
0	14	1943462190	135	113	378621599	14
0	0	0	0	1	2010610454	9
0	0	0	0	1	761682912	4
0	0	0	0	1	1567133957	7
0	0	0	0	1	2379364761	8
0	0	0	0	1	973926462	13
0	0	0	0	1	809926819	8
0	9	1096374069	10	5	876356019	9
0	0	0	0	1	2000000000	0
0	0	0	0	1	1266384178	7
0	0	0	0	1	522541741	6
0	0	0	0	1	440215668	10
0	0	0	0	1	2000000000	7
0	0	0	0	1	605838338	9
0	0	0	0	1	1126417341	4
0	0	0	0	1	828325289	7
0	14	1494249702	17	14	603197475	14
0	0	0	0	1	744668481	9
0	0	0	0	1	1498426170	7
0	0	0	0	1	1057906846	9
0	0	0	0	1	1134952012	1
0	0	0	0	1	2000000000	0
0	0	0	0	1	1044189686	5
0	0	0	0	1	2000000000	0
0	0	0	0	1	1267705971	8
0	0	0	0	1	2000000000	0
0	0	0	0	1	976678099	10
0	0	0	0	1	888149215	11
0	0	0	0	1	749896409	8
0	0	0	0	1	1106681664	7
0	0	0	0	1	1731442172	8
0	5	609526564	101	24	374886762	5
0	0	0	0	1	441659826	8
0	2	295538279	2	2	2391120263	6
0	0	0	0	1	2000000000	4
0	0	0	0	1	1198375113	6
0	0	0	0	1	2000000000	0
0	0	0	0	1	2000000000	0
0	0	0	0	1	1184785357	12
0	0	0	0	1	1795658793	8
0	0	0	0	1	826906202	1
0	0	0	0	1	374979605	9
0	0	0	0	1	1049272275	11
0	0	0	0	1	1434805216	8
0	0	0	0	1	2000000000	0
0	0	0	0	1	2000000000	0
0	0	0	0	1	1723013499	9
0	0	0	0	1	2000000000	0
0	0	0	0	1	1180473816	9
0	0	0	0	1	1275073121	4
0	0	0	0	1	602047159	7
0	0	0	0	1	753063006	10
0	0	0	0	1	2000000000	0
0	0	0	0	1	1501248566	6
0	0	0	0	1	821671717	7
0	0	0	0	1	1569759643	6
0	0	0	0	1	907351476	10
0	0	0	0	1	1188664141	5
0	0	0	0	1	2000000000	0
0	0	0	0	1	1270187867	3
0	0	0	0	1	2000000000	0
0	0	0	0	1	974167914	9
0	0	0	0	1	1126968725	6
0	0	0	0	1	1793855759	11
0	0	0	0	1	742192356	14
0	0	0	0	1	2000000000	0
0	0	0	0	1	1048574596	10
0	0	0	0	1	2146878424	5
0	0	0	0	1	1178046077	6
0	0	0	0	1	1198672995	8
0	1	147260672	1	1	445944926	7
0	0	0	0	1	2000000000	8
0	0	0	0	1	448929269	10
0	0	0	0	1	2397081390	12
0	0	0	0	1	1192466530	9
0	3	389588154	3	2	143844638	3
0	0	0	0	1	1034746813	4
0	0	0	0	1	448110360	6
0	0	0	0	1	2000000000	9
0	0	0	0	1	742171412	6
0	0	0	0	1	2000000000	0
0	0	0	0	1	1125428427	8
0	0	0	0	1	892557997	2
0	0	0	0	1	514102271	10
0	0	0	0	1	517262833	9
0	0	0	0	1	2000000000	0
0	0	0	0	1	2000000000	9
0	0	0	0	1	1503749806	5
0	0	0	0	1	607412287	8
0	0	0	0	1	1581363064	7
0	0	0	0	1	1643286023	10
0	0	0	0	1	965727484	7
0	0	0	0	1	1348703024	5
0	1	149312984	1	1	371482242	7
0	0	0	0	1	2000000000	0
0	0	0	0	1	2000000000	0
0	0	0	0	1	1127267872	8
0	0	0	0	1	528846283	10
0	0	0	0	1	824237108	11
0	0	0	0	1	827983934	12
0	0	0	0	1	1114832657	10
0	0	0	0	1	2000000000	0
0	0	0	0	1	1552463093	9
0	0	0	0	1	2000000000	0
0	0	0	0	1	1344290385	8
0	0	0	0	1	1797187337	3
0	0	0	0	1	2840221322	10
0	0	0	0	1	1123669022	10
0	0	0	0	1	2000000000	0
0	0	0	0	1	823277608	8
0	0	0	0	1	516984444	9
0	0	0	0	1	2262634866	8
0	0	0	0	1	1203532989	6
0	0	0	0	1	2000000000	0
0	0	0	0	1	2000000000	0
0	0	0	0	1	1263237848	4
0	0	0	0	1	680860176	5
0	0	0	0	1	2000000000	9
0	0	0	0	1	1044344314	6
0	0	0	0	1	2000000000	4
0	0	0	0	1	1116081307	9
0	0	0	0	1	2000000000	0
0	0	0	0	1	1419584322	11
0	0	0	0	1	1500830914	9
0	1	150924254	1	2	2000000000	6
0	0	0	0	1	1283584719	9
0	0	0	0	1	373751696	6
0	0	0	0	1	2000000000	0
0	0	0	0	1	972678971	6
0	1	227934539	1	1	2000000000	7
0	0	0	0	1	518843282	2
0	0	0	0	1	604523619	8
0	0	0	0	1	2000000000	7
0	0	0	0	1	2000000000	0
0	0	0	0	1	2000000000	10
0	0	0	0	1	2000000000	0
0	0	0	0	1	2000000000	7
0	0	0	0	1	451512700	8
0	0	0	0	1	522375509	6
0	0	0	0	1	661637626	6
0	0	0	0	1	895391061	5
0	0	0	0	1	298358432	6
0	0	0	0	1	2000000000	7
0	0	0	0	1	1479907220	6
0	0	0	0	1	2000000000	9
0	0	0	0	1	2000000000	0
0	8	1126100760	9	5	739898191	9
0	0	0	0	1	2000000000	0
0	0	0	0	1	900421450	4
0	0	0	0	1	1275958332	8
0	1	150671940	1	2	373085070	5
0	0	0	0	1	1105955254	4
0	0	0	0	1	440525347	9
0	0	0	0	1	1783398638	9
0	0	0	0	1	2453530117	5
0	0	0	0	1	675923822	4
0	0	0	0	1	1579028256	1
0	0	0	0	1	308092060	3
0	0	0	0	1	1113162669	5
0	0	0	0	1	2472652041	5
0	0	0	0	1	749841838	6
0	0	0	0	1	2465777836	3
0	0	0	0	1	2000000000	0
0	0	0	0	1	447915104	4
0	0	0	0	1	1214828106	11
0	0	0	0	1	530198902	5
0	0	0	0	1	444138823	8
0	0	0	0	1	1940566944	6
0	0	0	0	1	1338036231	5
0	0	0	0	1	2000000000	0
0	0	0	0	1	1341542102	8
0	0	0	0	1	2003996360	4
0	0	0	0	1	1277614702	8
0	0	0	0	1	1434574321	2
0	0	0	0	1	2000000000	0
0	0	0	0	1	1106843848	7
0	0	0	0	1	2000000000	0
0	0	0	0	1	900425889	8
0	0	0	0	1	2000000000	7
0	0	0	0	1	1869873022	14
0	0	0	0	1	820783264	10
0	0	0	0	1	1864846628	8
0	0	0	0	1	1340458814	7
0	0	0	0	1	2000000000	10
0	0	0	0	1	2000000000	12
0	0	0	0	1	2000000000	0
0	0	0	0	1	1648857203	11
0	0	0	0	1	1944946085	6
0	0	0	0	1	1123578838	4
0	0	0	0	1	1119267259	6
0	1	147165841	1	1	536111677	5
0	0	0	0	1	1785629964	12
0	0	0	0	1	602278725	5
0	0	0	0	1	1498507111	8
0	0	0	0	1	1125940760	8
0	0	0	0	1	1267018091	4
0	0	0	0	1	1800403678	11
0	0	0	0	1	1730832865	6
0	3	457680455	3	1	221756227	3
0	0	0	0	1	2000000000	0
0	0	0	0	1	967070062	12
0	0	0	0	1	967846341	5
0	0	0	0	1	454827665	3
0	0	0	0	1	1338299071	2
0	0	0	0	1	370074841	9
0	0	0	0	1	819473424	11
0	5	582254669	5	3	433336720	5
0	0	0	0	1	819387237	1
0	0	0	0	1	530712588	13
0	0	0	0	1	2000000000	0
0	0	0	0	1	1268275983	9
0	0	0	0	1	964825521	15
0	0	0	0	1	225047971	1
0	0	0	0	1	2000000000	0
0	0	0	0	1	1501685303	8
0	0	0	0	1	1044711756	6
0	0	0	0	1	2314816633	14
0	0	0	0	1	2000000000	0
0	0	0	0	1	2000000000	0
0	0	0	0	1	2542528200	7
0	0	0	0	1	2000000000	0
0	0	0	0	1	901588774	1
0	0	0	0	1	750024843	7
0	0	0	0	1	1199522245	3
0	0	0	0	1	814356334	9
0	0	0	0	1	368863506	9
0	0	0	0	1	599987788	7
0	0	0	0	1	523894416	9
0	0	0	0	1	1575051887	7
0	0	0	0	1	2000000000	9
0	0	0	0	1	378200120	8
0	0	0	0	1	524105993	5
0	1	218087232	1	1	2000000000	7
0	0	0	0	1	1572963950	9
0	0	0	0	1	674311255	8
0	0	0	0	1	733260620	7
0	0	0	0	1	901326935	4
0	0	0	0	1	1579424892	11
0	0	0	0	1	607184940	5
0	0	0	0	1	2446859462	3
0	0	0	0	1	2000000000	0
0	0	0	0	1	2000000000	0
0	0	0	0	1	1114539343	3
0	0	0	0	1	825082456	10
0	0	0	0	1	1049476505	11
0	0	0	0	1	2000000000	8
0	0	0	0	1	2000000000	0
0	0	0	0	1	2253393898	10
0	0	0	0	1	601870648	11
0	0	0	0	1	750774906	8
0	0	0	0	1	1193865015	8
0	8	908040680	8	5	299186070	8
0	0	0	0	1	2548406820	7
0	0	0	0	1	1063093814	7
0	0	0	0	1	968687987	10
0	0	0	0	1	818520180	8
0	0	0	0	1	1711424569	6
0	0	0	0	1	1715333809	6
0	0	0	0	1	965050525	8
0	0	0	0	1	1123371575	8
0	0	0	0	1	592342718	6
0	0	0	0	1	2000000000	0
0	0	0	0	1	818286084	10
0	0	0	0	1	813181476	7
0	0	0	0	1	964697816	8
0	0	0	0	1	677283969	16
0	0	0	0	1	2000000000	0
0	0	0	0	1	1793536370	4
0	5	1011772210	8	9	366666780	7
0	0	0	0	1	516374348	9
0	0	0	0	1	2000000000	0
0	0	0	0	1	822904751	6
0	0	0	0	1	1353136428	2
0	0	0	0	1	2000000000	0
0	0	0	0	1	1562019931	1
0	5	610817466	5	3	772907248	7
0	0	0	0	1	1653083687	8
0	2	461157306	2	1	2000000000	4
0	0	0	0	1	530666025	12
0	0	0	0	1	1561977883	9
0	0	0	0	1	1352902926	6
0	0	0	0	1	2000000000	12
0	0	0	0	1	2000000000	8
0	0	0	0	1	1121260562	9
0	0	0	0	1	2000000000	0
0	0	0	0	1	2000000000	0
0	0	0	0	1	1264410690	4
0	0	0	0	1	2000000000	12
0	0	0	0	1	1422746938	7
0	0	0	0	1	821885460	14
0	0	0	0	1	2000000000	4
0	0	0	0	1	1112304138	9
0	0	0	0	1	966888568	6
0	0	0	0	1	526667464	8
0	0	0	0	1	891485791	11
0	0	0	0	1	1272525376	11
0	0	0	0	1	524065184	11
0	0	0	0	1	2000000000	0
0	0	0	0	1	2000000000	0
0	0	0	0	1	897095016	7
0	7	1748620408	22	15	227272889	7
0	6	593113204	6	5	219839962	6
0	7	803406145	10	8	218455017	7
0	0	0	0	1	1559336504	1
0	0	0	0	1	2000000000	0
0	0	0	0	1	906650856	4
0	0	0	0	1	2000000000	0
0	0	0	0	1	1039670545	11
0	0	0	0	1	961566738	2
0	0	0	0	1	2000000000	0
0	0	0	0	1	525739564	8
0	10	1106444640	16	13	368505068	10
0	14	1839650927	206	177	294188608	14
0	0	0	0	1	1420325443	8
0	0	0	0	1	1639243789	4
0	0	0	0	1	1202013302	12
0	0	0	0	1	1414763240	8
0	0	0	0	1	1266234174	10
0	0	0	0	1	1198507438	8
0	0	0	0	1	2000000000	0
0	0	0	0	1	894471355	7
0	0	0	0	1	978128287	12
0	0	0	0	1	2000000000	0
0	0	0	0	1	1489716931	5
0	0	0	0	1	760296004	10
0	0	0	0	1	375324441	5
0	0	0	0	1	519995193	9
0	0	0	0	1	1573234825	9
0	0	0	0	1	1869672764	8
0	0	0	0	1	1714655803	6
0	0	0	0	1	1568580375	5
0	0	0	0	1	2000000000	0
0	0	0	0	1	1051538276	7
0	0	0	0	1	738886346	5
0	0	0	0	1	2000000000	0
0	0	0	0	1	1411111352	9
0	0	0	0	1	2025645857	5
0	0	0	0	1	2000000000	0
0	0	0	0	1	2000000000	9
0	0	0	0	1	590085045	9
0	0	0	0	1	1129732940	10
0	0	0	0	1	1273712215	9
0	0	0	0	1	672481189	12
0	0	0	0	1	1720997164	7
0	0	0	0	1	2000000000	0
0	0	0	0	1	2393155618	9
0	0	0	0	1	1558983899	9
0	0	0	0	1	1328369872	9
0	0	0	0	1	1338326338	1
0	0	0	0	1	826652887	6
0	0	0	0	1	1275859268	13
0	0	0	0	1	749236104	3
0	0	0	0	1	592326490	5
0	0	0	0	1	2000000000	3
0	0	0	0	1	1280937637	6
0	0	0	0	1	2000000000	0
0	0	0	0	1	1575797425	7
0	6	838127546	7	6	294184630	12
0	0	0	0	1	2000000000	0
0	0	0	0	1	1111770834	6
0	0	0	0	1	1490016905	6
0	0	0	0	1	1188528755	5
0	0	0	0	1	1051112766	7
0	0	0	0	1	751731183	8
0	0	0	0	1	898756924	10
0	0	0	0	1	1490426852	1
0	0	0	0	1	679223379	12
0	0	0	0	1	1649135516	8
0	0	0	0	1	1491521776	6
0	8	751637210	8	6	146674219	8
0	0	0	0	1	2000000000	0
0	0	0	0	1	2086044048	10
0	0	0	0	1	1716605033	7
0	0	0	0	1	741155998	10
0	0	0	0	1	1201155938	6
0	0	0	0	1	1109071041	4
0	0	0	0	1	669916337	6
0	0	0	0	1	297000776	7
0	0	0	0	1	1351866190	4
0	0	0	0	1	1061272949	8
0	0	0	0	1	2000000000	0
0	0	0	0	1	378296781	12
1	0	0	0	1	666199013	14
0	0	0	0	1	1485308031	7
0	0	0	0	1	969921107	8
0	0	0	0	1	814489120	10
0	0	0	0	1	817733179	12
0	0	0	0	1	1859601815	9
0	0	0	0	1	1403217821	2
0	0	0	0	1	2000000000	0
0	0	0	0	1	1957744028	6
0	9	958988820	10	3	815856344	9
0	0	0	0	1	2000000000	0
0	0	0	0	1	1859880799	11
0	0	0	0	1	2312449448	8
0	0	0	0	1	2000000000	0
0	8	990802770	10	7	826546384	8
0	0	0	0	1	1026508356	9
0	0	0	0	1	1187587652	9
0	0	0	0	1	2000000000	9
0	0	0	0	1	1056716223	16
0	4	442770556	4	4	523004808	9
0	0	0	0	1	806091313	10
0	9	1201780987	12	9	296665505	9
0	0	0	0	1	1418080501	7
0	0	0	0	1	756346632	9
0	0	0	0	1	2000000000	0
0	0	0	0	1	967672164	6
0	0	0	0	1	1586031363	6
0	0	0	0	1	1428771050	10
0	0	0	0	1	2000000000	0
0	0	0	0	1	525782839	13
0	0	0	0	1	2000000000	0
0	0	0	0	1	603465746	6
0	0	0	0	1	662525383	5
0	0	0	0	1	976366218	4
0	0	0	0	1	674478504	9
0	0	0	0	1	220541490	1
0	0	0	0	1	2000000000	0
0	0	0	0	1	2000000000	0
0	0	0	0	1	2000000000	6
0	0	0	0	1	1574036172	12
0	0	0	0	1	890677767	8
0	0	0	0	1	2000000000	4
0	0	0	0	1	1652654361	11
0	0	0	0	1	1655614998	3
0	0	0	0	1	1117082527	10
0	0	0	0	1	896193133	8
0	0	0	0	1	2913177895	8
0	0	0	0	1	1045429054	4
0	0	0	0	1	1332013811	6
0	0	0	0	1	1200611316	8
0	0	0	0	1	594388684	6
0	0	0	0	1	982382638	6
0	0	0	0	1	450132459	2
0	0	0	0	1	2000000000	0
0	0	0	0	1	1559696236	8
0	0	0	0	1	1493927515	1
0	0	0	0	1	2000000000	0
0	0	0	0	1	1413851956	6
0	0	0	0	1	1417477666	9
0	0	0	0	1	2000000000	0
0	0	0	0	1	675302974	16
0	0	0	0	1	1715448001	8
0	8	901457776	9	6	291649534	8
0	0	0	0	1	602049718	8
0	0	0	0	1	671632450	11
0	0	0	0	1	364082241	11
0	0	0	0	1	2000000000	0
0	0	0	0	1	1563236639	6
0	0	0	0	1	1198924327	12
0	0	0	0	1	1889501032	3
0	0	0	0	1	2000000000	0
0	0	0	0	1	752160753	4
0	0	0	0	1	2000000000	3
0	0	0	0	1	2000000000	12
0	11	982900503	11	8	294678650	11
0	0	0	0	1	447870080	15
0	0	0	0	1	1274748446	12
0	0	0	0	1	896999952	6
0	0	0	0	1	1418455073	6
0	0	0	0	1	2000000000	0
0	0	0	0	1	596365748	5
0	0	0	0	1	675734240	8
0	0	0	0	1	2000000000	0
0	0	0	0	1	1132283063	5
0	0	0	0	1	2000000000	0
0	0	0	0	1	2000000000	0
0	0	0	0	1	823455400	11
0	0	0	0	1	1042001467	8
0	5	743001002	5	2	367345109	7
0	0	0	0	1	587029964	5
0	0	0	0	1	299345569	6
0	0	0	0	1	526146499	12
0	0	0	0	1	2000000000	0
0	0	0	0	1	601949541	8
0	0	0	0	1	902539164	4
0	0	0	0	1	2324816348	5
0	0	0	0	1	890186341	13
0	0	0	0	1	1350451559	9
0	0	0	0	1	1057292406	5
0	0	0	0	1	3136608313	6
0	0	0	0	1	663449637	5
0	0	0	0	1	839099345	13
0	0	0	0	1	380895739	10
0	0	0	0	1	374389579	10
0	0	0	0	1	1631518716	6
0	0	0	0	1	1342623539	3
0	0	0	0	1	2000000000	0
0	0	0	0	1	2860428216	3
0	0	0	0	1	1108776891	12
0	0	0	0	1	1566314744	8
0	0	0	0	1	606132515	10
0	0	0	0	1	1642092807	8
0	0	0	0	1	982860903	2
0	0	0	0	1	1799575025	9
0	0	0	0	1	1639345245	8
0	0	0	0	1	1049644185	8
0	0	0	0	1	2000000000	7
0	0	0	0	1	1049342056	4
0	0	0	0	1	1943661648	3
0	0	0	0	1	1347856949	5
0	7	828204437	9	7	146787482	7
0	0	0	0	1	2000000000	0
0	0	0	0	1	901799592	7
0	0	0	0	1	1206653924	8
0	8	1158276001	90	59	295915039	8
0	0	0	0	1	2000000000	0
0	0	0	0	1	379666571	4
0	0	0	0	1	900142560	1
0	0	0	0	1	1367531319	5
0	0	0	0	1	445267832	7
0	0	0	0	1	601273555	8
0	0	0	0	1	888810433	10
0	13	1262161792	13	10	434180717	13
0	0	0	0	1	1346408918	8
0	0	0	0	1	975950351	9
0	0	0	0	1	1427168507	5
0	0	0	0	1	599301265	10
0	0	0	0	1	673014327	11
0	0	0	0	1	1870963691	7
0	0	0	0	1	904950007	2
0	0	0	0	1	743893311	9
0	0	0	0	1	2000000000	0
0	0	0	0	1	1264993856	7
0	0	0	0	1	893148715	8
0	0	0	0	1	2000000000	0
0	0	0	0	1	1126920522	9
0	0	0	0	1	600329160	7
0	0	0	0	1	2243954612	8
0	0	0	0	1	822283049	7
0	11	1515842303	111	83	293727403	11
0	0	0	0	1	1046039427	13
0	0	0	0	1	1424296052	9
0	0	0	0	1	2000000000	0
0	0	0	0	1	1269203271	9
0	0	0	0	1	740451159	7
0	0	0	0	1	1128705078	3
0	0	0	0	1	889287893	6
0	0	0	0	1	902889383	8
0	0	0	0	1	1511297129	7
0	0	0	0	1	906718255	11
0	0	0	0	1	883643371	8
0	0	0	0	1	895732369	4
0	0	0	0	1	2000000000	0
0	0	0	0	1	2000000000	0
0	0	0	0	1	2000000000	0
0	0	0	0	1	1056498855	5
0	0	0	0	1	1039330117	6
0	0	0	0	1	2010407448	1
0	0	0	0	1	1124206469	7
0	9	833200699	10	6	2000000000	9
0	0	0	0	1	1043420646	5
0	0	0	0	1	892200008	8
0	0	0	0	1	449934388	10
0	0	0	0	1	2000000000	0
0	4	516638710	5	5	146937114	5
0	0	0	0	1	2000000000	0
0	0	0	0	1	2000000000	9
0	0	0	0	1	2000000000	0
0	0	0	0	1	371115653	10
0	0	0	0	1	908556345	1
0	0	0	0	1	751477243	8
0	0	0	0	1	1261433131	4
0	0	0	0	1	985365316	10
0	0	0	0	1	2000000000	0
0	0	0	0	1	603949435	5
0	0	0	0	1	291569739	10
0	0	0	0	1	600571208	8
0	0	0	0	1	1115162600	11
0	0	0	0	1	2000000000	0
0	0	0	0	1	516484421	7
0	0	0	0	1	588816740	5
0	0	0	0	1	738624134	6
0	3	512440272	3	2	1254795631	5
0	0	0	0	1	1658012454	3
0	0	0	0	1	592444874	10
0	0	0	0	1	610585653	13
0	0	0	0	1	1421852140	13
0	0	0	0	1	2000000000	0
0	0	0	0	1	755923654	9
0	0	0	0	1	377709360	6
0	0	0	0	1	1488379299	9
0	0	0	0	1	2000000000	0
0	0	0	0	1	1633431456	6
0	0	0	0	1	1279245428	7
0	0	0	0	1	1124354640	3
0	0	0	0	1	2000000000	0
0	0	0	0	1	1346674771	8
0	0	0	0	1	1193688754	10
0	0	0	0	1	2000000000	9
0	0	0	0	1	2000000000	0
0	4	516730666	4	3	218346957	5
0	0	0	0	1	827329273	5
0	0	0	0	1	1338628585	2
0	0	0	0	1	1128674113	7
0	0	0	0	1	1195761671	7
0	0	0	0	1	2000000000	16
0	4	446078211	4	3	144443955	4
0	0	0	0	1	1715256240	9
0	0	0	0	1	2000000000	0
0	1	227451794	1	2	2000000000	4
0	0	0	0	1	900756522	9
0	0	0	0	1	1214859189	4
0	0	0	0	1	1710121396	7
0	0	0	0	1	674129899	13
0	0	0	0	1	444309964	5
0	0	0	0	1	1506312961	5
0	0	0	0	1	823046380	10
0	0	0	0	1	1113811610	6
0	0	0	0	1	2000000000	0
0	0	0	0	1	976172470	4
0	0	0	0	1	1650036821	9
0	0	0	0	1	2000000000	10
0	0	0	0	1	521157988	11
0	0	0	0	1	377658325	13
0	0	0	0	1	749488219	9
0	0	0	0	1	968931190	4
0	0	0	0	1	744234539	3
0	9	1103407646	12	10	803619730	10
0	0	0	0	1	2000000000	0
0	0	0	0	1	518940631	9
0	0	0	0	1	1183331215	11
0	0	0	0	1	982859004	6
0	0	0	0	1	1045159117	3
0	0	0	0	1	1354874543	3
0	0	0	0	1	2000000000	0
0	0	0	0	1	902831836	11
0	0	0	0	1	1123677709	7
0	0	0	0	1	968348849	7
0	0	0	0	1	1279239194	9
0	0	0	0	1	1425782836	7
0	0	0	0	1	748242288	13
0	0	0	0	1	2000000000	0
0	0	0	0	1	2000000000	0
0	0	0	0	1	1272927836	4
0	0	0	0	1	1645875764	3
0	0	0	0	1	1502095844	7
0	0	0	0	1	672536570	7
0	0	0	0	1	2000000000	6
0	0	0	0	1	1554167637	4
0	0	0	0	1	376125817	9
0	0	0	0	1	521094888	10
0	12	1388151279	14	14	223778673	14
0	0	0	0	1	2000000000	7
0	0	0	0	1	1425350254	10
0	0	0	0	1	444737376	7
0	0	0	0	1	1730451830	6
0	0	0	0	1	742680941	8
0	0	0	0	1	2000000000	0
0	0	0	0	1	1126651846	12
0	0	0	0	1	2000000000	0
0	0	0	0	1	1408419656	9
0	0	0	0	1	591259101	9
0	0	0	0	1	1332166125	9
0	0	0	0	1	1434630343	3
0	0	0	0	1	1738424101	6
0	0	0	0	1	1115375523	4
0	0	0	0	1	1579209890	4
0	0	0	0	1	2000000000	0
0	0	0	0	1	1263352766	6
0	0	0	0	1	2000000000	0
0	0	0	0	1	2022228683	12
0	0	0	0	1	2000000000	0
0	0	0	0	1	1199540840	4
0	0	0	0	1	895174313	5
0	0	0	0	1	2000000000	0
0	0	0	0	1	2000000000	7
0	0	0	0	1	1420400347	2
0	0	0	0	1	2000000000	0
0	0	0	0	1	2000000000	6
0	0	0	0	1	897709571	7
0	0	0	0	1	1051127712	7
0	0	0	0	1	443266692	7
0	0	0	0	1	1125211517	9
0	0	0	0	1	1199338653	6
0	0	0	0	1	1051424905	6
0	0	0	0	1	752758730	4
0	0	0	0	1	1195786098	10
0	0	0	0	1	1113740042	14
0	6	833428086	9	6	222354497	6
0	0	0	0	1	825088887	8
0	0	0	0	1	1772005596	4
0	0	0	0	1	676633174	7
0	0	0	0	1	538424820	8
0	0	0	0	1	1050872876	3
0	0	0	0	1	2000000000	0
0	0	0	0	1	1113526677	9
0	0	0	0	1	1875579519	8
0	0	0	0	1	2000000000	0
0	0	0	0	1	966818669	9
0	0	0	0	1	1189246957	11
0	0	0	0	1	2000000000	0
0	9	1652097170	173	107	2000000000	9
0	0	0	0	1	884497333	1
0	0	0	0	1	2000000000	0
0	0	0	0	1	1198485373	10
0	0	0	0	1	517067641	3
0	0	0	0	1	2000000000	7
0	7	750984841	7	5	222752068	7
0	0	0	0	1	991473875	3
0	0	0	0	1	2000000000	0
0	0	0	0	1	821597662	9
0	0	0	0	1	1627806872	6
0	0	0	0	1	296982082	5
0	4	448286653	4	3	150597502	4
0	5	663937689	6	3	288547221	5
0	0	0	0	1	1488757035	5
0	0	0	0	1	834682564	6
0	0	0	0	1	1646091669	13
0	4	748676116	4	5	1044827255	10
0	0	0	0	1	667472721	2
0	0	0	0	1	980732843	4
0	0	0	0	1	2000000000	0
0	0	0	0	1	1123867869	7
0	0	0	0	1	1050457513	5
0	1	221700323	1	1	521519423	5
0	0	0	0	1	1273110203	10
0	0	0	0	1	2000000000	0
0	0	0	0	1	2000000000	0
0	0	0	0	1	831827054	8
0	0	0	0	1	1497149201	9
0	0	0	0	1	2000000000	0
0	0	0	0	1	811971486	12
0	0	0	0	1	680252910	2
0	0	0	0	1	666886151	12
0	0	0	0	1	741768145	9
0	0	0	0	1	375116439	3
0	0	0	0	1	525780362	2
0	0	0	0	1	1051764417	10
0	0	0	0	1	2000000000	0
0	0	0	0	1	902273809	8
0	0	0	0	1	1496923177	6
0	0	0	0	1	968577357	1
0	0	0	0	1	2000000000	4
0	0	0	0	1	601591513	10
0	0	0	0	1	2000000000	0
0	0	0	0	1	819113686	8
0	0	0	0	1	1043986488	9
0	0	0	0	1	2000000000	0
0	0	0	0	1	738897108	6
0	0	0	0	1	2000000000	0
0	0	0	0	1	221450559	2
0	0	0	0	1	1207833816	14
0	0	0	0	1	443918040	10
0	0	0	0	1	2000000000	0
0	6	689461181	6	3	439097300	6
0	0	0	0	1	444838098	3
0	0	0	0	1	603124669	4
0	0	0	0	1	451409591	9
0	6	750912984	7	5	2000000000	8
0	0	0	0	1	892463272	13
0	0	0	0	1	2000000000	0
0	0	0	0	1	1260166920	9
0	0	0	0	1	1117165684	10
0	0	0	0	1	2000000000	0
0	0	0	0	1	1481498389	6
0	11	1319681846	362	304	216250770	11
0	0	0	0	1	1275307289	15
0	0	0	0	1	1871786333	2
0	0	0	0	1	1265846030	3
0	0	0	0	1	522632295	10
0	0	0	0	1	2008450548	4
0	0	0	0	1	1047345697	11
0	0	0	0	1	1121801815	12
0	0	0	0	1	1342342873	7
0	0	0	0	1	2263541124	7
0	0	0	0	1	1042998482	9
0	0	0	0	1	1190476729	14
0	0	0	0	1	2000000000	7
0	0	0	0	1	2000000000	0
0	0	0	0	1	1206486226	6
0	0	0	0	1	1419916975	8
0	0	0	0	1	2013167480	9
0	0	0	0	1	1487367095	8
0	0	0	0	1	1645353628	11
0	12	1279719149	14	11	1196852798	12
0	0	0	0	1	988004415	8
0	0	0	0	1	2000000000	0
0	0	0	0	1	1203930340	7
0	0	0	0	1	672715873	9
0	0	0	0	1	455980227	7
0	0	0	0	1	749036116	7
0	0	0	0	1	1182814581	8
0	0	0	0	1	2161907221	4
0	0	0	0	1	1416432556	11
0	0	0	0	1	2000000000	10
0	0	0	0	1	984955798	8
0	0	0	0	1	2000000000	6
0	0	0	0	1	2000000000	0
0	0	0	0	1	666819786	12
0	0	0	0	1	680952106	10
0	0	0	0	1	1787919568	7
0	8	956193088	10	7	661645648	8
0	0	0	0	1	674080526	6
0	0	0	0	1	2000000000	0
0	9	1727706841	143	80	290556464	9
0	0	0	0	1	966316979	10
0	0	0	0	1	977127420	5
0	0	0	0	1	2000000000	0
0	0	0	0	1	2000000000	7
0	0	0	0	1	1117037477	10
0	0	0	0	1	1999743742	10
0	0	0	0	1	1053387696	5
0	0	0	0	1	383399257	9
0	0	0	0	1	534128605	8
0	0	0	0	1	2759504768	10
0	0	0	0	1	1436118484	12
0	0	0	0	1	668420978	5
0	0	0	0	1	891150294	4
0	0	0	0	1	1111809036	8
0	0	0	0	1	1651139516	10
0	0	0	0	1	672015294	9
0	1	219574551	1	1	450899435	6
0	0	0	0	1	595366220	7
0	0	0	0	1	1330622682	6
0	0	0	0	1	1182688518	4
0	0	0	0	1	896735756	11
0	0	0	0	1	2000000000	0
0	0	0	0	1	2000000000	0
0	0	0	0	1	1499808741	6
0	0	0	0	1	1574459728	5
0	0	0	0	1	2000000000	0
0	0	0	0	1	1126613612	4
0	0	0	0	1	2000000000	9
0	0	0	0	1	1119748037	13
0	0	0	0	1	2000000000	0
0	3	367468166	3	2	1509576194	5
0	0	0	0	1	2000000000	0
0	0	0	0	1	2092754426	6
0	0	0	0	1	1184500764	6
0	0	0	0	1	2000000000	9
0	0	0	0	1	1495063018	7
0	0	0	0	1	2000000000	0
0	0	0	0	1	1661706928	9
0	0	0	0	1	1334927243	6
0	8	892009736	9	7	296264488	8
0	0	0	0	1	1780387518	8
0	0	0	0	1	1193244559	12
0	0	0	0	1	2000000000	0
0	0	0	0	1	1782261887	8
0	0	0	0	1	1697364227	8
0	9	1256089990	209	152	510617641	10
0	0	0	0	1	2000000000	6
0	0	0	0	1	1218134079	7
0	0	0	0	1	1488236862	7
0	0	0	0	1	1344502338	8
0	0	0	0	1	760481529	8
0	0	0	0	1	2000000000	0
0	0	0	0	1	909124865	1
0	0	0	0	1	1631396992	8
0	0	0	0	1	1405196317	4
0	0	0	0	1	1049257490	5
0	0	0	0	1	897610547	8
0	0	0	0	1	449506730	2
0	0	0	0	1	682954611	11
0	0	0	0	1	1734634134	13
0	0	0	0	1	2000000000	10
0	0	0	0	1	2000000000	0
0	0	0	0	1	1425038477	3
0	0	0	0	1	2000000000	0
0	0	0	0	1	2000000000	0
0	4	516828040	4	2	442857238	4
0	0	0	0	1	1040421436	8
0	0	0	0	1	449737341	6
0	8	988301896	10	8	591262887	8
0	0	0	0	1	2017553577	2
0	0	0	0	1	1951288073	9
0	0	0	0	1	1873481706	12
0	0	0	0	1	2000000000	0
0	0	0	0	1	2000000000	0
0	0	0	0	1	1576585862	8
0	0	0	0	1	443973709	7
0	0	0	0	1	1126665361	7
0	0	0	0	1	2000000000	0
0	0	0	0	1	2000000000	0
0	0	0	0	1	1655073840	5
0	0	0	0	1	1268685400	13
0	0	0	0	1	743245600	9
0	0	0	0	1	610864814	6
0	0	0	0	1	738557207	10
0	10	1055485422	11	8	292588258	10
0	0	0	0	1	890816128	10
0	0	0	0	1	2000000000	0
0	0	0	0	1	2000000000	5
0	0	0	0	1	1421780151	6
0	0	0	0	1	2156674062	10
0	0	0	0	1	898937976	10
0	0	0	0	1	963743670	8
0	0	0	0	1	2000000000	0
0	0	0	0	1	1422198407	6
0	0	0	0	1	1118916364	7
0	0	0	0	1	826110794	7
0	0	0	0	1	2000000000	0
0	0	0	0	1	1868572304	5
0	0	0	0	1	453346461	4
0	0	0	0	1	2000000000	6
0	0	0	0	1	751790750	4
0	6	743565390	6	4	2000000000	7
0	0	0	0	1	742329726	7
0	0	0	0	1	893690968	10
0	0	0	0	1	1183126391	13
0	0	0	0	1	2000000000	6
0	0	0	0	1	532868508	15
0	0	0	0	1	2000000000	0
0	0	0	0	1	892045758	7
0	0	0	0	1	442637440	11
0	0	0	0	1	1498354663	6
0	0	0	0	1	1485210527	10
0	5	750516856	7	5	360700713	6
0	0	0	0	1	2000000000	0
0	0	0	0	1	1866712810	3
0	0	0	0	1	761219541	4
0	0	0	0	1	2000000000	0
0	0	0	0	1	1123380296	6
0	0	0	0	1	2000000000	0
0	4	462783816	4	3	153550281	4
0	0	0	0	1	2000000000	0
0	0	0	0	1	2080245795	10
0	0	0	0	1	1429343500	6
0	0	0	0	1	2000000000	0
0	0	0	0	1	1108696510	5
0	0	0	0	1	523485367	8
0	0	0	0	1	1038407591	6
0	0	0	0	1	1207893336	5
0	0	0	0	1	1742801540	9
0	0	0	0	1	1050620401	9
0	0	0	0	1	2000000000	9
0	0	0	0	1	888563204	4
0	0	0	0	1	2000000000	0
0	0	0	0	1	1337764441	5
0	9	846006143	9	7	150632253	9
0	0	0	0	1	2000000000	1
