3	0	0	17	2	2000000000
1	0	0	6	2	2000000000
2	0	0	4	1	2000000000
5	0	0	17	2	2000000000
6	0	0	12	2	2000000000
2	0	0	3	2	2000000000
4	0	0	2	1	2000000000
4	0	0	13	2	2000000000
1	0	0	0	1	2000000000
2	0	0	2	1	2000000000
2	0	0	8	2	2000000000
1	0	0	13	2	2000000000
1	0	0	4	2	2000000000
2	0	0	7	2	2000000000
5	0	0	2	1	2000000000
2	0	0	1	1	2000000000
3	0	0	10	2	2000000000
2	0	0	10	2	2000000000
3	0	0	0	1	2000000000
3	0	0	18	2	2000000000
5	0	0	5	2	2000000000
3	0	0	9	2	2000000000
5	5	38020	6	2	38020
4	0	0	0	1	2000000000
1	0	0	9	2	2000000000
5	0	0	24	2	2000000000
1	0	0	1	1	2000000000
2	0	0	18	2	2000000000
5	0	0	14	2	2000000000
3	0	0	5	1	2000000000
4	0	0	9	2	2000000000
2	0	0	3	1	2000000000
1	0	0	4	2	2000000000
2	0	0	3	1	2000000000
1	0	0	25	2	2000000000
4	0	0	3	1	2000000000
1	0	0	30	2	2000000000
2	1	9505	3	2	9505
4	2	19010	2	1	19010
1	0	0	0	1	2000000000
1	0	0	27	3	2000000000
3	0	0	13	2	2000000000
2	2	19010	2	1	19010
3	0	0	9	2	2000000000
2	0	0	8	2	2000000000
2	0	0	5	2	2000000000
4	0	0	13	2	2000000000
2	0	0	0	1	2000000000
1	0	0	1	1	2000000000
0	0	0	6	1	2000000000
1	0	0	1	1	2000000000
4	0	0	26	3	2000000000
2	0	0	8	2	2000000000
2	0	0	6	1	2000000000
2	1	9505	1	1	9505
1	0	0	1	1	2000000000
2	0	0	24	2	2000000000
3	0	0	9	2	2000000000
1	0	0	2	1	2000000000
3	0	0	19	2	2000000000
2	0	0	7	2	2000000000
4	0	0	4	2	2000000000
3	0	0	0	1	2000000000
2	0	0	3	1	2000000000
2	0	0	0	1	2000000000
3	0	0	3	2	2000000000
5	0	0	3	1	2000000000
1	0	0	5	2	2000000000
2	0	0	0	1	2000000000
1	0	0	26	2	2000000000
3	0	0	6	2	2000000000
2	0	0	6	1	2000000000
3	0	0	14	2	2000000000
2	0	0	1	1	2000000000
5	0	0	1	1	2000000000
2	0	0	9	2	2000000000
0	0	0	9	2	2000000000
4	0	0	2	1	2000000000
0	0	0	23	2	2000000000
5	0	0	21	2	2000000000
3	0	0	5	1	2000000000
2	0	0	2	1	2000000000
2	0	0	0	1	2000000000
3	0	0	3	1	2000000000
3	0	0	1	1	2000000000
2	0	0	33	2	2000000000
1	0	0	25	2	2000000000
4	1	19010	13	4	19010
3	0	0	1	1	2000000000
4	4	19010	6	3	19010
3	0	0	0	1	2000000000
1	0	0	0	1	2000000000
4	0	0	0	1	2000000000
1	0	0	9	2	2000000000
2	0	0	3	1	2000000000
4	0	0	20	2	2000000000
1	0	0	2	1	2000000000
2	0	0	1	1	2000000000
3	0	0	2	1	2000000000
1	0	0	0	1	2000000000
3	0	0	0	1	2000000000
3	1	19010	10	3	19010
1	0	0	11	2	2000000000
3	0	0	8	2	2000000000
2	0	0	8	2	2000000000
4	0	0	9	2	2000000000
2	0	0	2	1	2000000000
2	0	0	10	2	2000000000
5	0	0	2	1	2000000000
4	0	0	14	2	2000000000
4	0	0	6	1	2000000000
2	0	0	1	1	2000000000
2	0	0	20	2	2000000000
1	0	0	4	2	2000000000
1	0	0	0	1	2000000000
4	0	0	2	1	2000000000
4	2	19010	6	6	19010
1	0	0	8	2	2000000000
6	0	0	0	1	2000000000
6	0	0	7	2	2000000000
5	0	0	1	1	2000000000
3	0	0	16	2	2000000000
3	0	0	4	1	2000000000
1	0	0	6	2	2000000000
1	0	0	6	2	2000000000
5	0	0	6	2	2000000000
2	0	0	8	1	2000000000
3	0	0	12	2	2000000000
0	0	0	4	2	2000000000
4	0	0	3	1	2000000000
0	0	0	16	2	2000000000
5	0	0	4	2	2000000000
2	0	0	0	1	2000000000
0	0	0	0	1	2000000000
5	0	0	0	1	2000000000
3	0	0	4	2	2000000000
0	0	0	13	2	2000000000
3	0	0	2	1	2000000000
3	0	0	21	2	2000000000
1	0	0	0	1	2000000000
1	0	0	15	2	2000000000
3	0	0	7	2	2000000000
4	0	0	0	1	2000000000
3	0	0	8	1	2000000000
3	0	0	6	2	2000000000
3	0	0	2	1	2000000000
3	1	9505	1	1	9505
3	0	0	0	1	2000000000
2	0	0	28	2	2000000000
0	0	0	7	1	2000000000
2	0	0	4	1	2000000000
1	0	0	6	2	2000000000
5	0	0	11	2	2000000000
3	1	9505	3	2	9505
1	0	0	0	1	2000000000
2	0	0	13	2	2000000000
1	0	0	0	1	2000000000
2	0	0	3	1	2000000000
4	0	0	0	1	2000000000
0	0	0	17	2	2000000000
2	0	0	11	2	2000000000
2	0	0	6	2	2000000000
1	0	0	6	1	2000000000
0	0	0	18	2	2000000000
3	0	0	23	3	2000000000
4	0	0	6	1	2000000000
2	0	0	14	2	2000000000
3	0	0	15	2	2000000000
1	0	0	4	1	2000000000
1	0	0	2	1	2000000000
1	0	0	19	2	2000000000
0	0	0	6	1	2000000000
2	0	0	9	2	2000000000
2	0	0	2	1	2000000000
3	3	28515	19	3	28515
5	0	0	17	2	2000000000
1	0	0	24	2	2000000000
1	0	0	3	2	2000000000
0	0	0	2	1	2000000000
3	0	0	2	1	2000000000
1	0	0	7	2	2000000000
1	0	0	7	2	2000000000
3	0	0	25	2	2000000000
0	0	0	9	2	2000000000
3	0	0	2	1	2000000000
7	7	47525	20	10	47525
2	1	38020	6	2	28515
0	0	0	0	1	2000000000
0	0	0	16	3	2000000000
2	0	0	10	2	2000000000
2	0	0	22	2	2000000000
4	0	0	0	1	2000000000
1	0	0	21	2	2000000000
1	0	0	13	2	2000000000
3	3	57030	26	5	57030
1	0	0	6	1	2000000000
3	0	0	2	1	2000000000
1	0	0	0	1	2000000000
4	0	0	26	3	2000000000
2	0	0	0	1	2000000000
4	2	9505	10	5	9505
2	0	0	0	1	2000000000
1	0	0	2	1	2000000000
2	0	0	4	2	2000000000
1	0	0	1	1	2000000000
4	1	9505	3	1	9505
2	0	0	0	1	2000000000
3	1	19010	26	8	19010
3	0	0	4	1	2000000000
4	0	0	16	3	2000000000
3	0	0	21	2	2000000000
4	0	0	5	2	2000000000
2	0	0	7	2	2000000000
5	0	0	1	1	2000000000
2	2	19010	10	4	19010
4	2	19010	2	1	19010
5	0	0	6	2	2000000000
0	0	0	0	1	2000000000
4	0	0	13	2	2000000000
4	0	0	12	2	2000000000
5	0	0	4	1	2000000000
3	0	0	2	1	2000000000
3	0	0	0	1	2000000000
1	0	0	0	1	2000000000
2	0	0	12	2	2000000000
2	0	0	0	1	2000000000
3	0	0	9	2	2000000000
0	0	0	0	1	2000000000
1	0	0	13	2	2000000000
1	0	0	1	1	2000000000
3	0	0	10	2	2000000000
4	0	0	8	2	2000000000
2	0	0	0	1	2000000000
2	0	0	6	2	2000000000
4	0	0	1	1	2000000000
1	0	0	2	1	2000000000
5	0	0	2	1	2000000000
4	0	0	2	1	2000000000
2	0	0	3	1	2000000000
3	0	0	0	1	2000000000
3	3	19010	7	3	19010
0	0	0	11	2	2000000000
3	0	0	12	2	2000000000
5	0	0	8	2	2000000000
3	1	28515	23	4	28515
1	0	0	4	2	2000000000
4	0	0	15	2	2000000000
3	0	0	1	1	2000000000
1	0	0	4	1	2000000000
3	0	0	6	2	2000000000
3	0	0	2	1	2000000000
2	0	0	14	2	2000000000
1	0	0	1	1	2000000000
2	1	47525	14	6	28515
2	0	0	1	1	2000000000
4	0	0	17	2	2000000000
3	1	9505	7	7	9505
4	3	28515	3	1	28515
6	0	0	6	2	2000000000
3	0	0	20	4	2000000000
2	0	0	13	2	2000000000
2	0	0	24	2	2000000000
1	0	0	0	1	2000000000
3	0	0	8	1	2000000000
2	0	0	8	2	2000000000
3	0	0	3	1	2000000000
0	0	0	3	1	2000000000
2	0	0	12	2	2000000000
2	0	0	0	1	2000000000
3	0	0	0	1	2000000000
1	0	0	0	1	2000000000
3	0	0	8	1	2000000000
3	0	0	27	2	2000000000
2	0	0	29	2	2000000000
3	0	0	15	2	2000000000
6	0	0	12	2	2000000000
1	0	0	4	2	2000000000
0	0	0	4	1	2000000000
3	0	0	0	1	2000000000
1	0	0	7	2	2000000000
1	0	0	0	1	2000000000
3	0	0	5	1	2000000000
0	0	0	22	2	2000000000
3	0	0	7	2	2000000000
0	0	0	6	2	2000000000
2	0	0	2	1	2000000000
1	0	0	2	1	2000000000
5	0	0	7	2	2000000000
5	0	0	20	2	2000000000
2	2	9505	14	4	9505
7	0	0	14	2	2000000000
3	0	0	1	1	2000000000
1	0	0	11	1	2000000000
2	1	28515	7	3	28515
1	0	0	7	1	2000000000
3	3	95050	40	6	66535
3	0	0	3	1	2000000000
1	0	0	0	1	2000000000
3	0	0	0	1	2000000000
7	0	0	0	1	2000000000
3	0	0	11	2	2000000000
1	0	0	12	2	2000000000
2	2	9505	5	3	9505
4	0	0	10	2	2000000000
3	2	104555	56	5	104555
1	0	0	0	1	2000000000
3	0	0	10	2	2000000000
5	0	0	0	1	2000000000
1	1	28515	6	3	28515
4	0	0	2	1	2000000000
6	0	0	33	2	2000000000
2	0	0	0	1	2000000000
4	0	0	3	1	2000000000
3	1	9505	4	2	9505
2	1	38020	15	4	38020
2	0	0	2	1	2000000000
4	0	0	3	1	2000000000
2	0	0	0	1	2000000000
5	3	19010	19	6	19010
1	0	0	2	1	2000000000
3	0	0	5	2	2000000000
1	0	0	13	2	2000000000
2	0	0	2	1	2000000000
2	0	0	0	1	2000000000
1	0	0	2	1	2000000000
1	0	0	11	2	2000000000
2	0	0	12	2	2000000000
1	0	0	1	1	2000000000
2	0	0	6	1	2000000000
5	0	0	15	2	2000000000
3	2	19010	2	1	19010
4	0	0	11	2	2000000000
2	2	47525	31	6	47525
2	0	0	2	1	2000000000
3	0	0	11	2	2000000000
2	0	0	2	1	2000000000
3	0	0	7	1	2000000000
1	0	0	12	2	2000000000
0	0	0	7	2	2000000000
1	0	0	0	1	2000000000
8	5	38020	12	6	38020
3	0	0	1	1	2000000000
3	0	0	0	1	2000000000
4	0	0	3	2	2000000000
3	0	0	5	1	2000000000
1	0	0	1	1	2000000000
1	0	0	0	1	2000000000
3	0	0	7	1	2000000000
4	0	0	4	1	2000000000
2	0	0	4	1	2000000000
3	0	0	8	2	2000000000
2	0	0	1	1	2000000000
3	0	0	4	1	2000000000
2	0	0	21	2	2000000000
1	0	0	0	1	2000000000
3	0	0	3	1	2000000000
2	0	0	6	2	2000000000
1	0	0	2	1	2000000000
2	0	0	9	2	2000000000
2	0	0	2	1	2000000000
3	0	0	2	1	2000000000
1	0	0	2	1	2000000000
1	0	0	5	2	2000000000
3	0	0	11	2	2000000000
1	0	0	25	2	2000000000
3	0	0	5	2	2000000000
6	0	0	0	1	2000000000
1	0	0	40	2	2000000000
7	0	0	1	1	2000000000
1	0	0	0	1	2000000000
1	0	0	29	2	2000000000
2	0	0	8	2	2000000000
2	0	0	2	1	2000000000
2	1	19010	7	3	19010
0	0	0	24	2	2000000000
0	0	0	45	2	2000000000
3	0	0	3	1	2000000000
4	0	0	1	1	2000000000
1	0	0	6	2	2000000000
3	0	0	7	2	2000000000
1	0	0	26	2	2000000000
5	0	0	12	2	2000000000
1	0	0	2	1	2000000000
1	1	9505	2	1	9505
1	0	0	16	2	2000000000
2	0	0	0	1	2000000000
1	0	0	6	1	2000000000
4	0	0	17	2	2000000000
3	0	0	3	1	2000000000
0	0	0	4	2	2000000000
3	0	0	6	2	2000000000
1	0	0	17	2	2000000000
3	0	0	0	1	2000000000
3	0	0	12	2	2000000000
3	0	0	0	1	2000000000
2	0	0	2	1	2000000000
5	0	0	0	1	2000000000
5	0	0	1	1	2000000000
0	0	0	8	2	2000000000
2	0	0	6	2	2000000000
3	0	0	1	1	2000000000
1	0	0	13	2	2000000000
2	0	0	7	2	2000000000
2	0	0	1	1	2000000000
6	0	0	2	1	2000000000
4	0	0	2	1	2000000000
5	0	0	0	1	2000000000
3	0	0	0	1	2000000000
4	0	0	12	2	2000000000
5	0	0	3	1	2000000000
3	0	0	9	2	2000000000
3	0	0	2	1	2000000000
1	0	0	15	2	2000000000
0	0	0	7	2	2000000000
3	0	0	9	2	2000000000
4	0	0	2	1	2000000000
3	0	0	0	1	2000000000
2	0	0	6	2	2000000000
2	0	0	4	1	2000000000
2	0	0	15	2	2000000000
1	0	0	23	2	2000000000
1	0	0	11	2	2000000000
4	0	0	15	2	2000000000
3	0	0	19	2	2000000000
2	0	0	4	1	2000000000
2	0	0	4	1	2000000000
1	0	0	2	1	2000000000
2	0	0	2	1	2000000000
4	0	0	3	1	2000000000
3	0	0	12	2	2000000000
4	0	0	6	1	2000000000
1	0	0	7	2	2000000000
4	0	0	3	2	2000000000
6	0	0	13	2	2000000000
3	0	0	0	1	2000000000
3	0	0	0	1	2000000000
2	0	0	9	2	2000000000
1	0	0	3	1	2000000000
1	0	0	46	2	2000000000
2	0	0	0	1	2000000000
3	0	0	2	1	2000000000
2	0	0	10	2	2000000000
2	0	0	14	2	2000000000
3	0	0	0	1	2000000000
0	0	0	7	1	2000000000
3	0	0	12	2	2000000000
2	0	0	26	3	2000000000
4	0	0	2	1	2000000000
2	0	0	18	2	2000000000
1	0	0	1	1	2000000000
2	0	0	2	1	2000000000
1	0	0	0	1	2000000000
0	0	0	10	2	2000000000
4	0	0	32	2	2000000000
2	0	0	0	1	2000000000
1	0	0	0	1	2000000000
3	0	0	21	3	2000000000
1	0	0	7	2	2000000000
3	0	0	4	1	2000000000
2	0	0	0	1	2000000000
3	0	0	8	2	2000000000
2	0	0	2	1	2000000000
2	0	0	0	1	2000000000
3	0	0	7	2	2000000000
3	0	0	6	1	2000000000
3	0	0	11	2	2000000000
4	0	0	3	1	2000000000
2	0	0	0	1	2000000000
2	0	0	7	2	2000000000
2	0	0	2	1	2000000000
3	0	0	0	1	2000000000
0	0	0	25	2	2000000000
3	0	0	6	2	2000000000
4	0	0	0	1	2000000000
0	0	0	19	2	2000000000
2	0	0	5	2	2000000000
1	0	0	0	1	2000000000
5	0	0	21	3	2000000000
1	1	9505	2	3	9505
0	0	0	1	1	2000000000
5	0	0	7	2	2000000000
2	0	0	16	3	2000000000
3	0	0	11	2	2000000000
1	0	0	26	2	2000000000
3	0	0	0	1	2000000000
0	0	0	9	2	2000000000
4	2	19010	15	4	19010
1	0	0	1	1	2000000000
2	0	0	2	1	2000000000
2	1	19010	12	3	19010
1	0	0	0	1	2000000000
6	0	0	3	1	2000000000
1	0	0	23	2	2000000000
2	0	0	8	2	2000000000
1	0	0	28	2	2000000000
5	0	0	12	2	2000000000
2	0	0	0	1	2000000000
3	1	28515	15	3	28515
1	0	0	1	1	2000000000
0	0	0	15	2	2000000000
9	0	0	2	1	2000000000
2	0	0	5	1	2000000000
3	0	0	11	2	2000000000
3	0	0	25	2	2000000000
3	0	0	4	1	2000000000
3	0	0	16	2	2000000000
0	0	0	10	3	2000000000
1	0	0	1	1	2000000000
2	0	0	5	1	2000000000
1	0	0	4	1	2000000000
1	0	0	4	1	2000000000
3	0	0	26	2	2000000000
0	0	0	0	1	2000000000
1	0	0	4	1	2000000000
3	0	0	34	2	2000000000
5	0	0	0	1	2000000000
3	0	0	8	2	2000000000
3	0	0	0	1	2000000000
2	0	0	1	1	2000000000
3	0	0	0	1	2000000000
4	0	0	1	1	2000000000
1	0	0	2	1	2000000000
1	0	0	27	3	2000000000
4	0	0	0	1	2000000000
0	0	0	1	1	2000000000
4	0	0	0	1	2000000000
2	0	0	0	1	2000000000
5	0	0	2	1	2000000000
6	0	0	1	1	2000000000
1	0	0	5	2	2000000000
4	0	0	8	2	2000000000
1	0	0	10	3	2000000000
1	0	0	0	1	2000000000
2	0	0	6	2	2000000000
4	0	0	1	1	2000000000
4	0	0	11	2	2000000000
2	0	0	2	1	2000000000
2	0	0	0	1	2000000000
3	0	0	19	3	2000000000
3	3	19010	4	2	19010
4	0	0	0	1	2000000000
1	0	0	2	1	2000000000
3	0	0	0	1	2000000000
4	3	66535	21	5	66535
1	0	0	23	2	2000000000
2	0	0	1	1	2000000000
2	1	57030	13	3	47525
2	0	0	0	1	2000000000
2	0	0	6	1	2000000000
2	0	0	3	1	2000000000
3	0	0	3	1	2000000000
2	1	133070	29	3	76040
3	0	0	22	2	2000000000
3	0	0	9	2	2000000000
2	0	0	0	1	2000000000
3	0	0	0	1	2000000000
3	0	0	1	1	2000000000
2	0	0	20	2	2000000000
2	0	0	0	1	2000000000
3	0	0	2	1	2000000000
2	0	0	8	2	2000000000
2	2	66535	31	9	57030
3	0	0	0	1	2000000000
2	0	0	0	1	2000000000
4	4	47525	25	9	47525
0	0	0	21	2	2000000000
4	0	0	0	1	2000000000
1	0	0	0	1	2000000000
2	0	0	23	2	2000000000
3	0	0	29	2	2000000000
1	0	0	44	2	2000000000
7	0	0	0	1	2000000000
3	0	0	2	1	2000000000
4	2	38020	12	3	38020
3	0	0	0	1	2000000000
1	1	47525	10	3	28515
5	0	0	10	2	2000000000
3	0	0	2	1	2000000000
2	2	19010	16	6	19010
2	0	0	3	1	2000000000
2	0	0	1	1	2000000000
1	0	0	16	4	2000000000
2	0	0	5	2	2000000000
5	0	0	0	1	2000000000
3	0	0	0	1	2000000000
1	0	0	15	2	2000000000
2	0	0	14	2	2000000000
2	0	0	4	2	2000000000
3	0	0	10	2	2000000000
5	0	0	5	2	2000000000
1	0	0	5	2	2000000000
0	0	0	0	1	2000000000
2	0	0	2	1	2000000000
4	3	38020	10	2	38020
7	0	0	5	1	2000000000
1	0	0	0	1	2000000000
1	0	0	13	3	2000000000
2	0	0	0	1	2000000000
2	0	0	25	2	2000000000
3	0	0	0	1	2000000000
1	1	9505	16	6	9505
2	0	0	20	2	2000000000
2	0	0	11	2	2000000000
4	0	0	4	2	2000000000
5	0	0	2	1	2000000000
2	0	0	0	1	2000000000
3	0	0	0	1	2000000000
2	0	0	0	1	2000000000
5	0	0	1	1	2000000000
3	0	0	12	2	2000000000
4	1	28515	14	6	28515
2	0	0	8	2	2000000000
2	1	9505	2	3	9505
2	0	0	11	2	2000000000
4	0	0	4	1	2000000000
3	0	0	0	1	2000000000
1	0	0	0	1	2000000000
2	0	0	6	1	2000000000
4	0	0	10	2	2000000000
3	0	0	5	1	2000000000
1	0	0	15	3	2000000000
4	0	0	1	1	2000000000
3	0	0	0	1	2000000000
3	0	0	7	2	2000000000
0	0	0	16	2	2000000000
3	0	0	25	2	2000000000
4	0	0	3	1	2000000000
2	0	0	30	2	2000000000
4	4	85545	39	6	85545
7	0	0	9	2	2000000000
1	0	0	12	2	2000000000
4	0	0	18	2	2000000000
0	0	0	3	1	2000000000
4	0	0	2	1	2000000000
3	2	19010	20	5	19010
3	0	0	1	1	2000000000
1	0	0	1	1	2000000000
3	0	0	1	1	2000000000
2	0	0	0	1	2000000000
2	0	0	0	1	2000000000
3	0	0	9	2	2000000000
2	0	0	8	2	2000000000
1	0	0	6	1	2000000000
3	0	0	0	1	2000000000
4	0	0	10	2	2000000000
6	0	0	8	2	2000000000
5	0	0	19	2	2000000000
1	0	0	9	2	2000000000
3	0	0	16	2	2000000000
3	0	0	6	2	2000000000
4	0	0	3	1	2000000000
1	0	0	8	2	2000000000
2	0	0	3	1	2000000000
3	0	0	0	1	2000000000
5	0	0	0	1	2000000000
3	0	0	9	2	2000000000
3	0	0	25	2	2000000000
0	0	0	14	2	2000000000
2	0	0	6	2	2000000000
0	0	0	0	1	2000000000
2	0	0	4	2	2000000000
0	0	0	4	1	2000000000
3	0	0	2	1	2000000000
6	0	0	7	2	2000000000
2	2	19010	4	1	19010
2	0	0	3	1	2000000000
3	0	0	2	1	2000000000
2	0	0	8	2	2000000000
2	1	57030	13	3	57030
3	0	0	17	2	2000000000
4	0	0	9	1	2000000000
4	0	0	17	2	2000000000
1	0	0	2	1	2000000000
2	0	0	0	1	2000000000
3	0	0	9	2	2000000000
2	0	0	0	1	2000000000
5	0	0	2	1	2000000000
2	0	0	4	1	2000000000
0	0	0	0	1	2000000000
2	2	38020	12	3	38020
3	0	0	20	3	2000000000
4	0	0	3	1	2000000000
2	0	0	2	1	2000000000
4	0	0	7	2	2000000000
2	0	0	17	2	2000000000
4	0	0	10	1	2000000000
2	0	0	10	2	2000000000
3	0	0	11	2	2000000000
1	0	0	1	1	2000000000
3	0	0	7	2	2000000000
2	0	0	9	2	2000000000
2	0	0	0	1	2000000000
1	0	0	1	1	2000000000
3	0	0	1	1	2000000000
2	0	0	18	2	2000000000
2	0	0	6	1	2000000000
0	0	0	0	1	2000000000
5	0	0	0	1	2000000000
4	0	0	7	1	2000000000
4	0	0	16	2	2000000000
5	0	0	0	1	2000000000
5	0	0	0	1	2000000000
1	0	0	2	1	2000000000
3	0	0	4	1	2000000000
4	0	0	13	2	2000000000
2	0	0	4	1	2000000000
4	0	0	30	2	2000000000
3	0	0	0	1	2000000000
5	3	19010	12	4	19010
3	0	0	13	2	2000000000
3	0	0	18	2	2000000000
4	0	0	8	3	2000000000
3	0	0	2	1	2000000000
1	0	0	2	1	2000000000
3	2	9505	3	2	9505
2	0	0	0	1	2000000000
3	0	0	1	1	2000000000
4	0	0	2	1	2000000000
4	0	0	3	1	2000000000
0	0	0	14	2	2000000000
1	0	0	2	1	2000000000
3	0	0	0	1	2000000000
5	0	0	0	1	2000000000
2	0	0	0	1	2000000000
4	0	0	14	2	2000000000
1	1	9505	1	1	9505
2	0	0	14	2	2000000000
0	0	0	5	1	2000000000
2	0	0	2	1	2000000000
2	0	0	6	1	2000000000
4	0	0	19	2	2000000000
3	0	0	3	1	2000000000
2	0	0	2	1	2000000000
1	0	0	17	2	2000000000
5	0	0	3	1	2000000000
5	0	0	14	2	2000000000
3	0	0	3	1	2000000000
3	0	0	0	1	2000000000
2	0	0	1	1	2000000000
2	0	0	18	2	2000000000
0	0	0	8	2	2000000000
6	0	0	2	1	2000000000
4	0	0	1	1	2000000000
4	1	19010	4	3	19010
1	0	0	1	1	2000000000
1	0	0	13	2	2000000000
1	0	0	0	1	2000000000
2	0	0	7	2	2000000000
2	0	0	4	2	2000000000
1	0	0	2	1	2000000000
2	0	0	8	2	2000000000
1	0	0	11	2	2000000000
2	0	0	11	2	2000000000
1	0	0	10	2	2000000000
1	0	0	8	1	2000000000
0	0	0	2	1	2000000000
2	0	0	26	2	2000000000
4	0	0	2	1	2000000000
3	0	0	0	1	2000000000
2	0	0	16	2	2000000000
3	0	0	0	1	2000000000
4	2	19010	10	3	19010
2	0	0	16	2	2000000000
1	1	9505	1	1	9505
2	0	0	4	1	2000000000
0	0	0	5	1	2000000000
0	0	0	0	1	2000000000
4	0	0	5	1	2000000000
2	0	0	7	1	2000000000
3	0	0	40	2	2000000000
1	0	0	2	1	2000000000
1	0	0	6	2	2000000000
1	0	0	3	2	2000000000
1	1	9505	3	2	9505
3	1	38020	16	4	28515
3	0	0	2	1	2000000000
2	0	0	0	1	2000000000
4	0	0	2	1	2000000000
4	0	0	2	1	2000000000
6	0	0	14	2	2000000000
1	0	0	15	2	2000000000
1	0	0	2	1	2000000000
4	0	0	5	1	2000000000
4	0	0	10	2	2000000000
3	0	0	0	1	2000000000
4	0	0	0	1	2000000000
1	0	0	0	1	2000000000
1	0	0	1	1	2000000000
3	0	0	2	1	2000000000
3	0	0	2	1	2000000000
2	1	19010	6	3	19010
1	0	0	2	1	2000000000
3	0	0	0	1	2000000000
0	0	0	1	1	2000000000
2	0	0	4	1	2000000000
4	0	0	10	2	2000000000
3	0	0	9	3	2000000000
2	2	19010	10	4	19010
2	0	0	16	5	2000000000
4	4	28515	8	4	28515
3	0	0	7	2	2000000000
7	0	0	2	1	2000000000
3	0	0	17	2	2000000000
2	0	0	12	2	2000000000
1	0	0	21	2	2000000000
3	0	0	2	1	2000000000
3	0	0	5	2	2000000000
1	0	0	6	1	2000000000
5	0	0	6	1	2000000000
1	0	0	2	1	2000000000
3	0	0	5	2	2000000000
2	0	0	0	1	2000000000
3	0	0	2	1	2000000000
2	0	0	2	1	2000000000
1	0	0	3	1	2000000000
1	0	0	1	1	2000000000
4	0	0	4	1	2000000000
1	0	0	2	1	2000000000
3	0	0	26	2	2000000000
7	0	0	9	1	2000000000
2	0	0	0	1	2000000000
3	3	19010	27	4	19010
2	0	0	13	2	2000000000
6	0	0	11	2	2000000000
2	0	0	0	1	2000000000
3	0	0	12	2	2000000000
2	0	0	6	1	2000000000
2	0	0	8	2	2000000000
1	0	0	2	1	2000000000
1	1	9505	7	6	9505
2	0	0	28	2	2000000000
3	0	0	36	2	2000000000
1	0	0	2	1	2000000000
4	0	0	1	1	2000000000
2	0	0	2	1	2000000000
3	1	19010	4	2	19010
4	0	0	1	1	2000000000
1	0	0	0	1	2000000000
4	0	0	4	2	2000000000
2	0	0	4	2	2000000000
3	0	0	0	1	2000000000
2	0	0	3	1	2000000000
4	0	0	3	2	2000000000
4	0	0	0	1	2000000000
2	0	0	11	4	2000000000
3	0	0	8	2	2000000000
3	0	0	4	1	2000000000
4	0	0	5	2	2000000000
3	0	0	0	1	2000000000
1	0	0	0	1	2000000000
2	2	76040	16	3	57030
2	0	0	16	2	2000000000
3	0	0	2	1	2000000000
3	0	0	6	2	2000000000
0	0	0	9	2	2000000000
4	0	0	12	2	2000000000
2	0	0	0	1	2000000000
3	0	0	13	2	2000000000
2	0	0	6	2	2000000000
3	0	0	11	1	2000000000
3	0	0	11	2	2000000000
3	0	0	3	1	2000000000
7	0	0	11	2	2000000000
5	0	0	10	2	2000000000
3	0	0	10	2	2000000000
3	3	28515	3	1	28515
3	0	0	14	2	2000000000
0	0	0	25	2	2000000000
1	0	0	13	2	2000000000
3	0	0	23	2	2000000000
0	0	0	1	1	2000000000
4	0	0	6	2	2000000000
4	0	0	1	1	2000000000
0	0	0	11	2	2000000000
4	0	0	2	1	2000000000
5	0	0	2	1	2000000000
2	0	0	3	1	2000000000
3	0	0	10	2	2000000000
1	0	0	1	1	2000000000
3	0	0	1	1	2000000000
4	0	0	1	1	2000000000
7	0	0	24	2	2000000000
1	0	0	11	2	2000000000
3	0	0	16	2	2000000000
4	0	0	9	2	2000000000
2	0	0	3	1	2000000000
4	0	0	0	1	2000000000
0	0	0	14	2	2000000000
3	0	0	4	1	2000000000
4	0	0	2	1	2000000000
0	0	0	0	1	2000000000
2	0	0	10	2	2000000000
4	0	0	1	1	2000000000
2	0	0	4	1	2000000000
4	0	0	16	2	2000000000
3	0	0	5	2	2000000000
2	0	0	0	1	2000000000
2	0	0	0	1	2000000000
1	0	0	2	1	2000000000
2	0	0	12	2	2000000000
3	0	0	2	1	2000000000
2	0	0	6	1	2000000000
3	0	0	0	1	2000000000
0	0	0	0	1	2000000000
0	0	0	11	2	2000000000
4	0	0	3	2	2000000000
1	0	0	34	2	2000000000
2	0	0	12	2	2000000000
1	0	0	0	1	2000000000
3	3	28515	26	11	28515
4	0	0	2	1	2000000000
2	0	0	3	1	2000000000
3	0	0	2	1	2000000000
4	0	0	5	2	2000000000
2	0	0	8	2	2000000000
4	0	0	0	1	2000000000
0	0	0	1	1	2000000000
3	2	19010	25	3	19010
3	1	9505	19	5	9505
2	0	0	20	2	2000000000
1	0	0	10	2	2000000000
3	0	0	0	1	2000000000
5	0	0	2	1	2000000000
4	0	0	0	1	2000000000
2	0	0	6	1	2000000000
5	0	0	2	1	2000000000
3	0	0	0	1	2000000000
3	0	0	1	1	2000000000
6	0	0	1	1	2000000000
3	0	0	1	1	2000000000
1	0	0	0	1	2000000000
0	0	0	0	1	2000000000
5	0	0	20	2	2000000000
1	0	0	7	2	2000000000
2	0	0	7	2	2000000000
3	0	0	2	1	2000000000
5	1	9505	2	1	9505
1	0	0	7	2	2000000000
6	0	0	5	2	2000000000
2	0	0	8	2	2000000000
3	0	0	20	2	2000000000
3	0	0	5	1	2000000000
4	0	0	1	1	2000000000
3	3	19010	7	3	19010
2	0	0	0	1	2000000000
5	0	0	20	2	2000000000
2	0	0	40	2	2000000000
3	0	0	9	2	2000000000
1	0	0	8	1	2000000000
3	0	0	0	1	2000000000
1	0	0	0	1	2000000000
2	0	0	1	1	2000000000
2	0	0	0	1	2000000000
2	0	0	0	1	2000000000
1	1	19010	13	3	19010
3	0	0	16	2	2000000000
3	0	0	0	1	2000000000
2	0	0	0	1	2000000000
3	0	0	20	2	2000000000
1	0	0	16	2	2000000000
2	0	0	1	1	2000000000
0	0	0	5	2	2000000000
2	0	0	0	1	2000000000
2	0	0	0	1	2000000000
1	0	0	0	1	2000000000
3	0	0	8	2	2000000000
1	0	0	0	1	2000000000
3	0	0	0	1	2000000000
0	0	0	21	2	2000000000
5	0	0	1	1	2000000000
2	0	0	0	1	2000000000
2	0	0	10	2	2000000000
2	0	0	28	2	2000000000
0	0	0	7	2	2000000000
2	0	0	1	1	2000000000
5	0	0	1	1	2000000000
2	2	19010	3	2	19010
1	0	0	12	2	2000000000
1	0	0	16	2	2000000000
4	0	0	4	2	2000000000
4	0	0	3	2	2000000000
1	0	0	0	1	2000000000
2	0	0	17	2	2000000000
2	0	0	18	2	2000000000
1	1	38020	15	5	38020
2	0	0	9	2	2000000000
2	0	0	6	2	2000000000
4	0	0	3	2	2000000000
5	0	0	9	2	2000000000
1	0	0	2	1	2000000000
1	0	0	13	2	2000000000
3	0	0	2	1	2000000000
3	0	0	7	2	2000000000
3	0	0	0	1	2000000000
5	0	0	1	1	2000000000
3	0	0	3	1	2000000000
4	0	0	8	2	2000000000
2	0	0	16	2	2000000000
1	0	0	0	1	2000000000
2	0	0	2	1	2000000000
2	0	0	5	2	2000000000
1	0	0	0	1	2000000000
2	0	0	22	2	2000000000
1	0	0	2	1	2000000000
1	0	0	1	1	2000000000
1	0	0	2	1	2000000000
2	0	0	8	2	2000000000
3	0	0	9	2	2000000000
6	0	0	0	1	2000000000
1	0	0	8	2	2000000000
1	0	0	12	2	2000000000
2	0	0	22	3	2000000000
4	0	0	6	2	2000000000
0	0	0	17	2	2000000000
2	0	0	4	2	2000000000
1	0	0	0	1	2000000000
2	0	0	7	2	2000000000
2	0	0	5	2	2000000000
2	0	0	15	2	2000000000
1	1	28515	10	3	28515
1	0	0	6	1	2000000000
2	1	9505	1	1	9505
4	0	0	0	1	2000000000
3	0	0	21	2	2000000000
4	0	0	33	2	2000000000
3	0	0	11	2	2000000000
3	0	0	3	1	2000000000
2	0	0	8	2	2000000000
3	0	0	1	1	2000000000
3	0	0	2	1	2000000000
3	0	0	13	2	2000000000
2	0	0	6	2	2000000000
3	0	0	1	1	2000000000
1	0	0	1	1	2000000000
3	0	0	5	2	2000000000
4	0	0	9	2	2000000000
2	0	0	3	1	2000000000
3	0	0	6	2	2000000000
3	0	0	2	1	2000000000
3	0	0	14	2	2000000000
3	0	0	19	2	2000000000
3	0	0	31	3	2000000000
3	0	0	5	1	2000000000
3	0	0	1	1	2000000000
1	0	0	19	8	2000000000
5	0	0	0	1	2000000000
2	2	38020	15	5	38020
6	0	0	0	1	2000000000
6	0	0	7	2	2000000000
2	0	0	1	1	2000000000
1	0	0	1	1	2000000000
4	0	0	3	1	2000000000
2	0	0	15	2	2000000000
1	0	0	10	2	2000000000
0	0	0	0	1	2000000000
3	0	0	11	2	2000000000
2	0	0	12	2	2000000000
3	0	0	2	1	2000000000
2	0	0	0	1	2000000000
3	0	0	11	2	2000000000
0	0	0	12	2	2000000000
1	0	0	3	1	2000000000
2	0	0	9	3	2000000000
3	0	0	9	2	2000000000
1	0	0	26	2	2000000000
0	0	0	32	2	2000000000
0	0	0	0	1	2000000000
5	1	9505	5	3	9505
4	2	57030	6	1	57030
3	0	0	5	1	2000000000
5	0	0	1	1	2000000000
4	0	0	0	1	2000000000
2	0	0	10	2	2000000000
2	0	0	19	2	2000000000
1	0	0	16	2	2000000000
2	0	0	12	2	2000000000
1	0	0	1	1	2000000000
3	0	0	8	2	2000000000
1	0	0	5	2	2000000000
1	0	0	34	2	2000000000
2	0	0	5	2	2000000000
0	0	0	8	2	2000000000
1	0	0	0	1	2000000000
0	0	0	14	2	2000000000
1	1	85545	37	3	57030
5	0	0	12	2	2000000000
2	0	0	28	2	2000000000
1	0	0	7	2	2000000000
4	4	47525	7	3	47525
2	0	0	0	1	2000000000
2	0	0	0	1	2000000000
0	0	0	0	1	2000000000
1	0	0	4	1	2000000000
2	0	0	0	1	2000000000
1	0	0	4	1	2000000000
3	2	28515	4	2	28515
6	0	0	0	1	2000000000
1	0	0	17	2	2000000000
3	0	0	5	1	2000000000
5	0	0	17	2	2000000000
2	0	0	0	1	2000000000
1	1	9505	7	1	9505
3	0	0	11	2	2000000000
4	0	0	7	2	2000000000
3	0	0	22	2	2000000000
7	0	0	6	2	2000000000
1	0	0	10	2	2000000000
2	0	0	4	2	2000000000
2	0	0	0	1	2000000000
3	0	0	11	2	2000000000
0	0	0	12	2	2000000000
3	1	85545	44	3	66535
0	0	0	14	2	2000000000
4	0	0	17	2	2000000000
3	0	0	6	2	2000000000
1	0	0	22	2	2000000000
3	0	0	6	1	2000000000
1	0	0	0	1	2000000000
0	0	0	0	1	2000000000
1	0	0	2	1	2000000000
5	5	47525	18	5	47525
2	0	0	2	1	2000000000
1	0	0	12	2	2000000000
2	0	0	21	2	2000000000
2	0	0	2	1	2000000000
5	0	0	10	2	2000000000
4	0	0	4	1	2000000000
1	0	0	0	1	2000000000
3	0	0	8	2	2000000000
5	0	0	18	2	2000000000
1	0	0	8	2	2000000000
2	0	0	6	1	2000000000
3	0	0	18	2	2000000000
5	0	0	0	1	2000000000
4	0	0	6	2	2000000000
1	0	0	10	3	2000000000
1	0	0	2	1	2000000000
3	0	0	1	1	2000000000
1	0	0	0	1	2000000000
4	0	0	1	1	2000000000
1	0	0	3	1	2000000000
0	0	0	0	1	2000000000
2	0	0	17	2	2000000000
1	0	0	0	1	2000000000
4	0	0	7	2	2000000000
5	0	0	3	1	2000000000
2	0	0	30	2	2000000000
5	5	28515	9	4	28515
6	0	0	6	1	2000000000
3	0	0	13	2	2000000000
1	0	0	2	1	2000000000
3	0	0	4	2	2000000000
2	0	0	3	1	2000000000
5	0	0	10	2	2000000000
0	0	0	1	1	2000000000
3	0	0	0	1	2000000000
3	0	0	10	2	2000000000
2	0	0	10	3	2000000000
2	0	0	10	2	2000000000
4	0	0	0	1	2000000000
1	1	38020	15	3	19010
2	0	0	2	1	2000000000
1	0	0	10	1	2000000000
2	0	0	21	2	2000000000
2	0	0	16	2	2000000000
2	0	0	0	1	2000000000
2	0	0	0	1	2000000000
2	0	0	1	1	2000000000
3	3	19010	5	2	19010
3	0	0	1	1	2000000000
4	0	0	4	1	2000000000
2	0	0	0	1	2000000000
0	0	0	6	1	2000000000
3	0	0	26	2	2000000000
6	0	0	33	3	2000000000
1	0	0	5	2	2000000000
2	0	0	1	1	2000000000
3	0	0	31	2	2000000000
4	0	0	19	2	2000000000
2	0	0	14	2	2000000000
2	0	0	12	2	2000000000
1	0	0	0	1	2000000000
6	0	0	16	2	2000000000
1	1	76040	29	5	47525
4	0	0	15	2	2000000000
4	3	19010	10	7	19010
1	0	0	13	2	2000000000
4	0	0	2	1	2000000000
2	0	0	15	2	2000000000
3	0	0	6	2	2000000000
1	0	0	6	2	2000000000
3	0	0	0	1	2000000000
4	0	0	6	2	2000000000
3	1	28515	16	6	28515
4	0	0	2	1	2000000000
4	0	0	5	2	2000000000
1	0	0	3	1	2000000000
2	0	0	3	1	2000000000
1	0	0	1	1	2000000000
3	0	0	7	2	2000000000
3	0	0	1	1	2000000000
1	0	0	0	1	2000000000
4	0	0	0	1	2000000000
1	0	0	40	2	2000000000
2	0	0	23	2	2000000000
1	0	0	0	1	2000000000
1	0	0	0	1	2000000000
3	2	19010	8	3	19010
2	0	0	0	1	2000000000
3	0	0	10	2	2000000000
3	0	0	26	2	2000000000
1	0	0	10	2	2000000000
2	0	0	8	2	2000000000
2	2	57030	47	3	57030
2	1	19010	4	2	19010
3	0	0	4	1	2000000000
2	0	0	7	2	2000000000
2	0	0	2	1	2000000000
2	0	0	9	2	2000000000
6	0	0	5	1	2000000000
3	3	28515	12	5	28515
2	0	0	18	2	2000000000
2	0	0	10	2	2000000000
0	0	0	10	2	2000000000
4	0	0	23	2	2000000000
5	0	0	3	1	2000000000
2	1	19010	7	3	19010
1	0	0	0	1	2000000000
4	0	0	27	3	2000000000
4	0	0	6	1	2000000000
1	0	0	17	2	2000000000
2	0	0	0	1	2000000000
5	0	0	2	1	2000000000
0	0	0	12	2	2000000000
1	0	0	0	1	2000000000
1	0	0	6	1	2000000000
3	0	0	5	2	2000000000
2	0	0	15	2	2000000000
2	0	0	26	2	2000000000
0	0	0	5	2	2000000000
3	0	0	5	1	2000000000
4	0	0	7	2	2000000000
1	0	0	23	2	2000000000
3	1	57030	30	3	57030
2	0	0	0	1	2000000000
5	0	0	15	2	2000000000
1	0	0	5	2	2000000000
2	0	0	1	1	2000000000
3	0	0	1	1	2000000000
3	0	0	6	1	2000000000
3	0	0	9	2	2000000000
2	0	0	0	1	2000000000
2	0	0	9	2	2000000000
4	0	0	3	1	2000000000
4	0	0	8	2	2000000000
1	0	0	0	1	2000000000
4	0	0	0	1	2000000000
0	0	0	13	2	2000000000
1	0	0	10	2	2000000000
1	0	0	4	2	2000000000
1	0	0	16	2	2000000000
3	0	0	1	1	2000000000
3	1	19010	12	3	19010
2	0	0	13	2	2000000000
1	0	0	6	2	2000000000
2	0	0	0	1	2000000000
5	0	0	0	1	2000000000
1	0	0	4	1	2000000000
1	0	0	7	2	2000000000
5	0	0	2	1	2000000000
1	0	0	3	1	2000000000
2	0	0	7	2	2000000000
3	0	0	2	1	2000000000
3	3	19010	5	3	19010
1	0	0	2	1	2000000000
1	1	9505	1	1	9505
0	0	0	11	2	2000000000
2	0	0	5	1	2000000000
3	0	0	2	1	2000000000
0	0	0	28	2	2000000000
3	0	0	0	1	2000000000
2	0	0	21	2	2000000000
4	0	0	0	1	2000000000
2	0	0	1	1	2000000000
4	0	0	2	1	2000000000
2	0	0	7	2	2000000000
4	0	0	3	1	2000000000
2	0	0	0	1	2000000000
4	0	0	4	2	2000000000
2	1	38020	11	4	38020
4	0	0	4	1	2000000000
5	0	0	4	1	2000000000
5	0	0	20	2	2000000000
2	0	0	3	1	2000000000
1	0	0	1	1	2000000000
4	0	0	0	1	2000000000
2	0	0	22	2	2000000000
4	0	0	0	1	2000000000
2	0	0	2	1	2000000000
1	0	0	3	1	2000000000
1	0	0	2	1	2000000000
3	0	0	4	2	2000000000
3	0	0	0	1	2000000000
1	0	0	4	1	2000000000
4	0	0	0	1	2000000000
2	0	0	10	1	2000000000
1	0	0	6	2	2000000000
2	0	0	4	2	2000000000
3	0	0	6	2	2000000000
1	0	0	16	2	2000000000
0	0	0	17	2	2000000000
0	0	0	4	1	2000000000
1	0	0	23	2	2000000000
2	0	0	9	2	2000000000
6	0	0	1	1	2000000000
2	0	0	0	1	2000000000
4	0	0	4	1	2000000000
1	0	0	21	2	2000000000
3	0	0	2	1	2000000000
1	0	0	4	2	2000000000
2	1	9505	1	1	9505
2	0	0	1	1	2000000000
3	0	0	3	1	2000000000
2	0	0	4	1	2000000000
2	0	0	12	2	2000000000
5	0	0	24	2	2000000000
4	0	0	5	2	2000000000
1	0	0	19	2	2000000000
7	0	0	4	2	2000000000
2	0	0	21	2	2000000000
2	0	0	0	1	2000000000
0	0	0	25	2	2000000000
3	0	0	29	2	2000000000
3	0	0	3	1	2000000000
1	0	0	4	1	2000000000
2	2	19010	4	2	19010
2	0	0	50	2	2000000000
3	0	0	0	1	2000000000
0	0	0	9	1	2000000000
3	2	28515	7	3	28515
3	0	0	2	1	2000000000
1	0	0	9	2	2000000000
3	0	0	2	1	2000000000
4	0	0	6	1	2000000000
3	0	0	7	2	2000000000
2	0	0	1	1	2000000000
1	0	0	0	1	2000000000
2	0	0	2	1	2000000000
4	0	0	2	1	2000000000
0	0	0	3	1	2000000000
5	0	0	14	2	2000000000
2	0	0	5	2	2000000000
0	0	0	8	2	2000000000
1	0	0	12	2	2000000000
3	1	38020	7	3	38020
4	0	0	7	2	2000000000
2	0	0	0	1	2000000000
4	0	0	18	2	2000000000
1	0	0	5	1	2000000000
1	0	0	9	2	2000000000
5	4	28515	7	4	28515
1	0	0	2	1	2000000000
0	0	0	0	1	2000000000
1	0	0	1	1	2000000000
2	0	0	0	1	2000000000
3	0	0	0	1	2000000000
4	0	0	12	2	2000000000
1	0	0	3	2	2000000000
2	0	0	0	1	2000000000
1	0	0	30	2	2000000000
5	0	0	5	2	2000000000
2	0	0	12	2	2000000000
3	0	0	7	2	2000000000
1	0	0	2	1	2000000000
0	0	0	6	2	2000000000
3	0	0	14	2	2000000000
2	0	0	4	1	2000000000
4	0	0	0	1	2000000000
4	0	0	2	1	2000000000
2	0	0	9	2	2000000000
3	0	0	1	1	2000000000
3	0	0	9	2	2000000000
1	0	0	17	2	2000000000
0	0	0	0	1	2000000000
1	0	0	3	1	2000000000
4	0	0	4	1	2000000000
1	0	0	0	1	2000000000
2	0	0	3	1	2000000000
5	0	0	1	1	2000000000
1	0	0	7	2	2000000000
1	0	0	2	1	2000000000
0	0	0	2	1	2000000000
6	2	19010	2	1	19010
3	0	0	4	1	2000000000
2	0	0	7	2	2000000000
1	0	0	19	3	2000000000
1	1	9505	2	2	9505
0	0	0	22	2	2000000000
3	3	19010	3	2	19010
2	0	0	12	2	2000000000
0	0	0	3	1	2000000000
4	0	0	0	1	2000000000
3	0	0	1	1	2000000000
2	0	0	0	1	2000000000
4	1	47525	16	4	47525
1	0	0	14	2	2000000000
3	0	0	0	1	2000000000
3	0	0	7	2	2000000000
3	0	0	2	1	2000000000
3	0	0	0	1	2000000000
4	0	0	18	2	2000000000
0	0	0	10	2	2000000000
1	0	0	6	2	2000000000
1	1	47525	27	3	47525
4	0	0	23	2	2000000000
2	0	0	0	1	2000000000
1	0	0	2	1	2000000000
4	0	0	4	2	2000000000
1	0	0	0	1	2000000000
1	0	0	4	1	2000000000
5	4	19010	38	9	19010
3	0	0	10	2	2000000000
0	0	0	1	1	2000000000
0	0	0	1	1	2000000000
1	0	0	23	2	2000000000
1	0	0	0	1	2000000000
2	0	0	7	2	2000000000
3	0	0	2	1	2000000000
0	0	0	9	1	2000000000
0	0	0	22	2	2000000000
3	0	0	4	1	2000000000
1	1	9505	1	1	9505
1	0	0	11	2	2000000000
6	0	0	8	2	2000000000
2	1	9505	4	2	9505
0	0	0	2	1	2000000000
2	0	0	11	1	2000000000
4	0	0	10	2	2000000000
3	1	19010	10	8	9505
2	0	0	4	1	2000000000
2	0	0	1	1	2000000000
0	0	0	0	1	2000000000
1	0	0	12	2	2000000000
3	0	0	2	1	2000000000
2	0	0	23	2	2000000000
4	4	28515	16	7	28515
1	0	0	40	3	2000000000
2	0	0	0	1	2000000000
3	0	0	0	1	2000000000
4	1	28515	38	4	28515
5	0	0	7	2	2000000000
1	1	76040	29	4	76040
0	0	0	0	1	2000000000
3	3	47525	49	6	47525
2	0	0	14	2	2000000000
0	0	0	5	4	2000000000
1	0	0	7	2	2000000000
1	0	0	2	1	2000000000
3	0	0	3	1	2000000000
1	0	0	8	2	2000000000
2	0	0	5	2	2000000000
4	0	0	10	2	2000000000
1	0	0	7	2	2000000000
2	0	0	1	1	2000000000
1	0	0	14	2	2000000000
1	0	0	1	1	2000000000
4	0	0	7	2	2000000000
3	0	0	0	1	2000000000
2	0	0	14	2	2000000000
3	0	0	34	2	2000000000
1	0	0	2	2	2000000000
5	0	0	7	2	2000000000
4	0	0	2	1	2000000000
2	0	0	32	2	2000000000
5	0	0	2	1	2000000000
2	0	0	12	2	2000000000
3	0	0	20	2	2000000000
2	0	0	13	2	2000000000
1	0	0	0	1	2000000000
1	0	0	10	1	2000000000
3	0	0	13	2	2000000000
3	0	0	12	2	2000000000
1	0	0	17	2	2000000000
2	2	28515	13	4	28515
2	0	0	7	2	2000000000
2	0	0	4	2	2000000000
2	0	0	10	2	2000000000
2	0	0	28	2	2000000000
1	0	0	13	2	2000000000
5	0	0	2	1	2000000000
3	0	0	7	2	2000000000
0	0	0	17	2	2000000000
2	0	0	6	1	2000000000
1	0	0	9	2	2000000000
2	0	0	15	2	2000000000
4	0	0	23	2	2000000000
2	0	0	2	1	2000000000
0	0	0	4	1	2000000000
3	0	0	5	2	2000000000
2	0	0	1	1	2000000000
3	0	0	0	1	2000000000
4	0	0	20	2	2000000000
1	0	0	27	2	2000000000
3	0	0	0	1	2000000000
2	0	0	5	2	2000000000
4	0	0	0	1	2000000000
7	0	0	0	1	2000000000
3	0	0	4	1	2000000000
1	0	0	1	1	2000000000
2	0	0	2	1	2000000000
1	0	0	0	1	2000000000
3	0	0	4	2	2000000000
2	0	0	0	1	2000000000
0	0	0	3	1	2000000000
1	0	0	0	1	2000000000
3	0	0	1	1	2000000000
4	0	0	12	3	2000000000
6	0	0	16	2	2000000000
4	0	0	4	2	2000000000
1	0	0	15	3	2000000000
2	0	0	3	1	2000000000
1	0	0	3	1	2000000000
1	0	0	1	1	2000000000
6	0	0	6	2	2000000000
0	0	0	20	2	2000000000
1	0	0	3	1	2000000000
5	0	0	0	1	2000000000
3	0	0	0	1	2000000000
1	0	0	12	2	2000000000
1	0	0	35	2	2000000000
3	0	0	0	1	2000000000
3	0	0	2	1	2000000000
3	0	0	0	1	2000000000
0	0	0	0	1	2000000000
1	1	19010	8	3	19010
2	0	0	8	2	2000000000
0	0	0	0	1	2000000000
0	0	0	13	2	2000000000
0	0	0	1	1	2000000000
2	0	0	38	2	2000000000
3	0	0	16	3	2000000000
4	2	19010	6	3	19010
1	0	0	2	1	2000000000
2	0	0	1	1	2000000000
1	0	0	0	1	2000000000
2	0	0	11	2	2000000000
2	0	0	8	2	2000000000
5	0	0	2	1	2000000000
3	1	9505	2	1	9505
1	0	0	3	1	2000000000
3	0	0	20	2	2000000000
2	0	0	2	1	2000000000
4	0	0	13	2	2000000000
2	0	0	28	2	2000000000
4	0	0	0	1	2000000000
1	0	0	4	2	2000000000
3	0	0	2	1	2000000000
3	0	0	7	2	2000000000
3	0	0	0	1	2000000000
3	0	0	0	1	2000000000
0	0	0	2	1	2000000000
2	0	0	5	1	2000000000
1	0	0	7	1	2000000000
3	0	0	18	2	2000000000
3	0	0	8	2	2000000000
1	0	0	9	2	2000000000
3	3	38020	8	3	38020
4	0	0	7	2	2000000000
3	0	0	0	1	2000000000
3	0	0	13	2	2000000000
2	0	0	1	1	2000000000
3	0	0	2	1	2000000000
4	0	0	1	1	2000000000
4	3	57030	23	3	57030
2	0	0	0	1	2000000000
1	0	0	13	2	2000000000
2	0	0	2	1	2000000000
3	1	9505	8	8	9505
1	0	0	12	2	2000000000
2	0	0	16	3	2000000000
2	0	0	30	2	2000000000
2	0	0	25	2	2000000000
4	0	0	11	2	2000000000
6	0	0	0	1	2000000000
2	0	0	3	1	2000000000
3	0	0	0	1	2000000000
3	0	0	12	2	2000000000
2	2	28515	8	5	28515
5	5	47525	7	2	47525
4	0	0	31	2	2000000000
3	3	38020	21	3	38020
2	0	0	0	1	2000000000
6	0	0	6	2	2000000000
2	0	0	4	2	2000000000
3	0	0	2	1	2000000000
3	0	0	0	1	2000000000
2	0	0	2	1	2000000000
0	0	0	16	2	2000000000
2	0	0	0	1	2000000000
1	0	0	4	1	2000000000
2	1	9505	2	1	9505
2	0	0	4	1	2000000000
3	0	0	0	1	2000000000
6	0	0	30	2	2000000000
1	0	0	8	2	2000000000
5	0	0	32	2	2000000000
2	0	0	14	2	2000000000
2	0	0	14	2	2000000000
1	0	0	5	2	2000000000
0	0	0	1	1	2000000000
1	1	9505	5	2	9505
2	0	0	21	2	2000000000
2	1	57030	17	2	57030
3	0	0	0	1	2000000000
3	0	0	4	1	2000000000
1	0	0	19	2	2000000000
4	0	0	9	2	2000000000
1	1	19010	15	10	9505
3	0	0	11	2	2000000000
4	0	0	3	1	2000000000
0	0	0	21	2	2000000000
4	0	0	16	2	2000000000
4	0	0	15	2	2000000000
1	0	0	15	3	2000000000
2	0	0	0	1	2000000000
2	0	0	2	1	2000000000
2	0	0	4	1	2000000000
2	0	0	5	1	2000000000
2	0	0	1	1	2000000000
0	0	0	6	2	2000000000
1	0	0	1	1	2000000000
3	0	0	13	2	2000000000
0	0	0	16	2	2000000000
1	0	0	5	2	2000000000
1	0	0	0	1	2000000000
2	0	0	6	2	2000000000
4	0	0	18	2	2000000000
5	0	0	5	1	2000000000
2	0	0	2	1	2000000000
2	2	19010	15	3	19010
4	0	0	8	2	2000000000
2	0	0	1	1	2000000000
2	0	0	6	1	2000000000
2	0	0	15	2	2000000000
2	0	0	2	1	2000000000
3	0	0	4	1	2000000000
2	0	0	0	1	2000000000
4	0	0	0	1	2000000000
4	0	0	17	3	2000000000
1	0	0	4	1	2000000000
2	0	0	2	1	2000000000
6	0	0	0	1	2000000000
3	0	0	10	2	2000000000
2	2	38020	28	7	38020
4	0	0	15	2	2000000000
9	0	0	1	1	2000000000
1	0	0	7	2	2000000000
3	0	0	8	2	2000000000
0	0	0	1	1	2000000000
3	0	0	5	1	2000000000
2	0	0	17	2	2000000000
4	0	0	9	2	2000000000
2	1	28515	13	3	28515
1	0	0	27	2	2000000000
3	0	0	6	2	2000000000
3	0	0	3	1	2000000000
0	0	0	2	1	2000000000
5	5	85545	23	10	47525
4	0	0	0	1	2000000000
4	0	0	1	1	2000000000
4	0	0	5	1	2000000000
2	0	0	11	2	2000000000
3	1	9505	1	1	9505
0	0	0	0	1	2000000000
1	0	0	15	2	2000000000
1	0	0	11	2	2000000000
3	0	0	0	1	2000000000
2	0	0	1	1	2000000000
1	1	28515	8	3	28515
2	0	0	2	1	2000000000
2	0	0	0	1	2000000000
3	0	0	0	1	2000000000
1	0	0	4	1	2000000000
3	3	19010	7	6	19010
5	0	0	2	1	2000000000
3	0	0	0	1	2000000000
1	0	0	4	1	2000000000
5	0	0	3	1	2000000000
2	0	0	0	1	2000000000
0	0	0	3	1	2000000000
4	0	0	2	1	2000000000
5	0	0	30	2	2000000000
3	1	9505	1	1	9505
0	0	0	3	1	2000000000
2	0	0	0	1	2000000000
0	0	0	8	2	2000000000
2	1	38020	23	6	38020
1	0	0	6	1	2000000000
5	0	0	8	2	2000000000
2	0	0	22	2	2000000000
3	0	0	10	2	2000000000
3	0	0	4	1	2000000000
3	0	0	34	2	2000000000
4	0	0	3	1	2000000000
3	3	19010	9	6	19010
2	0	0	1	1	2000000000
1	0	0	7	2	2000000000
3	3	57030	19	5	57030
0	0	0	2	1	2000000000
1	0	0	0	1	2000000000
4	0	0	6	2	2000000000
5	0	0	5	1	2000000000
1	0	0	20	2	2000000000
1	0	0	12	2	2000000000
1	0	0	0	1	2000000000
6	0	0	2	1	2000000000
2	0	0	0	1	2000000000
2	0	0	6	1	2000000000
5	0	0	2	1	2000000000
1	0	0	3	2	2000000000
1	0	0	3	1	2000000000
3	0	0	0	1	2000000000
2	0	0	17	2	2000000000
5	0	0	0	1	2000000000
1	0	0	12	2	2000000000
3	0	0	17	2	2000000000
4	0	0	0	1	2000000000
3	0	0	21	2	2000000000
4	0	0	2	1	2000000000
2	0	0	2	1	2000000000
3	0	0	2	1	2000000000
1	1	19010	7	4	19010
2	0	0	10	3	2000000000
3	0	0	0	1	2000000000
3	3	47525	10	4	47525
0	0	0	6	1	2000000000
1	0	0	18	2	2000000000
2	0	0	7	2	2000000000
5	0	0	10	2	2000000000
3	1	9505	7	5	9505
5	0	0	18	2	2000000000
3	0	0	5	2	2000000000
1	0	0	12	2	2000000000
0	0	0	4	2	2000000000
1	0	0	0	1	2000000000
4	0	0	9	2	2000000000
6	0	0	2	1	2000000000
4	0	0	5	1	2000000000
0	0	0	9	2	2000000000
3	2	38020	30	5	38020
1	0	0	42	2	2000000000
2	0	0	0	1	2000000000
2	1	28515	10	4	19010
2	0	0	17	2	2000000000
3	0	0	0	1	2000000000
5	5	57030	17	6	57030
2	0	0	5	2	2000000000
5	0	0	2	1	2000000000
3	0	0	4	1	2000000000
2	0	0	6	1	2000000000
3	0	0	6	2	2000000000
4	0	0	3	1	2000000000
4	0	0	12	2	2000000000
5	0	0	3	1	2000000000
2	0	0	0	1	2000000000
3	0	0	4	2	2000000000
1	0	0	4	2	2000000000
1	0	0	4	1	2000000000
1	0	0	0	1	2000000000
1	0	0	2	1	2000000000
0	0	0	29	2	2000000000
1	0	0	4	2	2000000000
1	0	0	1	1	2000000000
4	0	0	0	1	2000000000
2	0	0	4	1	2000000000
1	0	0	6	1	2000000000
2	0	0	15	2	2000000000
3	0	0	6	1	2000000000
2	0	0	0	1	2000000000
5	0	0	10	2	2000000000
3	0	0	3	2	2000000000
2	0	0	2	1	2000000000
2	0	0	7	2	2000000000
1	0	0	0	1	2000000000
3	0	0	10	1	2000000000
3	0	0	5	1	2000000000
0	0	0	28	2	2000000000
3	0	0	22	2	2000000000
1	0	0	0	1	2000000000
3	0	0	0	1	2000000000
3	0	0	5	2	2000000000
1	0	0	33	2	2000000000
3	0	0	0	1	2000000000
2	0	0	4	1	2000000000
1	0	0	32	2	2000000000
4	0	0	0	1	2000000000
2	1	9505	6	1	9505
0	0	0	2	1	2000000000
3	0	0	12	2	2000000000
2	0	0	13	2	2000000000
4	0	0	2	1	2000000000
2	0	0	0	1	2000000000
3	0	0	2	1	2000000000
3	1	38020	16	4	38020
2	0	0	0	1	2000000000
2	0	0	0	1	2000000000
3	0	0	1	1	2000000000
0	0	0	2	1	2000000000
2	0	0	1	1	2000000000
3	0	0	8	2	2000000000
2	2	38020	19	3	38020
6	0	0	8	2	2000000000
5	0	0	10	2	2000000000
3	0	0	4	1	2000000000
1	0	0	15	2	2000000000
3	3	28515	12	9	28515
6	0	0	2	1	2000000000
4	0	0	0	1	2000000000
6	0	0	5	2	2000000000
4	2	19010	9	6	19010
2	0	0	3	1	2000000000
2	0	0	0	1	2000000000
2	0	0	8	2	2000000000
1	0	0	4	2	2000000000
1	0	0	2	1	2000000000
3	0	0	0	1	2000000000
0	0	0	6	1	2000000000
2	0	0	10	2	2000000000
2	0	0	2	1	2000000000
2	0	0	6	1	2000000000
3	0	0	8	1	2000000000
3	0	0	17	3	2000000000
2	0	0	5	2	2000000000
2	0	0	0	1	2000000000
4	0	0	6	2	2000000000
3	0	0	5	2	2000000000
4	0	0	2	1	2000000000
0	0	0	2	1	2000000000
2	0	0	13	2	2000000000
0	0	0	7	2	2000000000
1	0	0	4	2	2000000000
2	0	0	0	1	2000000000
4	0	0	2	1	2000000000
2	0	0	13	2	2000000000
4	0	0	2	1	2000000000
2	0	0	28	2	2000000000
4	4	47525	11	5	47525
5	0	0	4	1	2000000000
4	1	95050	46	4	95050
3	0	0	0	1	2000000000
3	0	0	8	1	2000000000
4	0	0	2	1	2000000000
1	0	0	49	2	2000000000
4	0	0	16	2	2000000000
2	0	0	2	1	2000000000
1	0	0	9	2	2000000000
1	0	0	6	2	2000000000
1	0	0	14	2	2000000000
2	0	0	3	1	2000000000
2	0	0	4	1	2000000000
0	0	0	12	2	2000000000
2	0	0	5	2	2000000000
1	0	0	17	2	2000000000
0	0	0	24	2	2000000000
2	0	0	9	2	2000000000
1	1	38020	16	3	38020
6	0	0	18	2	2000000000
4	0	0	11	2	2000000000
2	0	0	2	1	2000000000
2	0	0	2	1	2000000000
0	0	0	1	1	2000000000
5	0	0	3	1	2000000000
6	0	0	1	1	2000000000
0	0	0	2	1	2000000000
3	0	0	14	2	2000000000
5	0	0	8	2	2000000000
3	0	0	4	1	2000000000
3	0	0	23	2	2000000000
4	0	0	4	1	2000000000
1	0	0	0	1	2000000000
2	0	0	0	1	2000000000
1	1	19010	22	7	19010
4	0	0	4	1	2000000000
3	0	0	4	1	2000000000
2	0	0	0	1	2000000000
3	0	0	0	1	2000000000
3	0	0	9	2	2000000000
3	0	0	2	1	2000000000
4	4	47525	17	5	47525
3	3	28515	4	1	28515
6	0	0	8	2	2000000000
5	0	0	0	1	2000000000
3	0	0	17	2	2000000000
4	4	19010	4	3	19010
2	0	0	7	2	2000000000
1	0	0	1	1	2000000000
2	0	0	5	2	2000000000
2	0	0	9	3	2000000000
5	0	0	12	2	2000000000
3	1	38020	17	5	28515
5	0	0	10	2	2000000000
1	0	0	3	2	2000000000
2	0	0	12	2	2000000000
4	0	0	8	2	2000000000
2	0	0	0	1	2000000000
2	0	0	0	1	2000000000
1	0	0	4	1	2000000000
2	0	0	1	1	2000000000
4	0	0	11	2	2000000000
2	0	0	1	1	2000000000
3	0	0	8	1	2000000000
1	0	0	14	3	2000000000
5	0	0	2	1	2000000000
0	0	0	7	1	2000000000
2	0	0	3	1	2000000000
3	3	19010	6	2	19010
3	0	0	2	1	2000000000
7	0	0	2	1	2000000000
0	0	0	12	2	2000000000
4	0	0	2	1	2000000000
0	0	0	20	3	2000000000
2	2	57030	17	7	28515
0	0	0	18	2	2000000000
5	0	0	2	1	2000000000
2	0	0	2	1	2000000000
1	0	0	3	1	2000000000
2	0	0	0	1	2000000000
0	0	0	12	2	2000000000
3	0	0	7	2	2000000000
1	0	0	2	1	2000000000
5	0	0	7	2	2000000000
3	0	0	17	2	2000000000
0	0	0	13	2	2000000000
5	0	0	4	1	2000000000
2	0	0	1	1	2000000000
3	0	0	2	1	2000000000
0	0	0	4	1	2000000000
3	0	0	35	2	2000000000
0	0	0	8	2	2000000000
4	0	0	4	1	2000000000
4	0	0	14	2	2000000000
3	0	0	4	1	2000000000
3	0	0	0	1	2000000000
5	0	0	14	2	2000000000
1	0	0	12	2	2000000000
3	0	0	4	1	2000000000
1	0	0	4	2	2000000000
1	0	0	4	1	2000000000
7	0	0	20	2	2000000000
2	0	0	7	2	2000000000
4	0	0	9	2	2000000000
2	0	0	9	2	2000000000
6	0	0	5	1	2000000000
2	0	0	17	2	2000000000
2	2	19010	5	1	19010
0	0	0	11	2	2000000000
2	0	0	1	1	2000000000
0	0	0	5	1	2000000000
0	0	0	20	2	2000000000
8	0	0	0	1	2000000000
4	0	0	11	2	2000000000
2	0	0	2	1	2000000000
2	1	9505	14	7	9505
4	0	0	11	2	2000000000
2	0	0	9	2	2000000000
1	0	0	5	1	2000000000
3	0	0	4	2	2000000000
3	1	28515	17	6	28515
4	0	0	2	1	2000000000
2	0	0	4	1	2000000000
4	0	0	0	1	2000000000
2	0	0	1	1	2000000000
2	0	0	1	1	2000000000
2	0	0	38	2	2000000000
0	0	0	3	1	2000000000
3	0	0	0	1	2000000000
2	0	0	0	1	2000000000
2	0	0	2	1	2000000000
3	0	0	25	2	2000000000
3	0	0	20	2	2000000000
2	0	0	9	2	2000000000
3	0	0	2	1	2000000000
3	0	0	1	1	2000000000
2	0	0	7	2	2000000000
1	0	0	3	2	2000000000
4	0	0	16	2	2000000000
3	0	0	0	1	2000000000
0	0	0	23	2	2000000000
1	0	0	1	1	2000000000
4	0	0	0	1	2000000000
4	0	0	4	1	2000000000
4	4	28515	10	5	28515
4	0	0	3	1	2000000000
3	2	38020	18	3	38020
2	0	0	1	1	2000000000
2	2	19010	9	4	19010
5	0	0	17	2	2000000000
1	0	0	4	2	2000000000
3	0	0	4	1	2000000000
0	0	0	0	1	2000000000
2	0	0	10	2	2000000000
2	0	0	1	1	2000000000
1	0	0	21	2	2000000000
1	0	0	5	2	2000000000
1	0	0	0	1	2000000000
3	0	0	6	2	2000000000
0	0	0	20	2	2000000000
3	0	0	0	1	2000000000
2	0	0	5	2	2000000000
3	0	0	17	2	2000000000
3	0	0	0	1	2000000000
1	0	0	10	2	2000000000
1	0	0	0	1	2000000000
2	0	0	6	2	2000000000
1	0	0	31	2	2000000000
2	1	19010	4	3	19010
3	0	0	17	2	2000000000
3	0	0	21	2	2000000000
2	0	0	0	1	2000000000
0	0	0	35	2	2000000000
2	0	0	1	1	2000000000
3	0	0	4	1	2000000000
2	0	0	5	1	2000000000
1	0	0	5	1	2000000000
1	0	0	20	2	2000000000
2	0	0	15	2	2000000000
2	0	0	1	1	2000000000
2	0	0	15	2	2000000000
3	0	0	4	1	2000000000
4	0	0	4	1	2000000000
7	0	0	2	1	2000000000
2	0	0	16	2	2000000000
2	0	0	11	2	2000000000
1	0	0	20	2	2000000000
2	0	0	3	1	2000000000
0	0	0	1	1	2000000000
2	2	19010	33	9	19010
4	0	0	3	1	2000000000
0	0	0	0	1	2000000000
2	0	0	11	2	2000000000
0	0	0	25	2	2000000000
0	0	0	0	1	2000000000
2	0	0	27	2	2000000000
0	0	0	2	1	2000000000
1	0	0	5	2	2000000000
0	0	0	8	2	2000000000
5	0	0	0	1	2000000000
5	0	0	1	1	2000000000
3	0	0	2	1	2000000000
1	0	0	9	2	2000000000
3	0	0	0	1	2000000000
3	0	0	1	1	2000000000
3	0	0	0	1	2000000000
2	0	0	4	2	2000000000
3	0	0	19	2	2000000000
3	0	0	9	2	2000000000
0	0	0	23	2	2000000000
1	0	0	24	2	2000000000
2	0	0	1	1	2000000000
3	0	0	5	2	2000000000
3	0	0	8	1	2000000000
1	0	0	1	1	2000000000
1	0	0	10	2	2000000000
1	0	0	13	2	2000000000
1	0	0	14	2	2000000000
4	0	0	3	2	2000000000
5	0	0	3	2	2000000000
4	0	0	13	2	2000000000
4	0	0	4	1	2000000000
2	0	0	21	2	2000000000
2	0	0	0	1	2000000000
2	0	0	34	2	2000000000
4	0	0	17	2	2000000000
2	0	0	13	2	2000000000
1	0	0	0	1	2000000000
5	0	0	13	3	2000000000
4	0	0	19	3	2000000000
1	0	0	10	2	2000000000
3	0	0	13	2	2000000000
4	1	47525	11	3	47525
2	0	0	6	1	2000000000
1	0	0	3	1	2000000000
2	0	0	1	1	2000000000
0	0	0	14	3	2000000000
3	0	0	3	1	2000000000
1	0	0	48	2	2000000000
3	2	19010	3	2	19010
3	0	0	15	2	2000000000
4	0	0	14	2	2000000000
4	0	0	9	2	2000000000
1	0	0	7	2	2000000000
1	0	0	0	1	2000000000
3	0	0	0	1	2000000000
5	0	0	4	1	2000000000
4	0	0	0	1	2000000000
2	0	0	3	1	2000000000
3	0	0	1	1	2000000000
1	0	0	0	1	2000000000
4	0	0	0	1	2000000000
1	0	0	19	2	2000000000
2	0	0	6	2	2000000000
1	0	0	11	2	2000000000
1	0	0	0	1	2000000000
2	0	0	0	1	2000000000
4	0	0	1	1	2000000000
2	0	0	2	1	2000000000
2	0	0	0	1	2000000000
3	0	0	28	3	2000000000
3	0	0	3	1	2000000000
3	0	0	2	1	2000000000
2	0	0	25	2	2000000000
4	0	0	1	1	2000000000
3	0	0	0	1	2000000000
3	2	47525	36	3	47525
3	0	0	7	2	2000000000
0	0	0	0	1	2000000000
1	0	0	0	1	2000000000
1	0	0	4	2	2000000000
1	0	0	17	2	2000000000
4	0	0	18	2	2000000000
2	0	0	0	1	2000000000
3	0	0	1	1	2000000000
1	0	0	8	2	2000000000
5	0	0	0	1	2000000000
5	0	0	29	2	2000000000
3	0	0	0	1	2000000000
1	0	0	34	6	2000000000
3	0	0	7	2	2000000000
1	0	0	8	1	2000000000
4	0	0	2	1	2000000000
3	0	0	15	2	2000000000
1	0	0	11	2	2000000000
2	0	0	1	1	2000000000
2	0	0	8	1	2000000000
3	0	0	0	1	2000000000
4	0	0	11	2	2000000000
3	0	0	0	1	2000000000
3	3	19010	8	4	19010
3	0	0	0	1	2000000000
4	0	0	18	2	2000000000
0	0	0	12	2	2000000000
3	0	0	3	1	2000000000
0	0	0	0	1	2000000000
2	0	0	0	1	2000000000
3	0	0	21	3	2000000000
1	0	0	0	1	2000000000
1	0	0	11	2	2000000000
4	0	0	2	1	2000000000
2	0	0	2	1	2000000000
3	0	0	4	2	2000000000
3	0	0	16	2	2000000000
3	0	0	12	2	2000000000
0	0	0	6	2	2000000000
1	0	0	1	1	2000000000
3	0	0	11	2	2000000000
3	0	0	0	1	2000000000
1	0	0	0	1	2000000000
3	0	0	17	2	2000000000
1	0	0	4	2	2000000000
3	0	0	11	2	2000000000
5	0	0	4	1	2000000000
1	0	0	4	3	2000000000
2	1	9505	18	5	9505
3	0	0	1	1	2000000000
2	0	0	15	2	2000000000
2	0	0	6	1	2000000000
4	0	0	5	2	2000000000
1	0	0	6	1	2000000000
1	0	0	5	2	2000000000
2	0	0	34	2	2000000000
3	0	0	3	1	2000000000
3	0	0	4	1	2000000000
2	0	0	0	1	2000000000
1	0	0	0	1	2000000000
4	1	66535	29	4	47525
5	0	0	5	2	2000000000
2	1	38020	7	2	38020
2	1	9505	13	4	9505
6	0	0	2	1	2000000000
4	2	28515	11	3	28515
1	1	38020	11	3	38020
1	0	0	2	1	2000000000
3	0	0	20	2	2000000000
4	0	0	28	2	2000000000
4	0	0	2	1	2000000000
4	0	0	2	1	2000000000
1	0	0	3	2	2000000000
1	0	0	2	1	2000000000
4	0	0	0	1	2000000000
3	0	0	15	2	2000000000
4	0	0	3	1	2000000000
3	0	0	3	1	2000000000
2	0	0	2	1	2000000000
1	0	0	10	2	2000000000
1	0	0	2	1	2000000000
3	0	0	2	1	2000000000
3	0	0	14	2	2000000000
2	0	0	6	2	2000000000
1	0	0	12	2	2000000000
2	0	0	2	1	2000000000
4	0	0	0	1	2000000000
2	0	0	3	1	2000000000
1	0	0	4	1	2000000000
3	0	0	15	2	2000000000
2	0	0	2	1	2000000000
2	0	0	1	1	2000000000
2	0	0	4	2	2000000000
4	0	0	11	2	2000000000
0	0	0	0	1	2000000000
1	0	0	3	1	2000000000
2	0	0	2	1	2000000000
4	0	0	5	2	2000000000
3	0	0	5	2	2000000000
1	0	0	11	2	2000000000
1	0	0	0	1	2000000000
3	0	0	4	1	2000000000
4	0	0	2	1	2000000000
2	0	0	0	1	2000000000
2	0	0	19	2	2000000000
2	0	0	11	2	2000000000
3	0	0	0	1	2000000000
6	0	0	0	1	2000000000
4	0	0	2	1	2000000000
2	0	0	8	2	2000000000
5	0	0	4	2	2000000000
0	0	0	0	1	2000000000
3	2	38020	43	7	38020
2	0	0	0	1	2000000000
3	0	0	16	2	2000000000
1	0	0	7	1	2000000000
3	0	0	16	2	2000000000
2	0	0	5	2	2000000000
3	3	19010	4	2	19010
3	0	0	2	1	2000000000
1	0	0	0	1	2000000000
5	0	0	3	1	2000000000
4	0	0	4	1	2000000000
4	0	0	33	6	2000000000
3	0	0	19	2	2000000000
2	0	0	1	1	2000000000
5	0	0	3	1	2000000000
2	0	0	11	2	2000000000
2	0	0	1	1	2000000000
0	0	0	12	3	2000000000
0	0	0	24	2	2000000000
1	0	0	27	2	2000000000
1	0	0	7	2	2000000000
2	0	0	4	1	2000000000
1	0	0	3	1	2000000000
2	0	0	0	1	2000000000
5	0	0	1	1	2000000000
4	0	0	2	1	2000000000
3	0	0	4	1	2000000000
1	0	0	9	2	2000000000
1	0	0	27	2	2000000000
2	0	0	5	1	2000000000
4	1	28515	9	6	19010
3	0	0	0	1	2000000000
0	0	0	2	1	2000000000
5	0	0	2	1	2000000000
2	0	0	13	2	2000000000
4	0	0	0	1	2000000000
2	0	0	9	2	2000000000
2	0	0	18	2	2000000000
1	0	0	4	1	2000000000
1	0	0	0	1	2000000000
3	0	0	6	2	2000000000
2	0	0	13	2	2000000000
3	0	0	13	2	2000000000
0	0	0	16	2	2000000000
1	0	0	6	2	2000000000
4	0	0	1	1	2000000000
6	0	0	14	3	2000000000
2	0	0	4	2	2000000000
6	6	28515	29	7	28515
4	0	0	22	2	2000000000
0	0	0	0	1	2000000000
3	1	9505	4	2	9505
3	0	0	2	1	2000000000
1	1	76040	12	2	57030
5	5	38020	6	4	38020
3	0	0	0	1	2000000000
4	3	19010	11	6	19010
2	0	0	3	1	2000000000
2	0	0	17	2	2000000000
1	0	0	20	2	2000000000
2	0	0	9	2	2000000000
3	0	0	25	2	2000000000
2	0	0	7	2	2000000000
5	0	0	0	1	2000000000
3	0	0	5	2	2000000000
5	0	0	11	2	2000000000
2	0	0	9	2	2000000000
2	0	0	1	1	2000000000
2	0	0	7	4	2000000000
3	1	47525	10	3	47525
2	0	0	4	1	2000000000
4	2	19010	26	5	19010
5	0	0	10	2	2000000000
2	0	0	4	1	2000000000
3	0	0	14	2	2000000000
2	2	38020	8	3	38020
4	3	28515	8	3	28515
3	1	9505	1	1	9505
1	0	0	2	1	2000000000
5	0	0	0	1	2000000000
1	0	0	2	1	2000000000
4	0	0	4	1	2000000000
7	0	0	2	1	2000000000
2	0	0	23	2	2000000000
1	0	0	0	1	2000000000
3	0	0	1	1	2000000000
4	0	0	0	1	2000000000
1	0	0	28	2	2000000000
3	2	19010	12	7	19010
4	0	0	2	1	2000000000
2	0	0	2	1	2000000000
1	0	0	13	2	2000000000
3	0	0	0	1	2000000000
1	0	0	3	1	2000000000
1	0	0	13	2	2000000000
1	0	0	17	2	2000000000
1	0	0	0	1	2000000000
6	0	0	1	1	2000000000
3	0	0	2	1	2000000000
2	0	0	0	1	2000000000
2	0	0	6	1	2000000000
0	0	0	13	2	2000000000
3	2	19010	22	8	19010
2	0	0	4	1	2000000000
3	0	0	4	2	2000000000
3	0	0	1	1	2000000000
2	0	0	8	2	2000000000
1	0	0	13	2	2000000000
4	0	0	9	2	2000000000
6	0	0	19	2	2000000000
3	0	0	11	2	2000000000
3	0	0	4	1	2000000000
2	0	0	11	2	2000000000
2	0	0	16	2	2000000000
2	0	0	9	2	2000000000
3	0	0	11	2	2000000000
5	0	0	2	1	2000000000
3	0	0	2	1	2000000000
1	0	0	6	1	2000000000
2	0	0	3	1	2000000000
2	0	0	27	2	2000000000
1	0	0	14	2	2000000000
1	0	0	33	2	2000000000
3	0	0	13	2	2000000000
2	0	0	0	1	2000000000
2	0	0	22	2	2000000000
5	0	0	18	2	2000000000
2	0	0	3	1	2000000000
4	0	0	9	2	2000000000
0	0	0	14	2	2000000000
5	0	0	4	1	2000000000
2	0	0	8	2	2000000000
3	0	0	1	1	2000000000
2	0	0	0	1	2000000000
1	0	0	3	1	2000000000
2	0	0	24	2	2000000000
1	1	19010	11	4	19010
