2	1116036108	1	491244688	1	4
3	250962649	1	119562517	1	5
4	1529602831	2	443157920	2	21
6	3702175929	4	1559475621	6	8
10	3136356632	10	313203684	10	23
7	3639006300	5	869651609	5	14
4	1897882056	3	488295699	3	8
6	2081218760	6	439382768	6	21
8	1997994772	8	373257265	8	64
3	784281979	3	186000708	3	6
4	2307825707	3	999676697	3	8
7	3176744351	4	922677333	4	28
9	5587134746	9	819510169	9	308
9	2660460715	9	553877381	9	21
11	4153207728	11	877321025	11	31
5	5678989032	3	1674623811	3	7
11	3137642977	11	243266767	11	260
9	4179841487	7	812821221	7	310
6	4292257478	5	1356726772	5	11
4	2176647792	2	851940912	2	9
5	7986513315	5	2348812210	5	12
11	1755669534	11	309363202	11	22
5	366500755	2	253942582	2	13
7	0	0	420536587	7	4
5	4611653518	5	684147139	5	17
4	1409334749	2	185010146	2	7
5	3392012414	5	936186475	5	15
3	4690711422	3	1171555317	3	11
11	4529130044	11	1302989398	11	31
7	1036559547	7	182028648	7	9
3	1772173712	2	990871183	2	8
8	1826426039	8	676919829	8	49
6	2215415163	2	546528413	2	7
6	12614021973	6	1073192662	6	207
6	0	0	1240446556	6	7
5	4033615705	5	1668029874	5	18
9	2437372711	9	868383490	9	16
14	4536650487	14	369817359	14	251
3	3471196412	1	813897725	1	6
6	2419534241	6	852818291	6	6
6	543450109	1	866991078	4	6
4	1745771697	4	429682132	4	7
9	2066405564	9	431607503	9	20
8	0	0	2049584032	2	13
9	1037343430	3	426911618	9	5
2	4654455420	2	1299594316	2	36
7	1212425338	6	252214009	6	16
7	7298864102	7	1124371194	7	34
6	1609157404	3	615283263	3	9
6	2631929322	6	859666308	6	18
4	2209605721	4	858036075	4	27
10	3096917766	10	554748873	10	24
6	5651289211	6	1040463630	6	336
4	245716681	4	120717193	4	6
4	797742491	4	364563614	4	12
3	3289980762	3	1409862046	3	12
7	5204928069	2	996512517	7	10
7	850143457	7	241563073	7	11
3	3058217636	3	803380073	3	13
8	2342399266	8	1310021810	8	136
2	2555128701	2	932912232	2	5
12	3781880058	12	378594789	12	32
8	6107405319	8	678221783	8	25
6	2509693501	6	620632456	6	22
11	8083197580	11	1182610442	11	60
10	5388065434	10	1369831165	10	72
9	3469134011	9	686615184	9	255
6	1858029303	6	754171251	6	189
7	2949218963	7	369153462	7	38
7	6219916355	6	890021516	7	15
7	2693890296	2	1242419777	2	13
9	3116566572	8	635916043	8	19
4	1764773172	4	680340458	4	19
13	5135849987	13	1236183543	13	25
4	3229224166	4	938559003	4	20
7	2324818877	7	488615005	7	136
6	1401264191	6	248650709	6	11
6	3991062500	6	863984900	6	10
6	2352637939	1	545061440	1	4
7	3611030842	3	1033772508	3	16
5	2682543327	5	622543235	5	16
9	1707556148	9	685533069	9	30
8	3493269605	3	742027204	8	12
7	615158492	7	250974147	7	11
7	3513558568	7	884285926	7	42
7	6376967739	7	1790218193	7	29
7	1408584388	7	803539021	7	20
5	6478847243	5	1248921690	5	134
8	2582507393	8	378129905	8	13
10	6026468217	10	809811705	10	33
5	3748855433	3	1114912343	3	25
8	2221799144	8	804025104	8	16
1	306792666	1	65187166	1	7
10	3248057794	10	1111576122	10	28
3	5872415095	2	1932529517	2	24
7	3382348780	7	616439215	7	382
9	2193590434	7	611441648	7	284
10	3515225397	10	926726667	10	254
7	366129563	6	63281324	6	8
5	3433455157	5	747164116	5	48
8	3956010668	8	493334893	8	82
7	2196785130	7	732406609	7	13
10	2687162119	10	927844280	10	12
6	6519258726	6	1428624151	6	20
5	5518824017	5	1797506373	5	21
8	5566038458	8	981853513	8	114
6	1226063346	6	369132388	6	121
6	1516182974	6	428098865	6	13
12	3894465635	12	939555885	12	25
7	4281054042	7	623540031	7	26
4	544104666	4	125965634	4	25
2	3970824018	2	1309453805	2	69
8	4206418317	8	1488553810	8	51
8	7228128415	8	1234805652	8	128
7	4115994793	7	1484969506	7	17
6	2759270775	5	920948201	5	24
2	310516151	1	178348785	1	6
5	0	0	1429035560	1	3
10	1171927985	4	190333549	4	11
11	3127914217	11	562115868	11	28
6	1127716868	2	422877025	2	8
4	500734764	3	125459794	3	3
9	694180563	5	126634811	5	5
3	1615393460	2	743836966	2	8
9	2665124964	9	856938967	9	44
7	5880416971	3	2779918762	7	19
5	2993995406	4	1067728057	4	31
9	5966253238	9	1115041390	9	213
5	431020131	1	180861819	1	7
7	3015828746	7	1238023560	7	74
8	5646294980	8	2079932293	8	10
6	4601104141	6	1117453574	6	14
4	1765688952	4	619478674	4	13
7	7835451058	5	1418427343	5	92
11	6595200367	11	502553399	11	297
11	5479161672	11	981405653	11	90
6	3495682342	6	926562576	6	15
8	4353878863	8	1160732002	8	45
6	3475796266	6	739961329	6	27
5	2276535446	3	1429926576	5	9
5	2907175048	5	681553171	5	12
7	2097742241	3	681602203	3	5
8	4700296591	7	1185142478	8	26
8	2481270701	8	379584346	8	30
10	1601425610	10	251157416	10	80
4	727465147	4	180412018	4	32
6	721881848	6	186931109	6	13
3	1705879540	3	365862802	3	48
3	2871355791	2	569948062	2	168
3	1581467493	3	435328119	3	18
8	2607424169	8	626295688	8	23
9	4030144910	9	1000903308	9	18
4	1161243242	4	559375042	4	30
5	241529885	1	125062947	1	3
9	2197406279	9	367168520	9	31
7	5288206024	7	1359012024	7	40
9	4514142723	9	1118562307	9	282
1	4299435657	1	744931402	1	32
7	1404781782	7	244173884	7	21
8	2371762024	8	372963371	8	18
7	2146178270	6	430462215	7	9
1	5687059921	1	931604030	1	18
8	1946425329	8	625870303	8	22
5	915087746	5	189563218	5	97
5	1288389377	5	184989700	5	343
11	2253381318	11	428295802	11	28
5	4772158625	5	1727164881	5	30
12	3867982143	12	566913728	12	233
4	3193911341	4	868080756	4	16
6	1360879177	6	181581825	6	13
6	3877274681	6	1276214815	6	15
10	3039481818	10	756817444	10	23
3	606892416	3	314034202	3	11
3	2710625707	3	918967729	3	5
8	1400631394	8	251691417	8	247
4	1646872529	4	308665496	4	13
7	1946987197	7	371658883	7	10
8	2479599972	8	556904378	8	15
6	791993982	6	191883689	6	8
7	2753272008	7	746261415	7	20
9	2810162453	9	498276117	9	146
10	2387577562	10	617596832	10	28
5	677585695	4	187529406	4	10
5	3414152479	4	884250661	4	139
6	0	0	1119259796	6	10
8	2990164561	8	990147575	8	86
7	0	0	1860467414	7	12
3	4321497880	3	1128095117	3	19
10	3393426286	10	618471579	10	26
4	5252234652	3	1477198324	4	15
7	5319868859	7	1316671424	7	30
6	4967943922	6	746018059	6	27
5	0	0	1297121792	5	11
6	921077255	6	306375296	6	8
11	1948929793	7	560321389	7	8
6	5090168486	6	1297410996	6	19
4	4513082680	4	1315994634	4	9
9	5929018702	9	869382450	9	56
7	1447328841	7	434572263	7	16
4	0	0	4116636639	1	8
7	2862648742	5	497811577	5	20
2	873852524	2	303082052	2	5
10	3115099539	10	610015298	10	15
3	2385895925	3	495707578	3	36
7	5583790730	7	1660786739	7	14
11	3220440141	11	498238534	11	34
3	1795477262	2	310657599	2	3
4	119152506	1	65022285	1	12
4	6112769060	4	1855895335	4	12
8	3347334566	8	927902703	8	18
7	1927825412	4	684203142	4	202
8	3182710654	6	1046482721	6	111
7	1641772923	7	310895660	7	16
4	2314060495	3	497038993	3	8
6	2024052524	2	565865956	3	6
3	180573526	3	124975724	3	2
5	1035876030	3	304761362	3	10
5	3490839646	5	939784038	5	15
10	2974009774	10	683814259	10	363
3	3598304865	3	1241817046	3	10
1	1721842154	1	691751405	1	11
4	5760993491	4	1237242038	4	13
6	7245515543	6	1111519879	6	275
7	2732675459	7	562249702	7	118
6	2401498663	6	801266530	6	9
7	1520255959	6	674225719	6	94
6	7266036007	6	1371237071	6	23
5	1152076587	4	553353888	4	5
8	123321500	1	122821710	1	4
2	122200375	1	63474022	1	7
3	6485161770	3	2909018634	3	13
7	799881135	7	120421778	7	9
9	5005775405	9	1129894839	9	23
3	4655142416	3	1813179803	3	41
5	1219216128	5	243392223	5	10
4	3238804530	4	988123409	4	21
6	1769599675	4	304002317	4	81
8	724482795	8	251486496	8	33
8	2073119103	8	916047289	8	12
7	3686923828	7	740237383	7	11
4	1776785090	4	375807965	4	17
8	1703899691	8	793808601	8	6
6	2148663390	4	797060750	4	8
7	2749913898	7	986320910	7	94
5	3782782240	5	1557663246	5	19
5	3078273643	5	247431602	5	18
3	188112473	3	122612715	3	9
10	4098827482	10	864069890	10	83
8	0	0	1056685162	1	7
6	3019122932	6	800521802	6	15
10	1709963462	10	246088152	10	24
11	4936961445	11	612058732	11	44
6	2919815326	6	623798462	6	293
8	3854513116	8	1548028695	8	16
7	1169341126	4	370706437	4	11
9	2533390694	9	185844974	9	35
14	8041122312	13	1538997867	13	248
8	2505631598	8	614540998	8	9
4	1626745600	4	421433651	4	33
4	1529684901	3	929389712	3	9
6	5335320890	2	1862655377	6	14
3	2175376864	1	679570239	1	16
5	5420022777	5	1736882672	5	36
4	3421435082	4	1309510519	4	21
7	4082652226	7	800961747	7	24
7	3306778394	7	1116248992	7	163
3	6818318042	2	1351676598	2	7
8	600825746	8	188447163	8	222
7	4769207557	7	992127302	7	131
4	988192448	3	554130946	3	7
6	1235108606	6	238448794	6	14
8	3094404397	8	485984337	8	244
4	1161537911	4	497788931	4	4
7	4630545056	7	1057475927	7	305
4	2447635986	4	689557824	4	23
4	4250350820	1	1242658157	1	13
7	1739826268	7	423944348	7	165
3	3258491007	3	1096083844	3	23
8	5939208482	8	1420706904	8	19
5	4989363297	5	1124264233	5	19
8	2139318051	8	747565138	8	20
6	6602001560	6	1189348548	6	65
4	4939123128	4	1114483341	4	25
5	3546129067	5	676923185	5	54
5	2955064471	2	741204717	2	15
6	1218586355	5	311992744	5	46
2	551619112	1	431425394	1	6
3	1395690033	1	367721049	1	25
10	4713621598	10	1413198199	10	19
5	1043802824	2	624203643	2	10
5	4916250552	3	1609989057	5	14
8	5379379683	8	816011642	8	272
7	2892287904	7	817461994	7	16
7	545215940	7	179611569	7	9
6	2099385101	6	620922942	6	194
8	3934966334	8	800910237	8	129
6	1776302228	5	692773656	5	15
4	1575371725	4	431135309	4	28
5	7394481880	2	1281128275	5	27
6	8219621575	6	1547740407	6	21
9	1511404401	9	611679843	9	37
9	2070494026	9	609320483	9	22
3	5148799684	3	1600222362	3	16
12	3078379754	12	311697057	12	29
10	3738053308	10	688357227	10	27
7	2009945406	7	749560163	7	61
4	427619080	4	190232533	4	9
5	1720491298	5	373147254	5	13
7	1890906873	7	735966874	7	14
5	0	0	1608842889	5	5
7	4548379561	6	1122771568	6	76
3	1795405687	3	487117985	3	7
9	3280994324	9	920568045	9	33
6	2107265864	6	301734194	6	183
6	3691266064	6	934514450	6	335
10	5141345235	10	1504228558	10	19
6	3736798731	5	1370039076	5	19
7	2357202829	7	437309229	7	188
6	3190741461	6	922684093	6	36
5	2625774479	4	867153305	4	17
4	3629065894	3	1353437517	3	23
5	7004601313	5	1751321221	5	20
7	0	0	1371152069	7	13
5	5283484014	3	1121795744	3	34
6	4432837652	6	1364053580	6	15
5	1223014315	3	436361390	3	7
9	5303880499	9	1046091008	9	375
8	4287601588	8	1251031209	8	29
7	3972776183	6	1424607179	6	12
8	4637125496	8	1252060635	8	12
8	1833792153	8	371006865	8	22
8	1832265658	8	432748121	8	19
13	2623624266	13	375001939	13	280
11	1636649435	11	245699763	11	25
5	3349254180	4	1114526495	4	14
5	1527785020	5	436036979	5	47
7	0	0	2288275445	2	4
10	1606787373	10	490052233	10	17
12	5274317396	12	919962433	12	321
6	3092536795	6	743245864	6	18
4	300539473	1	312824157	1	22
3	1597881036	3	611092545	3	3
6	0	0	975147237	3	2
6	1975426456	6	490535373	6	20
9	2620029333	9	562290743	9	221
5	1147428532	5	248366796	5	43
4	128236885	2	124429683	2	1
7	3661571458	7	1040866029	7	10
8	5319533015	8	1160591318	8	109
6	3960137251	6	986975153	6	25
6	839219856	4	247472211	4	10
6	3577844161	6	503826179	6	17
5	1151681460	4	368848047	4	10
8	3415108031	8	676102835	8	266
9	3453200590	2	801152520	2	34
10	3381013629	10	1309809696	10	59
2	5502567745	2	1231759987	2	14
7	3420797462	7	1110715977	7	14
2	2534558213	2	809162088	2	8
6	4608340571	6	1235946493	6	10
5	2747783822	3	501001309	3	10
3	1430536033	3	618182946	3	4
10	7252089618	10	2043990396	10	73
6	1985303664	6	434862013	6	29
7	3989632444	7	1118046143	7	17
10	3457267560	9	989857057	9	32
11	3002520186	11	850032233	11	152
5	4857987960	5	1278466362	5	21
3	1525316873	3	743237716	3	12
10	4039298481	10	1792339676	10	20
5	2249426068	5	550879648	5	16
10	5416334141	10	1368767522	10	194
8	1098914467	8	252698655	8	21
10	5844794904	10	1050971921	10	22
4	860438615	4	192054608	4	15
7	9231386113	7	1118103583	7	90
6	0	0	1413444812	6	14
10	1913741115	10	798796936	10	12
5	6177032402	4	1792350216	4	22
5	3708238054	4	811552386	4	10
8	1977154122	8	309047196	8	17
4	2306610451	3	806824739	3	15
5	1172277160	5	487121586	5	11
7	3585236529	7	1246604775	7	12
9	1477882127	9	120322394	9	10
8	3058955846	8	682152326	8	20
5	2195263940	1	814715847	1	11
10	3028905177	10	741778844	10	25
7	2741739459	7	1305581139	7	14
4	1969009379	2	930996869	2	9
3	2567551705	2	686011366	2	11
5	3817902439	2	1307711876	2	15
6	3594304782	5	871843709	5	25
8	4815977730	8	1367379257	8	249
5	5040885126	5	1118514357	5	21
6	1709029360	6	498139173	6	126
9	1336298735	9	127211889	9	13
8	6855935804	8	1224907837	8	32
8	1824374280	7	923174620	7	11
8	3502864199	8	1621113483	8	45
7	1695122395	7	556073541	7	15
3	0	0	122032478	3	1
4	2076715825	3	924732405	3	22
5	3357432932	5	614461108	5	25
7	3584176815	7	556949604	7	17
6	4264665401	6	551778406	6	64
5	3302377021	5	690052443	5	23
7	851697069	7	253883036	7	237
7	624222636	7	252317370	7	8
7	2368052994	7	625474837	7	15
5	6843044505	5	1491915346	5	16
10	2554393803	10	372970041	10	21
7	2561163893	6	1000572337	6	21
8	4814205558	7	1040584904	8	18
7	3821213931	7	1046980908	7	15
12	3175757507	12	562023399	12	23
3	184750305	2	123553337	2	2
7	3290458065	7	1357469806	7	12
10	2532442254	10	874074584	10	47
7	14644456660	6	1664769255	7	165
9	5505433904	5	1734444077	5	29
5	1753864450	3	125598066	3	48
10	3939461940	10	556332386	10	30
3	3215720301	3	681124293	3	16
6	5300084979	6	1427883524	6	15
9	1463328188	9	438914469	9	151
4	1641974461	4	557024315	4	6
6	5023259131	6	1038778789	6	210
4	246297795	1	60901470	1	3
6	5939757244	6	1722744316	6	23
12	3614409828	12	372465458	12	17
4	780354830	4	495663865	4	22
6	1588265871	1	686878030	1	7
13	5835610726	13	1418364620	13	157
7	4636688049	7	1781573336	7	17
5	4927012659	5	1974659595	5	13
7	2062716172	7	298528775	7	16
7	3507357831	7	739542523	7	92
4	1274766633	4	440144302	4	56
4	6889673060	4	2309424197	4	8
9	3707879289	9	862858687	9	69
3	0	0	245567876	2	2
7	1429660734	7	384722487	7	23
8	2809351603	8	613653547	8	19
12	3236420751	12	489345100	12	30
5	2703766936	5	1040115505	5	10
8	3124522572	8	678205423	8	18
5	3691580636	5	1060905750	5	20
5	2885289366	4	928349962	4	10
10	3676450352	10	740687938	10	243
8	2824596091	8	802565672	8	15
4	2254098177	4	795790371	4	11
4	0	0	1987857316	4	6
3	3311402048	1	608964810	1	138
4	733301504	1	305597939	1	6
9	1929643359	3	1127521581	3	4
5	3577493238	5	998761435	5	54
8	2735990101	5	561100891	5	47
7	2683858997	3	738919566	3	8
7	5224730158	7	1290075885	7	28
4	4015757308	2	1116342528	2	15
4	4258244319	1	1122278299	1	17
8	2784092371	8	314514560	8	16
3	674484046	1	187859746	1	8
8	3234664455	8	545724401	8	303
6	3536194778	6	811754554	6	4
6	5348155972	6	1418308840	6	16
4	1625966014	1	433556089	1	13
8	918813261	6	249519057	6	17
10	5834495319	10	993600379	10	25
9	2329451581	9	489980932	9	21
5	2206325753	4	857080223	5	15
5	1227640988	5	374368430	5	14
9	0	0	1593049622	9	8
3	848682061	3	125729243	3	6
5	3455415001	4	615145250	4	20
5	4406980847	3	1612638155	3	16
7	4689125575	4	1038249640	4	23
5	3675763691	5	929035592	5	28
9	3817543159	9	864819499	9	458
8	1824219110	8	376042789	8	16
4	2688023174	4	616925055	4	11
2	1097882149	1	436667858	1	6
9	4177027462	9	929964830	9	140
8	2886950537	1	1485864941	8	12
12	4397938813	12	623801935	12	24
7	2575996453	2	569093427	6	9
8	1910557739	8	556439712	8	15
8	4488619720	4	1284835608	4	80
5	0	0	939394891	2	4
4	3794344731	4	1779472204	4	22
5	3356076808	5	1491373292	5	8
9	3674690916	9	501286030	9	23
9	2689324522	9	797728562	9	17
4	2586048175	1	1443724184	1	6
8	1327349392	8	313975239	8	19
8	2331429273	8	432998670	8	14
10	3107828324	10	435418598	10	78
10	10112458952	10	910802047	10	247
5	1594349542	5	610526998	5	6
4	4698645485	1	929482993	1	49
4	1935632890	3	628279796	3	13
4	612573484	4	120706349	4	5
6	435592430	4	246304945	4	6
9	2270497248	9	675018960	9	13
6	4440332453	6	951337044	6	196
5	0	0	804074128	1	4
5	1394127476	5	192920446	5	70
5	367557572	1	124270856	1	11
2	365920101	2	187058212	2	5
4	61180579	1	63277071	1	2
5	3820990084	5	1298787049	5	40
10	3153564632	10	946252182	10	24
7	1845042616	7	365991900	7	13
11	2537893991	11	436078066	11	38
3	3671273568	3	678225846	3	21
8	2954692610	7	861967597	8	21
8	2205560084	7	558197009	8	23
7	0	0	1177323455	7	3
6	665817962	3	310745924	3	15
5	2444139688	5	375233750	5	48
5	366023892	2	360468973	2	1
5	3381271311	4	748314485	4	22
13	5853226898	10	1745807777	13	30
3	3008970607	3	817074877	3	12
4	3346263133	1	741961930	1	13
9	3490817382	9	370326140	9	9
7	4371877467	7	1406158243	7	18
11	1606811402	11	252050229	11	314
3	0	0	2978686735	3	18
9	1885983370	9	743317235	9	24
8	2448301009	8	737139668	8	14
6	7118116423	6	1551886310	6	26
8	664756576	8	189492515	8	34
6	2121135106	5	504601240	5	8
7	2370902187	7	494578697	7	27
10	5165623115	10	1620436070	10	25
8	3487935311	8	800079635	8	20
4	311440632	4	190772207	4	6
5	2074445975	5	366391179	5	14
8	3912867413	8	428703846	8	27
8	1350974058	8	125160843	8	12
5	1101527558	5	487477531	5	15
10	2538029309	10	555145613	10	18
6	2749920036	6	503851844	6	157
5	1455397689	5	372306375	5	8
8	3498296367	8	744250817	8	31
3	1338719526	2	565837401	2	12
7	2334359763	7	743135483	7	10
6	3063010636	6	1292435516	6	12
12	4101594171	12	864584572	12	29
8	3576898758	8	993315703	8	18
10	4345299193	8	1116424767	8	13
9	1961824969	9	310251012	9	19
5	61236537	1	63035210	1	20
5	2378593594	5	1050189749	5	164
1	4934807422	1	998501917	1	11
6	2051147588	6	554441959	6	16
7	1286074482	4	373464167	4	24
7	5662647926	7	1241714303	7	93
7	3402664052	5	981077854	7	23
6	1713915209	6	316063189	6	17
6	2758208545	6	688095343	6	73
5	5728905779	5	1555749088	5	22
4	5279862772	4	991670120	4	5
7	2946777262	7	977731550	7	46
6	4661362436	6	1057217510	6	150
4	0	0	3824824574	4	4
2	6299346445	2	1427833393	2	7
6	2508012223	6	556653062	6	17
7	3186558535	7	1359627934	7	12
6	3865482283	6	1051609841	6	19
9	3081640463	9	628682096	9	350
7	4757698355	7	1036871751	7	23
6	3501359840	6	684602921	6	13
3	5797254874	3	1556755484	3	24
6	2390050418	5	367865282	5	10
8	4365368186	8	620822600	8	405
1	1543518265	1	491286646	1	11
10	3717502546	10	183689120	10	38
6	2893376599	6	687392103	6	19
4	970413388	4	303201022	4	10
5	3053567827	5	568799051	5	14
6	2108822287	4	740912779	4	8
8	3970395695	8	1109916519	8	29
6	2031520000	5	631594469	5	5
8	3664997966	8	739146674	8	26
4	1463122887	4	315529706	4	13
9	5066501013	9	800568418	9	38
9	2193901459	6	803070201	6	18
6	4060820461	2	1558994306	2	15
4	1659067268	1	556998275	1	4
11	6003484186	11	1539442243	11	159
10	3351753726	7	1038640307	7	129
5	0	0	1227348986	4	2
6	1392603592	6	431838616	6	14
7	2809998414	7	369552078	7	89
7	937592605	7	376146904	7	17
7	1034547218	7	246003103	7	18
6	4762702951	6	1350751706	6	15
7	1814799294	7	250663050	7	15
3	3657508045	3	679114813	3	10
4	2824959668	4	996682451	4	8
7	2863644497	7	491702583	7	18
6	2233402807	6	545106394	6	15
5	1712587889	5	507713191	5	14
8	967349990	8	427197575	8	9
11	2202360287	9	301263218	11	30
3	1833458508	2	874128369	2	5
3	8552089626	1	1659205228	1	22
7	1701891593	7	248060483	7	17
11	6238781240	11	814566447	11	187
4	0	0	2591888842	4	2
7	3360151269	7	1126512077	7	15
3	1555524714	2	502846273	2	5
9	1233473284	9	249467275	9	20
5	5060621243	5	985509786	5	12
5	1683519173	2	808561055	2	7
4	4207375555	4	1307649923	4	18
3	2192173847	3	739613440	3	14
6	3944958865	6	864024812	6	23
9	3587696377	9	557819070	9	23
4	1752145896	4	311347244	4	105
11	4950792871	11	743063519	11	319
9	10531349474	9	1097915992	9	168
3	5302543188	2	1731512636	2	16
10	2675686036	10	434713511	10	22
6	6201977216	2	1845584448	6	17
4	3405892102	4	871354008	4	48
7	1548512713	7	994852092	7	16
6	5336818929	6	1052410339	6	36
5	3681206716	5	801510676	5	18
4	615299447	1	183095968	1	12
6	1253746905	6	986052434	6	48
3	8836322319	2	1233206241	2	47
1	2709934811	1	862894867	1	14
2	2912239027	2	859169362	2	14
5	2202478133	5	686795624	5	10
2	126295403	1	59710167	1	12
5	9083427177	3	1546832809	5	30
9	1883605414	9	555558741	9	19
9	2520844732	9	807713132	9	16
6	2559880220	6	856151004	6	6
6	2345378909	6	943955588	6	5
3	1567899455	3	575049681	3	13
6	570484978	1	256221216	1	6
4	796720377	3	676259593	4	11
11	3834182268	11	805306743	11	36
6	2249145608	6	437697556	6	19
7	2490574911	7	245343635	7	15
5	3440523098	5	739668105	5	29
6	4012833941	2	860143742	2	16
8	12373263653	8	1576870397	8	143
7	3472475242	5	738870847	6	14
7	1582653750	7	119792710	7	27
9	3050571697	9	740895869	9	30
8	2065293569	8	429811305	8	16
8	2631021117	5	433819762	5	11
10	3390116301	9	1175526366	9	19
2	1351463447	2	429624986	2	4
8	1219859348	8	491053251	8	12
10	3276594772	10	618391993	10	258
3	2764901130	3	877917756	3	16
8	1932585503	8	562202028	8	26
6	1285268362	4	305137396	4	11
9	2054854215	9	244428839	9	27
4	2543040587	4	679738529	4	13
5	4032928753	5	1045776099	5	145
3	1107207160	2	373908026	2	5
4	1171430370	3	251874587	3	7
8	4171969207	8	986629628	8	189
4	3427028690	3	1307452113	3	6
5	2827401391	4	931910045	4	17
6	1941372877	6	619601526	6	9
6	3072346498	3	1491222969	3	10
3	124162608	2	125365647	2	2
9	4902144058	9	364104608	9	68
3	248845470	3	125484391	3	12
8	3313926490	1	1051816883	1	6
3	123872551	2	64497865	2	3
7	3180192719	7	934687505	7	11
5	921667686	5	308579018	5	10
9	2692514659	9	558413658	9	269
9	1476857773	1	370453840	1	13
8	3587285231	8	430535203	8	25
10	4946703152	10	1421370566	10	53
8	2057392822	8	620420039	8	10
6	3613524630	6	1410446333	6	12
5	1536902265	2	370414817	2	14
7	2582146737	7	1001935461	7	15
4	6870547381	4	1000079059	4	273
6	6848336018	6	1474365159	6	15
5	4473058130	4	559907415	4	17
3	1174467489	3	497659386	3	5
9	1953063881	9	305422961	9	15
7	2623141416	7	743146944	7	8
4	4682814373	3	1171969866	3	39
5	0	0	3528953820	5	5
9	9140546605	9	1614315268	9	128
6	4062335966	6	1558172320	6	7
6	5071746691	6	1182959231	6	16
5	3667428776	3	1224200655	3	13
7	2144600259	7	376435092	7	47
5	1705319145	1	864579843	1	5
5	634135865	4	367872338	4	6
5	1405221344	5	425120713	5	9
4	4893421914	4	1171331451	4	20
10	4038877332	10	1188558723	10	162
2	2772966482	1	854118233	1	27
5	2027458584	5	377213137	5	15
6	5486510168	6	499014908	6	58
6	9046654561	5	1376162785	5	38
2	1665759367	2	439385832	2	9
8	1963860174	7	2092351621	8	189
2	2027422100	1	803295464	1	16
7	795712105	7	371429801	7	119
6	1522100235	6	665936971	6	27
7	5353161770	7	1370261251	7	15
3	1347431995	1	371784426	1	6
4	300285846	4	187284121	4	7
8	2253801195	8	250657475	8	14
4	2026434845	4	684486183	4	93
10	2361396336	10	488030018	10	26
6	6022315896	6	1496619587	6	26
7	1540100085	7	678594382	7	13
5	3387869745	5	1303014891	5	15
8	2705875057	8	365036256	8	13
6	2751912362	1	1230742218	1	35
11	2963201225	10	802260502	10	300
5	311471690	1	195473057	1	11
7	3337166211	7	545014992	7	50
3	1585108049	3	744315191	3	10
10	0	0	987426203	10	6
9	4233507187	9	860872119	9	259
2	190591797	1	183409947	1	4
6	1705900137	6	554499746	6	14
4	3772374571	1	806197777	1	23
3	2640847250	3	1484926825	3	5
9	0	0	1186677552	9	4
3	7262210750	3	932011108	3	25
7	5495103385	7	1001279815	7	22
6	0	0	1241182644	6	7
10	4750378777	10	945934848	10	364
8	1159643157	8	439337000	8	12
7	5408170947	7	1861643888	7	11
7	0	0	1440122628	7	11
5	2939404352	3	861933968	3	28
5	2078567519	5	505923872	5	12
10	6368538134	10	1113358911	10	74
8	4284725839	8	741870169	8	64
8	2723447326	8	368868298	8	24
4	1476251349	3	440116705	3	8
3	2588432117	3	870962534	3	4
10	1213423703	10	247092741	10	15
7	6575054245	7	797946307	7	166
5	1661769861	5	562489703	5	238
6	1494132349	5	621001997	6	10
3	0	0	2027706097	1	9
4	3476091888	3	978430432	3	8
3	2130849708	2	812687496	2	7
7	4353107095	7	981366363	7	30
6	2366268502	6	491061899	6	22
5	2328347617	5	626546455	5	14
4	2981483661	2	732232522	2	40
12	2307617651	12	304807956	12	25
5	1667613887	4	185044731	4	13
11	1939045594	11	367268620	11	75
7	3534824439	2	1053968563	7	36
9	1281938768	9	304195892	9	19
6	792876705	5	120787405	5	11
7	2213608503	5	865644364	5	20
6	14838255205	6	2191740683	6	166
6	792473457	3	182748075	3	17
11	3743619346	11	378951198	11	253
6	3719938276	5	615562221	5	38
9	1841502229	9	367451700	9	12
6	5159984379	5	926038941	6	44
6	3393901354	2	1422274475	2	8
9	1270384639	9	187827293	9	20
9	855038717	2	1053781387	9	11
9	4182804563	9	1793476121	9	19
8	2442194652	8	367890279	8	22
11	3736782469	11	861410924	11	19
13	3780996904	13	1001114990	13	228
8	857275056	4	304477235	4	19
8	4937120180	8	1311603995	8	21
5	240198030	3	187967742	3	10
9	2929247944	9	486813797	9	15
5	1753220970	3	439022151	3	15
5	1457263315	2	190140357	2	11
1	245197902	1	184114483	1	3
7	4443912198	7	739106014	7	27
7	3727604539	7	625202874	7	22
4	2154082473	4	619965750	4	67
4	3454045484	4	797219194	4	21
4	934805800	4	439129905	4	13
5	1260074193	5	435922403	5	23
5	6329653154	3	1491098731	3	52
10	0	0	2436351258	10	13
6	4117556543	6	1292639695	6	24
4	3409041800	4	740226709	4	23
5	1073884765	3	370103584	5	11
10	4582215313	10	619044233	10	169
13	4694666422	13	613415255	13	37
12	5337671744	12	1243235084	12	233
6	2492092797	6	547485660	6	16
8	0	0	1672415969	8	21
5	305695159	4	182383106	5	9
6	306437658	2	125182749	2	12
6	3875548821	1	1121599256	1	15
6	5646020324	6	875657575	6	36
7	8420444211	7	1466973505	7	28
5	5966716083	5	1749471670	5	16
3	5965179173	3	1612229764	3	19
8	1414948276	8	315777976	8	264
6	130376186	1	59766301	1	7
9	4385304880	5	794871014	5	17
6	3356950932	6	630029301	6	23
5	4665188407	5	1490818840	5	15
8	3404476532	7	1179682759	7	15
9	2663817849	9	187008723	9	15
10	3648250635	10	1103839307	10	23
10	2162926405	10	358278004	10	110
4	2466176695	4	435066397	4	256
3	2551761083	3	620291647	3	49
5	5654799535	1	1431696994	1	17
5	3760368564	5	1174595889	5	25
5	1907086351	4	619772109	5	13
4	241334252	1	677709772	4	6
7	2546211234	7	679675768	7	14
6	2132711060	5	426278082	6	16
9	1758964605	9	673938044	9	15
10	2473565767	10	314262154	10	34
5	4291017038	5	808595915	5	13
10	2870741587	10	791675850	10	63
4	1520990272	4	310432334	4	11
9	3991136427	9	745262478	9	256
7	3436546689	4	1245571000	4	283
6	2926387254	6	505151717	6	19
9	3351085499	9	1372337600	9	53
9	5759293855	9	1049518546	9	73
9	2570161526	8	618290727	9	11
6	1460442758	6	371567585	6	45
6	4591626127	6	919398303	6	16
3	1169600233	1	367264329	1	9
3	1242599820	2	376474171	2	7
12	1338741520	12	312091756	12	24
8	1019295966	8	435897024	8	10
4	928693995	4	188017436	4	9
8	5129985094	8	1244357515	8	26
2	5124495042	1	865065886	1	55
6	2586129794	6	795111514	6	20
5	3353363060	5	626162862	5	42
7	6053938882	7	931911757	7	60
6	3871935314	6	811413745	6	22
9	9642425166	9	503950396	9	299
7	2198943042	7	432627472	7	24
6	3767619178	6	1233264368	6	14
5	4762862806	5	1170854637	5	111
11	0	0	1173294219	11	9
5	3456932337	5	755252636	5	13
8	3634636380	8	436862363	8	25
7	3277437604	7	679877732	7	171
11	1512391818	11	366961529	11	17
6	5067995849	6	1229104289	6	28
7	2233412750	6	371461330	7	21
6	3466612732	6	749360995	6	285
9	4395263448	6	1050146890	6	12
2	2619872573	2	867860937	2	15
8	4137866132	8	1180311620	8	143
6	2182230904	6	616954731	6	15
5	2024953189	3	440823059	3	8
9	2803637234	9	678622789	9	43
7	309484653	1	315659207	1	12
10	3452650126	10	615331788	10	264
10	7264062865	10	1843387421	10	28
2	0	0	1486300577	2	4
6	4923709742	6	1489406851	6	30
4	1854462912	1	814226056	1	7
8	3264580333	8	681982799	8	46
7	3083225519	7	818301923	7	15
4	3803086872	3	1061201797	3	16
8	6968127476	8	1549412264	8	18
7	3174630875	3	683135264	3	36
10	2557866115	10	618912670	10	27
7	8369570166	7	983474261	7	30
5	5897507311	5	1287126253	5	16
5	675300970	4	804872157	5	8
5	3799255210	1	798109092	1	165
9	2575512854	9	553042816	9	19
3	3448222644	3	1489510993	3	41
7	3149166723	7	1129422274	7	101
4	1354805969	4	564431823	4	9
3	1533735039	3	366772666	3	14
1	2141184201	1	984545617	1	15
5	807177966	2	304937895	2	11
7	6291365961	7	1675977143	7	11
5	5614785613	5	1492962323	5	15
7	1992980773	7	246085710	7	18
9	2570652356	9	1164396761	9	23
6	565034593	5	247877556	5	6
5	1767602648	5	551307838	5	14
5	3457327979	4	1687329618	4	6
3	4428855472	3	1050654568	3	12
3	1361455428	1	740733457	1	4
8	4817596640	8	1554375180	8	20
5	2909225972	3	910587282	3	4
7	1275800153	4	303781418	4	22
5	1224646128	5	251017465	5	16
5	0	0	1746692796	3	28
8	3138777149	8	863078059	8	13
4	1179313701	4	369308840	4	241
5	2167498670	5	621935798	5	18
5	3079270112	5	1110725899	5	54
8	3092841019	8	554655882	8	60
5	2876869412	5	370149859	5	16
7	737324978	6	184796564	6	7
8	4501532608	8	1170235132	8	31
5	2557677750	5	489175909	5	38
9	1516609961	9	498684789	9	17
9	3662225611	9	686285809	9	233
3	5099681101	3	2366681736	3	13
5	4593954740	1	1915345895	1	12
5	243423377	1	194001249	1	8
4	1618899840	4	887211633	4	10
5	3495061846	4	1370731489	5	18
3	737494887	2	307404375	2	3
4	0	0	2780972327	4	2
10	8146297228	10	922301022	10	41
7	0	0	2913593549	5	6
9	2554009978	9	614114834	9	282
12	3554710810	12	687739091	12	67
5	513219212	4	308329179	4	6
4	2112536146	2	1248239198	4	23
6	4481997345	6	1007326577	6	28
2	4140893681	2	1437738033	2	24
5	1040864027	3	496901588	3	30
3	5130067995	3	1740764928	3	18
7	7523620313	7	867969191	7	269
6	4895852610	2	1628393052	3	9
4	4428956052	4	1059936412	4	19
7	3691443874	2	1734442727	7	13
11	4982889363	11	611744723	11	308
6	0	0	920742892	6	9
6	552700918	6	188653709	6	17
10	1827722772	10	425182572	10	16
9	4949873974	9	1289193575	9	22
10	4030720360	10	739640322	10	155
4	2953213258	4	866987638	4	16
8	4386665687	8	1185530888	8	29
5	1859859899	4	876506436	4	19
6	2339838873	6	494981619	6	111
6	973266139	6	429277256	6	7
5	4124913349	1	814127778	1	4
6	1151331548	6	378216896	6	18
4	3030438795	2	1313791588	2	3
10	1256481330	10	312892288	10	22
3	2259261284	3	798598867	3	37
3	1389333783	1	1475249878	3	109
6	0	0	1551999844	5	4
7	3024373925	7	1296033810	7	10
6	1839357300	6	991168452	6	29
7	4139458123	7	1237876191	7	175
4	0	0	924676208	3	20
4	3864704088	4	1234282404	4	74
3	2089851781	2	820832862	2	47
13	2749170537	13	363181932	13	22
8	1819880515	8	373924923	8	156
7	6758742680	7	1067365840	7	58
9	3913215804	9	1233969006	9	28
9	4271030240	9	750574928	9	25
7	2753725643	5	550504365	5	7
3	1244696870	1	735481950	1	3
6	3481022437	6	740227844	6	19
5	6736768762	5	1849390358	5	11
5	2636526485	5	1283194093	5	11
5	3531800694	5	816565628	5	14
9	2331792657	1	622181590	1	15
4	3502271574	4	1061645170	4	17
3	1533262863	2	312762550	2	10
4	3709410791	4	1834996574	4	6
5	2194129166	3	730828468	3	6
8	5017433049	8	736914492	8	238
8	5312701894	8	1178675372	8	189
4	3736722767	4	993886296	4	33
12	5468637981	12	684001598	12	86
8	1211231482	8	306426186	8	26
10	1985748341	10	566673140	10	35
7	2078663045	7	732877924	7	15
7	426658209	7	299789138	7	8
6	1038471028	6	490391139	6	6
5	1471577595	3	178531346	3	10
8	1566198953	7	679052366	7	40
7	0	0	1345073663	7	3
6	6893866240	6	1374566643	6	223
2	2263033569	2	676845082	2	20
4	2917444257	4	934777381	4	57
10	3853938165	10	799860467	10	221
9	2087317013	9	306837562	9	24
5	1948112145	5	436301344	5	41
4	3375565830	3	743349261	4	16
6	731479365	6	499341412	6	10
9	4809710167	9	1057485333	9	11
8	5998809670	8	1167376024	8	57
5	2033902490	5	813962708	5	16
5	1880907776	5	439458184	5	18
5	3679363197	5	948974343	5	18
5	4766615332	5	555034686	5	272
6	506209078	4	310638579	4	9
10	5283986451	10	1234137564	10	31
6	1459228203	2	543660417	2	12
7	1455102870	6	250929725	6	12
2	0	0	2543174941	2	8
6	3541992100	6	615174898	6	13
3	7403619300	3	628667986	3	38
8	5355025121	8	1562929656	8	19
2	3395303918	2	1187028462	2	12
3	64643068	1	59436625	1	1
6	1469243805	1	725820205	6	11
8	1362157692	8	497355178	8	17
3	3054897756	3	1122780654	3	9
5	11515875630	5	1930716310	5	186
4	5295063626	4	1362971081	4	14
3	613663343	2	183429460	2	27
7	1844163657	7	614298293	7	18
5	2995324612	5	1124234978	5	13
11	5086521200	11	435664894	11	187
4	6284546807	4	989415772	4	23
5	959510843	5	252648247	5	10
11	6473573722	11	984612801	11	38
9	6994229875	9	930435762	9	173
7	3900687622	5	1124420072	6	14
10	3532044481	10	1242264027	10	19
6	3371367700	6	1358215210	6	14
10	2122387689	10	318408944	10	23
4	5927766975	4	1228291158	4	28
7	1963760375	2	677527350	2	19
4	307753823	2	2623634251	4	3
8	1399466806	1	496166553	1	16
2	0	0	1966432517	1	2
6	2393903361	3	979810543	3	16
10	2790665494	9	495940711	9	90
4	1895900779	3	487862218	3	11
6	1351008873	6	313619524	6	16
