12	4316692109	12	371151933	12	56
23	9039761261	23	435584074	23	597
21	6702539633	21	505619409	21	547
25	9905925092	25	1062891843	25	550
28	9110835569	28	925864202	28	506
20	17679025305	20	568227934	20	635
23	6701271226	23	555488904	23	422
20	6347022852	20	797234031	20	393
19	9093975598	19	980233757	19	434
16	4699531753	16	502804754	16	547
10	6097753457	10	937547985	10	432
16	6906893918	16	1063950041	16	618
22	11203754378	22	1119259846	22	447
23	8956771822	23	685828510	23	558
14	5751758181	14	798094731	14	50
16	3455717883	16	500752766	16	493
17	7631461429	17	994122086	17	103
19	6570747895	19	555378259	19	400
13	7570055660	13	800991939	13	70
25	9147413868	25	311485349	25	610
13	6053869611	13	305431249	13	457
20	8411085174	20	622251057	20	520
18	6315954305	18	686431404	18	69
14	6426736407	14	250394239	14	424
23	7119540382	23	1098992403	23	373
14	6387563757	14	942935563	14	71
16	8309540719	16	919884004	16	435
13	8379204148	13	1108663838	13	421
22	8556205901	22	1180689419	22	528
13	6742098411	13	977182154	13	438
11	8391059395	11	813822127	11	551
16	6022819563	16	744829100	16	476
10	4374542083	10	548761304	10	57
14	5164682925	13	246576907	14	71
21	7675740886	21	684180284	21	101
12	3532164570	11	493180779	12	51
15	4227031774	15	429653214	15	329
21	8264194434	21	799660209	21	77
31	7663304218	31	372947608	31	83
23	9735537404	23	1357946421	23	511
23	5910472031	22	748495944	23	69
25	15000258198	25	1073211330	25	443
25	6621160716	25	245148845	25	89
19	8885326706	19	610715033	19	449
21	6035396534	21	440541574	21	80
23	8691132123	23	1119354235	23	533
18	4959845526	18	252233991	18	65
15	7369804934	15	545435835	15	398
17	9504051265	17	495438429	17	324
16	13191491575	16	1496911237	16	485
13	8933920802	13	1171572264	13	340
20	5812676801	20	497285867	20	498
12	7040565951	12	501062793	12	495
30	16487252111	30	872484911	30	426
24	6665748148	24	1040637238	24	457
19	9809035115	19	1191060016	19	410
19	5660729436	19	738797676	19	69
17	4404872183	17	313692565	17	46
21	8346546743	21	992023537	21	424
19	7673398466	16	753942094	19	108
17	8133644252	17	1169023935	17	85
11	4167136719	11	250484519	11	66
15	14330084233	15	1235784117	15	584
32	15017223446	32	498755125	32	650
21	5850024820	21	494058395	21	94
16	2178281046	16	243923951	16	45
19	9095043325	19	558200223	19	589
16	6919405486	16	871176121	16	180
13	8266870132	13	1186300297	13	80
17	5953127942	17	1177145829	17	53
15	5775483201	15	1052590873	15	365
20	6568415484	20	794372032	20	78
17	6455647382	17	1005393838	17	363
11	3151133336	11	500778990	11	466
14	9241502056	14	924743966	14	376
20	11627591685	20	322698532	20	310
23	11442914089	23	503157849	23	500
19	7259744142	19	814400124	19	587
17	3977538873	17	247507044	17	45
14	7386119936	14	978808232	14	86
22	5786232201	22	626419067	22	45
22	8912032896	22	863502982	22	620
19	7630447596	19	1114457279	19	69
24	12687048156	24	1107683521	24	454
20	9548304945	20	555098783	20	460
18	5617073328	18	558512998	18	66
15	5400114108	15	806504946	15	52
15	7520672172	15	1044045902	15	66
15	10781979746	15	1489109448	15	92
24	5703421306	24	359243346	24	75
24	10564920444	24	1298182225	24	125
15	8499290573	15	1107006404	15	410
14	5926073068	14	864317760	14	372
26	6327304717	26	682408820	26	89
17	5288879305	17	799273083	17	401
23	8447976868	23	615454608	23	539
17	4696235927	17	554820109	17	58
19	7034375153	19	745347513	19	67
10	7989635060	10	682811030	10	76
14	7022597416	14	245176041	14	337
16	7018237150	16	621211067	16	488
29	6743355294	29	747139433	29	84
23	10056922734	23	1169224436	23	97
16	6370299023	16	798418250	16	58
27	7844247379	27	501519947	27	99
26	10282635098	22	866226710	26	88
23	8117517857	22	926427485	23	120
23	14209824065	23	1618294734	23	485
18	8730707649	18	1173614207	18	403
21	4710889994	21	250622461	21	405
24	9646417289	24	629137785	24	455
19	6907431608	19	615824747	19	86
17	5912554715	17	874066072	17	74
19	7095000500	19	603955948	19	607
21	6761793601	21	249233551	21	420
13	5202347135	13	862373198	13	68
14	8834560813	14	1123547064	14	391
24	17439766447	24	372146690	24	603
16	7182957964	16	1107634646	16	66
14	6824928574	14	801076226	14	80
22	7903115813	22	937743036	22	469
16	6924197992	16	872654954	16	437
21	7076219793	21	982726067	21	77
23	7389694343	23	493873445	23	92
23	6034722111	23	313966926	23	90
15	4491455674	14	748273540	15	51
21	11992093437	21	806523491	21	537
17	6240931586	17	631786568	17	542
15	7555370088	15	932561583	15	509
21	13234380876	21	928354816	21	666
25	13613171740	25	1543982615	25	339
23	5142807956	23	500058399	23	57
13	3153013313	13	311300899	13	31
21	7063407287	21	734899975	21	75
13	6165366229	13	922644835	13	76
21	8562773049	21	311251647	21	370
22	12988903720	22	1109703822	22	457
27	6628607978	27	866023592	27	430
23	8781365184	23	369259039	23	478
23	11196502105	22	912076294	23	108
15	3911696584	15	790460950	15	71
15	4426364271	15	621470022	15	49
22	4606253239	22	432578830	22	54
21	14748408210	21	857611844	21	587
14	10223305905	14	1633819593	14	101
12	6706380671	12	1163273452	12	427
22	14079459396	22	429316051	22	646
20	4562109031	20	255947712	20	447
19	4277841604	19	239514726	19	50
21	6882659399	21	928356569	21	531
18	5318040967	18	744065795	18	557
18	7912549756	18	984871420	18	404
14	7992313109	14	867123817	14	75
13	4665302269	13	753383393	13	628
25	13820280878	25	809656918	25	353
20	7495178060	20	574443571	20	425
19	5792342917	18	806725999	19	52
24	11995356194	24	802458299	24	638
21	15289713117	21	1112398664	21	444
13	5060192363	13	496508954	13	58
17	5190830653	17	564450474	17	43
17	3369597083	17	742622728	17	376
17	7612931157	17	932828308	17	80
18	6666341783	18	555263458	18	90
22	7482330784	22	937098161	22	490
12	5123263294	12	857899546	12	57
15	5614391180	15	740029739	15	44
32	6977090149	32	492308026	32	78
23	11547836018	23	1316434090	23	497
17	3129917913	17	188962556	17	469
12	5623129086	12	749570702	12	410
25	7415657108	25	930054891	25	82
21	7070672839	20	437755236	21	117
16	4750315456	16	309948060	16	374
16	4126929005	16	359685297	16	370
15	5127347882	15	558091723	15	55
13	5266988734	13	248381591	13	350
10	3687515323	10	441762666	10	440
22	9467553436	22	1191781851	22	98
23	5513078142	23	548322506	23	322
25	6697225236	25	688460375	25	707
17	11670408858	17	878635008	17	461
16	4380335445	16	123864969	16	55
24	7740072658	23	731658612	24	117
15	3463297434	15	489829458	15	546
17	15382902879	17	488428119	17	439
21	16182356232	21	1004184645	21	417
24	8568674323	24	737553182	24	112
13	7291242201	13	608037257	13	531
20	7180510534	20	501421888	20	88
12	3192336469	12	428657418	12	391
24	8520801380	24	683834117	24	120
23	7979381700	23	374383166	23	92
16	3517978680	15	246899588	16	58
22	5190708722	22	313930843	22	432
19	12389623248	19	808325188	19	479
19	5969121138	19	996283582	19	396
18	7145302808	18	434407800	18	496
14	2766123242	14	500111715	14	150
22	8475333162	22	629072232	22	502
23	9622265600	23	987818776	23	133
19	7140006033	19	430651214	19	552
23	8448791189	23	1049507761	23	758
13	5587661171	13	856859239	13	570
25	7375341799	25	1463115581	25	33
15	2367087265	15	242529160	15	31
19	6698382356	19	988658324	19	122
23	6976567872	23	628958826	23	88
18	11789824322	18	800749937	18	513
23	11460400289	23	255683904	23	439
17	17065270776	17	1262748340	17	419
26	8235755568	26	616277686	26	444
18	8982347375	18	920419504	18	89
20	7725610439	20	683173971	20	535
21	16117461951	21	747764646	21	508
13	4920959527	13	674884523	13	569
16	6066570679	16	251736214	16	447
11	6952956077	11	1166815064	11	63
15	4431926974	15	304572156	15	53
20	9610358741	20	692246202	20	719
13	7205990580	13	683778944	13	87
19	5050023765	19	565768953	19	397
14	7113007778	14	930147282	14	150
24	5499018008	24	502866782	24	50
16	7303262001	16	883551350	16	73
27	10140782737	27	932460486	27	531
16	4523622077	16	797734545	16	80
18	4238497942	18	307254740	18	416
19	6152914155	19	433476711	19	518
21	8244956526	21	613961341	21	641
25	6823505024	25	752716250	25	395
24	8067145144	24	556487315	24	656
14	6184845867	14	633625568	14	413
17	13082714684	17	683895688	17	521
13	2104084280	13	179565031	13	43
20	8422786177	20	1289422014	20	469
16	8194341386	16	1114059123	16	489
18	7211974627	18	866424078	18	612
29	6217937398	29	253326632	29	65
20	7682607191	20	1124710080	20	74
16	10096304315	16	870134832	16	423
14	6422586163	14	491839277	14	360
15	4653657477	15	630131006	15	69
16	6223637496	16	620564853	16	91
21	7328693648	21	564195460	21	97
22	20732675015	22	314281213	22	516
23	4928083261	23	497401328	23	387
15	13628040498	15	1102072620	15	616
24	9537403733	24	550431269	24	416
18	5456735553	18	362545380	18	51
15	7710661163	15	924225223	15	466
22	7097662578	22	432039250	22	88
17	5301445945	17	431962909	17	466
21	6099560401	21	740649026	21	75
20	5709333207	20	498850914	20	65
19	6200583574	19	365412591	19	344
10	9844851558	10	1489001145	10	425
25	11123775596	25	914987400	25	594
13	6059886801	13	806668644	13	51
21	9656121975	21	553625482	21	356
23	11432042495	23	1365607412	23	416
15	6897217910	15	685035088	15	78
18	4851114300	17	556279874	18	53
25	10732554981	25	252192552	25	459
28	10401976749	28	800127503	28	552
15	4448805201	15	679529897	15	49
12	7195172585	12	435863037	12	104
15	5539692134	15	682004120	15	59
20	5552440853	17	1065676289	20	66
19	5882941045	19	676983616	19	365
20	5637757646	20	849009992	20	59
24	5889104306	24	247269848	24	77
26	10765610107	26	564120309	26	530
15	8172494408	15	189847042	15	401
20	9212306237	20	485775681	20	667
15	5634501222	15	491513936	15	73
16	3499074816	16	322336131	16	38
19	6904371734	19	990445756	19	428
19	8196830062	19	990615703	19	94
22	5360688861	22	373529151	22	70
18	3740762051	18	372532079	18	58
20	7567422137	20	806239252	20	84
16	4846940006	16	305997717	16	53
19	9522828896	19	554445358	19	586
17	5309144707	17	603095492	17	59
19	7613300824	19	625745438	19	92
25	6177895102	25	249238659	25	338
17	7213098875	16	736602727	17	81
15	5101384046	15	379845013	15	498
21	14298515981	21	992797218	21	469
18	9272485577	18	1180100593	18	655
19	10489550280	19	247940642	19	443
16	8172605725	16	991320965	16	473
20	11187136346	20	740884855	20	590
15	5384032758	15	190499214	15	76
15	6065834262	15	809146868	15	85
15	8713593227	15	614860338	15	655
25	6547827622	25	1049882002	25	80
12	4473061028	12	440805858	12	406
21	6734334097	21	687920319	21	604
16	11010964213	16	1050817959	16	380
16	7239162608	16	489913310	16	582
14	8164850306	14	556505051	14	437
13	5386951284	13	620075955	13	371
14	5766251823	14	847014229	14	359
24	10716240518	24	926754136	24	87
18	6720464409	18	746409836	18	609
12	5410563717	12	1002174360	12	48
24	9799960170	24	1176721757	24	98
19	9318039771	19	1626400586	19	102
15	7876824762	15	1316972298	15	531
23	9237018594	23	696074713	23	520
24	8297690648	24	1229147840	24	509
25	5065491377	25	685321836	25	49
25	5768203707	24	802189899	25	58
20	6769241828	20	880216541	20	69
20	5412453933	20	805801087	20	505
17	6515134305	17	564305779	17	79
31	8935676331	31	733006607	31	542
24	8243331483	24	1124145263	24	111
16	3158146646	16	245338588	16	364
19	9105571790	19	1097862647	19	92
23	5863267563	23	997144036	23	524
19	8135598273	19	367648081	19	465
27	7053837485	27	807474590	27	497
17	4937931479	17	678157337	17	74
17	9910610163	17	1051424261	17	108
22	7077322105	22	808006443	22	82
14	5660770531	14	739196804	14	64
25	15374711816	25	551328586	25	453
22	7167335582	21	671038029	22	92
19	5813688706	19	752493569	19	352
22	8235886331	22	692712223	22	73
15	12315289398	15	1052465262	15	614
26	18863283534	26	1095340479	26	469
20	3720669545	9	429950291	20	50
28	5704352739	28	254179267	28	490
17	7545693678	17	248372789	17	451
21	9154830298	21	1362470523	21	86
22	9705925162	22	184342572	22	498
17	8512031695	17	1108897506	17	328
13	6817963766	13	1174455767	13	287
19	9638580881	19	687115825	19	563
22	11526140738	22	796232000	22	398
21	11232891618	21	1245913515	21	370
18	6435237615	18	553057461	18	88
12	6523873722	12	815155450	12	64
15	7322066830	13	687321183	15	95
25	17097280055	25	1045707893	25	388
24	7433231962	24	1057074029	24	79
16	7891580664	15	1357120201	16	71
22	9355998460	22	1246426851	22	688
21	8706545571	21	1290197924	21	491
34	26069510017	34	1110731513	34	510
11	9953809729	11	681313386	11	480
20	11971710061	20	1527112433	20	438
13	6057023321	13	977416917	13	612
19	8146504814	19	944350718	19	493
24	9120543448	24	560376419	24	444
24	11453963004	24	923722880	24	505
17	7016163888	17	612132677	17	66
22	5654130549	21	366507891	22	82
12	8295649687	12	762094995	12	588
16	9005759833	16	990259419	16	457
16	6534612660	16	483980361	16	472
22	9474897980	22	986169931	22	481
23	7604245320	23	924768712	23	503
18	7606518741	18	617390333	18	106
21	6071364688	21	615314330	21	381
28	7454801764	28	500823581	28	489
15	4570838049	15	684849709	15	443
21	6263155949	21	984944691	21	105
16	7198297520	16	930153763	16	546
15	5181768097	15	310113286	15	422
15	6585251890	15	873621263	15	505
18	8462756037	16	980511153	18	120
17	7400151509	17	1055950138	17	77
18	8592327956	18	1244000090	18	112
11	4979258309	11	861039225	11	384
20	5704053895	20	492284935	20	54
18	5993879357	18	740837657	18	374
28	9863598018	28	1307764576	28	90
16	4188125716	16	558039040	16	496
16	7458266730	16	934058194	16	90
23	4889903365	23	428193495	23	390
26	10729502996	19	1248074345	26	149
22	6016791169	22	865250202	22	566
14	4092189249	14	363695684	14	220
21	6867484188	21	373840379	21	388
20	8708440805	20	1369137214	20	78
15	6708869035	15	551778815	15	75
8	3408533320	8	620800350	8	35
16	5286246384	16	746106027	16	61
21	19766390138	21	671876550	21	575
18	8169934021	18	1188191954	18	474
18	9403179668	18	1506538444	18	411
25	6311620970	25	737485493	25	68
19	8329193746	19	816608209	19	620
13	4907962316	13	502378078	13	65
21	26448087241	21	502604706	21	619
17	14289021645	17	795029281	17	439
18	8657134621	14	1237312413	18	106
19	3019794853	19	246662473	19	454
29	11470234342	29	927377684	29	445
22	9780122934	22	936157761	22	658
22	7394499853	22	797145956	22	84
23	11021789784	23	1295819232	23	537
20	8934155245	20	748277872	20	479
17	5403853157	17	925346094	17	51
23	6278194018	23	371764506	23	479
19	9194542442	19	918579527	19	487
16	8219265062	16	493696815	16	454
30	17282003499	30	182145996	30	582
19	5737560138	19	678568351	19	413
18	5919107908	18	494853823	18	570
21	6491079324	21	927429730	21	568
20	12329965418	20	932263169	20	598
16	8823478732	16	925412134	16	642
20	10295315864	20	932674094	20	611
19	9414005579	19	929220336	19	363
22	10951392179	22	1122194242	22	126
19	5304536390	19	489545403	19	315
18	4283876969	18	250262423	18	293
22	8124313006	22	915293040	22	556
20	6325769776	20	738026823	20	73
14	9563519470	14	1006577610	14	100
18	7094274774	18	496548299	18	448
32	10005935798	32	1044912531	32	95
17	14185941367	17	1182405773	17	468
13	21562902978	13	432243084	13	658
23	7252046628	17	1001425098	23	91
15	8626366580	15	1101149864	15	116
13	7151152588	13	988096916	13	70
12	4789954402	12	868064480	12	133
19	6929926674	19	797783190	19	165
19	9665808350	19	864210623	19	414
25	6003614692	25	315548462	25	78
22	5384574618	22	437721691	22	561
13	4256513245	13	688218992	13	399
18	23167867011	18	426454660	18	523
19	7015748126	19	491331713	19	390
14	5214450039	14	565577417	14	54
21	18202836298	21	1002925705	21	453
12	3938210981	12	487376635	12	349
20	9289404814	20	994782951	20	104
13	5492763019	13	614134753	13	571
16	6242775273	16	1058303805	16	449
22	9111672642	22	869574441	22	600
19	7485130912	19	923035065	19	528
22	6360016881	22	557285898	22	116
18	7606518741	18	617390333	18	106
14	6863876399	14	1538249609	14	50
19	7667766571	19	1240986510	19	74
17	7095334425	17	862674859	17	77
18	14378985637	18	1110446548	18	559
20	4608636264	20	306546986	20	62
16	8846279188	16	1557511201	16	84
15	9289317597	15	1230400326	15	512
24	7442952010	24	1003775004	24	374
20	7588762967	20	610308186	20	92
25	7989840274	25	990182902	25	92
17	4912494617	17	620892744	17	538
26	8227700092	26	1055155181	26	176
16	7167875914	16	752875852	16	82
26	14311256834	26	1304578990	26	587
15	3550498064	15	374037399	15	47
22	7356961111	22	496061404	22	717
13	4607225301	13	679780130	13	49
11	4376987045	11	245247883	11	71
18	7831764556	18	736932118	18	423
21	9557255402	21	1496883513	21	363
14	8013370127	14	1365591764	14	88
27	11134710659	27	1423470185	27	107
17	8943044267	17	1118918391	17	503
13	7679427248	13	1502377231	13	76
17	11275484809	17	424791058	17	559
14	8520619929	14	1108790882	14	440
23	4286843069	23	250006965	23	49
15	7713586501	15	1302373976	15	75
20	7131857297	20	982257560	20	80
17	5964425587	17	868646002	17	414
19	6770641023	19	612005009	19	77
14	6838466083	14	754855270	14	521
29	8591221349	29	858457849	29	212
23	7759293159	23	921902357	23	411
22	7386780313	22	485760130	22	101
23	8933710435	23	792588109	23	642
18	6717242243	18	552354982	18	73
28	19530912764	28	806031108	28	598
22	11451968454	22	1622190474	22	121
18	5368822421	18	554306865	18	67
19	15484134940	19	689826384	19	519
21	9953573819	21	1052887962	21	417
20	9349649305	20	1234573569	20	73
18	3917506494	18	246424251	18	364
16	4920588641	16	249122011	16	275
14	13239293871	14	1239117189	14	573
23	4388750088	23	549463260	23	66
22	9680759011	22	983730926	22	551
21	5443725515	21	492781189	21	86
25	9033189380	25	996136653	25	479
21	9790302844	21	743358137	21	547
21	9273477941	21	994172613	21	463
24	11219820364	24	1548949757	24	344
20	6690107639	20	546560770	20	364
19	3894561327	19	421514489	19	38
22	4974944109	22	318795801	22	65
16	5767577134	16	1041177825	16	145
22	8411716034	22	877759990	22	119
21	7531637745	21	1061524383	21	83
16	7777687183	16	918591784	16	486
20	7491846515	20	1126098767	20	83
16	6821409862	16	435310924	16	356
10	6686428478	10	812988716	10	436
23	6555593492	23	252134391	23	413
12	8087783460	12	865839668	12	490
15	4485127576	15	252022486	15	420
28	14413231658	28	1429757046	28	415
19	6729178415	19	685921879	19	457
17	6754022781	17	432286753	17	534
17	9989547139	17	1123915465	17	113
14	5827115899	14	369887600	14	412
18	3979806331	18	241865695	18	347
21	8908428813	21	1436917492	21	88
25	7731341760	25	874379024	25	469
17	9966591071	17	679361063	17	663
11	4073585518	11	931969290	11	42
16	7924924773	16	921251282	16	541
23	9004644174	23	740745967	23	385
14	14961635916	14	1053493351	14	481
17	4237557939	17	309396644	17	33
20	20357891092	20	1195359981	20	405
16	6275678768	16	859542312	16	93
26	6986608698	26	317434941	26	246
20	6508679664	20	366181347	20	653
12	9304069655	12	1238980968	12	85
18	5067290000	18	368900375	18	67
22	7237610171	22	935326468	22	423
17	6703907776	17	684783171	17	449
21	8914104908	21	1119371129	21	122
18	5366603678	18	724068061	18	46
23	11343185158	23	981556222	23	131
19	6199212651	19	498630372	19	463
23	8952731967	23	930748643	23	612
20	5573917388	20	254349068	20	550
19	7456344570	19	863775328	19	390
20	7015634238	20	622220305	20	589
21	5068832483	21	692348175	21	59
17	6055625522	17	802338101	17	601
17	4760502685	17	682888075	17	57
13	8262051199	13	1294945837	13	649
16	10170698127	16	797037928	16	266
19	8392683817	19	617942622	19	506
17	6494453956	17	426153107	17	73
23	10665452476	23	864325794	23	549
17	8584902280	17	1051536544	17	400
14	5019879202	14	672869194	14	74
17	8421465312	17	620287718	17	560
19	5096649557	19	381018932	19	503
19	6919397694	19	809870562	19	77
19	10027315820	19	862351836	19	591
10	7361757922	10	801340445	10	466
11	3275942229	11	557966197	11	426
17	10780520811	17	1158231656	17	262
21	5995515706	21	495903767	21	323
22	10059151181	22	925599343	22	405
15	7943632529	15	878835252	15	96
23	7340909764	23	312473172	23	616
18	5968007113	18	494081751	18	574
17	6830944628	17	1187400674	17	366
18	5796511744	18	251257522	18	81
20	8769278728	20	743121675	20	518
13	2144608569	13	187112211	13	321
18	7523620337	18	303211820	18	349
16	4511967528	16	553536447	16	68
20	10325410722	20	807736571	20	563
15	5272346155	15	806880714	15	53
18	5502511219	18	795217906	18	395
27	10301342575	27	918412410	27	523
30	8604600973	30	999070141	30	94
21	9228074265	21	930479395	21	591
26	8641212477	26	1043768429	26	415
15	8589148460	15	1119494745	15	80
24	13122668123	24	368918901	24	550
25	7679664640	25	1068513246	25	469
16	6939607663	16	736466407	16	423
19	12286751742	18	995992873	19	494
14	5979368503	14	806669120	14	65
23	8783418316	23	1173965912	23	370
25	7239509054	25	434112022	25	70
20	6850049297	20	501139666	20	98
15	3872464983	15	565223339	15	390
14	5613894909	14	996949405	14	66
23	3466485943	23	247435957	23	275
18	3935450806	18	562109992	18	57
18	4176120575	18	372006230	18	61
18	4312347491	18	503700629	18	48
16	8130879239	16	555553408	16	562
19	4548684748	19	623971526	19	178
24	8515504699	24	1119506971	24	85
15	6101715064	15	692050978	15	76
25	9998591567	25	1418213011	25	106
16	9277447582	16	372790102	16	414
15	4413794821	15	126226715	15	617
16	5407048198	16	622397444	16	61
15	7176586265	15	673970136	15	493
17	8338846933	17	1178251382	17	492
20	19974768515	20	1052371478	20	615
22	15689277833	22	1738551356	22	584
16	6967220242	16	872614948	16	68
20	6890818723	20	685946933	20	522
17	5757129513	17	484511498	17	572
21	13485802143	21	1234482608	21	723
14	5891145245	14	550713090	14	91
27	9803967986	27	804867331	27	119
17	5587748655	17	686193849	17	419
20	3355101100	20	244665004	20	351
20	13634534777	20	310113334	20	744
14	6687118340	14	761332917	14	90
11	9687264111	11	1349563416	11	485
15	5964042905	15	1053498178	15	48
13	5745451614	13	865207569	13	362
24	10089134086	24	863817107	24	592
20	6550647196	20	500536547	20	244
19	6801962189	19	688236539	19	73
18	7065125770	18	809576142	18	55
28	7069893972	28	310190514	28	121
20	6574418658	20	442414538	20	561
21	10026560521	21	1221519152	21	552
15	11053126276	15	805322404	15	507
21	6193096727	21	487640957	21	539
11	3982420846	11	247237073	11	409
14	5963263008	14	862943727	14	45
18	10425487537	18	1108416164	18	418
15	5396424840	15	733425540	15	446
23	12408867149	23	498025636	23	438
19	9171364054	19	1356361913	19	591
9	4208999962	9	760282625	9	25
17	6730891741	17	810908267	17	480
21	7447694766	21	998923566	21	672
15	6826269308	15	497512713	15	491
15	12431343328	15	868858663	15	401
26	7508433841	26	307598018	26	102
21	6534129438	21	617374662	21	80
16	8800979292	14	1490772667	16	112
20	13634718314	20	930281003	20	620
22	9502633708	22	499599492	22	486
19	8907776004	19	434736410	19	538
20	8010037620	20	739711380	20	548
20	5625614830	20	434932814	20	62
18	5171249019	18	606850040	18	391
15	6179671785	15	865123492	15	82
24	6170464912	24	371020869	24	77
20	7068985754	20	619390640	20	421
17	9619134127	17	803318789	17	452
17	7610269269	17	318627572	17	140
21	8441365026	21	552469030	21	396
19	16428653858	19	989680275	19	575
17	7459849788	17	742853374	17	600
20	9571526259	20	383725280	20	565
15	6333897118	15	798000578	15	60
11	4857356791	11	562477819	11	39
17	4314661840	17	481607432	17	401
23	5992970143	23	187077850	23	514
20	4347436483	20	255261269	20	58
24	26391573340	24	1094091293	24	542
22	12296686665	22	1312383354	22	576
24	10377874605	24	866547273	24	640
25	9911949484	25	567412920	25	668
18	9790827968	18	559615677	18	542
15	4949176554	15	244973669	15	91
20	7107122056	20	921379404	20	430
15	5829220817	15	671163896	15	596
18	6231977407	18	868496157	18	333
27	9226764499	27	1050929871	27	115
19	6987150075	19	1233195180	19	409
24	9950125180	24	1049079287	24	148
11	3179758700	11	361046780	11	444
20	9526866752	20	798202661	20	415
17	8987387022	17	1480379073	17	489
26	7989518568	26	1057628052	26	454
19	16504695094	19	876479756	19	520
20	6240271231	20	444034724	20	450
15	9126888601	15	1185643614	15	474
21	7741050416	21	863316638	21	501
13	3928997102	13	621989279	13	49
20	6924974759	20	371461265	20	503
22	8791755307	22	1040989430	22	443
15	7468499376	15	309908452	15	102
25	8863710660	25	615627506	25	515
19	7180262848	19	559434635	19	412
19	8523981373	19	1047720703	19	104
17	9306677315	17	749597877	17	393
20	10061024066	20	747581640	20	659
16	6026720939	16	621548927	16	123
22	7039055237	20	249786428	22	94
14	4201338640	14	421414070	14	379
13	5285532966	13	496101183	13	250
13	5964725041	13	809026755	13	83
17	6806372247	17	949230707	17	77
26	8565167248	26	932682364	26	629
19	11814092124	19	317131154	19	389
14	8143186037	14	1238599127	14	62
15	6112530128	15	728871334	15	560
21	7765479674	21	494840559	21	91
14	3187940641	14	730059411	14	166
21	8087368267	21	919552055	21	89
19	5844350497	19	859434977	19	396
26	18119702304	26	367957326	26	700
21	7840470041	17	1008855391	21	90
23	9805248145	23	612581711	23	535
14	10225859577	14	1251283903	14	528
24	8520135508	24	1051831650	24	78
21	5640996025	21	492298117	21	69
25	4477379257	25	561606234	25	54
20	7126539546	20	992292681	20	455
23	9047901735	23	990830308	23	370
22	7460115144	22	933358494	22	610
18	10488842836	18	1060915919	18	416
21	5116869891	21	742429029	21	51
18	7104425270	18	437578157	18	612
19	8432478921	19	435925443	19	463
17	6537376648	17	1063757912	17	550
11	8139502527	11	1059727320	11	82
25	8656975197	25	860326282	25	555
16	7432677203	16	925665295	16	69
18	7416173027	18	866351192	18	380
11	6711060711	11	1361158565	11	466
21	13221655237	21	1129213387	21	436
16	7491807598	16	305491362	16	559
19	6048289610	18	810461690	19	73
10	5467015574	10	931866170	10	101
19	7946591793	19	743356701	19	528
17	7267753565	17	927647399	17	94
19	5856428382	19	312368796	19	410
22	7281780023	22	500914673	22	100
17	5924625355	17	744433269	17	403
23	20920438922	23	1041741093	23	597
19	7320167160	19	310720177	19	535
21	6685197822	21	552121495	21	690
17	10518713668	17	481666958	17	397
17	12655450775	17	561963750	17	343
18	4853793885	18	691719130	18	51
18	6568380310	18	942680758	18	81
21	6775373469	21	675634606	21	589
18	14157288467	18	557372969	18	653
19	7464086995	18	857939448	19	70
13	13093919232	13	620199842	13	452
17	4531739152	17	498456642	17	516
20	16463959124	20	864749169	20	192
16	8493298487	16	1050082654	16	86
17	6954346512	17	505535253	17	67
24	13816154631	24	982329093	24	395
21	10520886245	21	1189205306	21	88
22	11823575912	22	548240621	22	388
20	7588087092	20	605761771	20	569
15	6235998111	15	686984153	15	356
11	3993710205	11	436490534	11	490
10	5109226182	10	681616344	10	420
17	9389681423	17	556615290	17	435
12	5685595779	12	375310412	12	567
10	7527119696	10	1421052137	10	90
24	7470281029	24	871193376	24	95
17	4332143448	17	369189016	17	550
19	4376923858	19	493483894	19	47
24	4285025722	24	851403905	24	36
22	7777139552	22	754268222	22	68
11	7407363676	11	1039631142	11	63
22	7312004203	22	753977593	22	576
21	14926162543	21	932528653	21	630
20	7135752139	20	803450332	20	617
22	7085871637	22	676831255	22	80
15	7112216397	15	872846013	15	257
17	6451379293	17	921410680	17	103
15	7971616951	15	872139508	15	92
16	3938147618	16	554817764	16	58
7	4535536252	7	1104344139	7	33
22	5761729620	22	251486599	22	76
27	14956808896	27	675190018	27	462
20	9709178588	20	747280851	20	325
19	7953076202	19	916078409	19	490
17	5839142469	17	490772963	17	58
31	14769004818	31	875989847	31	557
15	6634154513	15	993365839	15	80
19	9609029087	19	726288332	19	577
9	6638622939	9	687199036	9	74
14	6703274823	14	994034316	14	486
17	4991171377	17	304030654	17	322
18	8391360456	18	682261574	18	445
28	7715701943	27	752099885	28	92
21	8301016010	21	1284317175	21	97
15	5793492364	15	1049352874	15	50
15	5851914194	15	562094695	15	73
22	7830405434	22	672917963	22	399
20	21346795217	20	1228088055	20	530
15	8368648119	15	987353819	15	105
14	7696839901	14	1043912568	14	355
22	6294945782	22	683709436	22	549
20	5081449706	20	436071713	20	393
21	9403011178	21	1240370600	21	144
18	5076653343	18	485245577	18	79
27	12917282609	27	243465247	27	499
27	11426654993	27	926956191	27	470
26	14135153306	26	623011681	26	537
19	5186693773	19	433775854	19	89
17	5698698117	17	741869430	17	54
23	5205606369	23	615195544	23	366
14	4625960735	14	813087367	14	74
17	7337230719	17	859236836	17	97
21	13104338964	21	494223130	21	548
13	6413032517	13	1127084268	13	399
16	6439887468	16	625173806	16	71
27	8617660933	27	1225145169	27	91
29	16868732988	29	696071282	29	527
17	5649839131	17	248208456	17	667
19	18901431881	19	1295905630	19	433
20	6850748636	20	1130202683	20	70
18	7214606884	18	750637254	18	433
17	4707427201	17	250886985	17	68
12	6731883525	12	914290602	12	75
26	17166117070	26	1362711092	26	455
11	5941582654	11	792994077	11	89
22	6389415775	22	251839507	22	364
21	14314191258	21	1495886541	21	443
20	7973268128	19	796257792	20	87
20	6891960298	20	976197064	20	499
12	8796722551	12	1601073575	12	88
17	4949143667	17	553969549	17	381
23	7881647112	23	933245906	23	108
25	9968084278	25	985087936	25	544
21	5931706926	21	315257553	21	83
30	14112187784	30	874365793	30	615
20	6384266288	19	368424239	20	69
21	4897798589	21	621174983	21	357
25	21578165847	25	808464959	25	504
15	5614467216	15	544907090	15	482
30	10185690435	30	247685198	30	489
30	9107404083	30	625149060	30	516
13	4548573138	13	254403170	13	50
13	7468866461	13	1183559009	13	87
21	12456229323	21	623531102	21	378
26	24993980599	26	676830267	26	603
14	7644273437	14	1733350097	14	550
18	12667554483	18	816229178	18	365
17	7983386807	17	611695129	17	535
24	15717270121	24	1060682348	24	535
16	9086305000	16	851612993	16	405
20	7772874641	20	1238225635	20	98
23	5882803496	23	432998138	23	553
24	6070915707	24	555999283	24	66
14	5241587076	14	688586285	14	361
23	7625132780	22	742560951	23	101
15	7936721457	15	732519477	15	59
15	7678889221	15	868715339	15	684
21	10478557079	21	1296747767	21	233
23	6161318797	23	622016594	23	88
23	11720477673	23	438231968	23	639
21	8626759382	21	486748410	21	416
14	7744134762	14	866134865	14	67
16	10538030466	16	1033441243	16	353
21	5238728426	15	615952011	21	70
12	7867930676	12	870072613	12	75
26	6746376913	26	247086163	26	423
22	8028821704	22	488221727	22	322
12	10979247114	12	310150858	12	421
19	7624451843	19	633022850	19	639
24	6466231519	24	254370683	24	471
18	9946097509	18	1173807120	18	96
16	7797201140	16	810761756	16	510
21	6458820153	21	368014916	21	86
7	3046644213	7	725843244	7	29
20	9042042667	19	1239168120	20	98
18	6215130932	18	990950579	18	59
14	6690382577	14	1354121403	14	68
23	10336068562	23	678981269	23	534
19	13609900323	19	498598323	19	284
23	8046991859	23	990872992	23	128
23	5351929078	23	250287070	23	467
25	5682828282	25	612275196	25	379
19	7000331392	19	926183419	19	693
15	5748162308	15	975642852	15	575
12	4969719072	8	673425988	12	43
18	4559851395	18	243553969	18	51
16	7028048035	16	618458331	16	84
16	3392632920	16	487658568	16	33
17	8124501104	17	802766158	17	529
22	7471383405	22	367640734	22	356
16	3288799500	16	432757105	16	45
13	8104010287	13	696242288	13	422
27	10897209704	27	942356702	27	638
20	11145454704	20	994025485	20	519
15	6093982386	15	735261726	15	90
18	6022872641	18	1108758331	18	77
8	6017700660	8	746448156	8	82
15	7726792666	15	931618980	15	503
14	5685087152	14	498935116	14	70
17	6800233233	17	628868241	17	93
25	9981498460	25	987916787	25	554
21	9535119004	21	1049096505	21	675
9	6610799002	9	1118516499	9	383
12	6135823528	12	864368848	12	449
13	4265462151	13	445615751	13	55
25	15111695295	25	801176520	25	534
21	4935782303	21	440553271	21	93
16	6955749428	16	927851572	16	104
22	6076280356	22	247044455	22	542
24	8362701528	24	1109511750	24	80
21	6746091340	21	992634892	21	73
23	7394241399	23	251869968	23	519
19	8599278329	19	811004224	19	649
24	6961035555	24	874469639	24	390
18	6114685999	18	868073629	18	275
25	6890130569	25	682536848	25	641
16	23174001487	16	749794888	16	507
15	7081468034	15	1436210857	15	72
16	11942997353	16	990407355	16	522
14	6621120831	14	923567298	14	71
15	13587702445	15	304784820	15	424
27	10577855009	27	987540495	27	580
15	6687947663	15	885505439	15	76
10	2916322093	10	630628947	10	77
23	6808697284	23	927971832	23	83
14	9604862039	14	438901540	14	429
15	6210508217	15	181973861	15	587
28	5884360627	28	240160170	28	72
22	6196453609	22	434437470	22	71
21	11641603907	21	865024893	21	613
15	5033779467	15	876035417	15	465
22	9039216814	22	938948876	22	553
20	13265213045	20	880584191	20	562
19	3961766866	19	496344935	19	55
10	8517255126	10	1424681037	10	435
17	4964838102	17	679553179	17	53
16	2837701361	16	302410628	16	486
19	5645941345	19	552603666	19	107
21	6435769187	21	486495312	21	511
13	3927581940	13	372313876	13	36
16	3798642838	16	430360657	16	69
33	21846562789	33	503328348	33	559
17	9372454815	17	555183195	17	423
19	10146742531	19	1287588810	19	422
22	4498055037	22	186257999	22	43
18	8352033518	18	688749458	18	368
13	4615409022	13	309575376	13	70
14	6748995282	14	1171451580	14	87
21	6439420197	21	860649411	21	380
20	12558422533	20	736543460	20	565
21	8925402707	21	374086876	21	511
16	7246791454	16	875861052	16	78
15	7418571046	15	864917969	15	396
20	6395146784	20	306973199	20	431
19	7084464954	19	432119715	19	407
20	6114379225	20	378053501	20	385
15	5894833128	15	245780342	15	476
24	9247453661	24	1174104723	24	387
20	8275192392	20	732933453	20	85
19	7274046736	19	557769367	19	502
11	3553700006	11	550512096	11	192
16	7181922474	16	619633596	16	555
15	5816941424	15	612444441	15	533
26	5233732260	26	245002019	26	507
19	11866610263	19	1225988328	19	624
23	11393617921	23	750316236	23	684
18	7077512502	18	991289436	18	89
18	9316528784	18	1060119238	18	452
11	3963671916	11	244184763	11	556
20	5365502071	14	747725308	20	58
20	5527632620	20	244868042	20	377
20	5000022422	20	433942690	20	52
23	5970901174	23	366095949	23	485
19	9718015264	19	618139411	19	292
15	7198620419	15	1061628389	15	76
25	7150612416	25	554357863	25	353
24	8102339392	24	924492629	24	73
16	7944780018	16	1179064237	16	82
26	5421174986	26	363309959	26	388
24	0	0	1048132993	24	5
20	4796518231	20	541771898	20	49
29	10173673769	29	504376246	29	507
16	7087180142	16	675752113	16	70
17	9038314129	17	1231937466	17	96
13	5904253300	13	499936670	13	70
24	9877643498	24	924388692	24	109
16	5005809870	16	624925995	16	356
21	10363064411	21	1367048320	21	400
16	7647316457	16	1115484773	16	76
19	9851800242	19	1107921998	19	416
18	5296985329	18	620294770	18	406
18	8893890449	18	672666273	18	73
16	5517746011	16	872137252	16	486
18	5068986690	18	865598925	18	296
17	6065702673	17	1053141917	17	465
28	10487368171	28	1118449455	28	125
19	8338807856	19	624415163	19	628
14	4861351594	12	245964606	14	54
19	5936693924	19	304054249	19	500
17	9812489805	17	1298543427	17	66
16	9711151459	16	1360837791	16	90
13	5257402632	13	866200426	13	416
22	5178518720	22	497700701	22	484
17	6459915457	17	241502963	17	520
