27	10250915538	27	866344149	27	638
28	15328391899	28	1052477054	28	431
18	3001845480	18	368460946	18	66
21	7313255142	21	872321294	21	89
22	5451539389	22	493956249	22	69
16	7996292662	16	1109527286	16	445
17	10813702937	17	1672025908	17	122
27	12227868793	27	1409778325	27	394
25	7738498851	25	992695463	25	412
17	9762926805	17	1178753746	17	504
14	12048977115	14	745345185	14	339
17	5039422983	16	431262312	17	49
20	6271730793	20	792712998	20	63
21	9129138152	21	691473607	21	677
12	4723541025	12	309534110	12	441
23	7677221079	23	307855014	23	462
17	7106051845	17	863571591	17	687
13	4398918900	13	569795040	13	45
14	2589252897	14	242966768	14	331
19	6443446684	19	621760702	19	515
16	6249880734	16	686635533	16	71
24	6984405611	24	245558144	24	472
18	6914632456	18	733882475	18	454
16	4979536269	16	303354047	16	539
21	8977382180	21	1313466460	21	103
23	15011880961	23	862653064	23	451
13	6131417169	13	561823048	13	78
26	8920865425	26	928612856	26	99
24	12474458173	24	875073167	24	573
21	6563247586	21	372094176	21	82
26	4828952690	26	246319009	26	60
23	7009545075	23	754706663	23	366
18	7466423041	18	182354045	18	525
18	6028554581	18	618982426	18	495
21	6589879302	21	432750277	21	71
24	7965067385	24	1192468711	24	96
15	4247655099	15	599369731	15	39
14	7060961248	14	248044543	14	653
16	5919672626	16	603370614	16	435
24	11011448743	24	801312473	24	508
21	6030643913	21	550267411	21	417
17	8314480817	17	859891609	17	429
21	8643491138	21	558573959	21	494
23	6734460254	23	745774432	23	121
28	13922242261	28	1113186928	28	557
12	6564689104	12	1369959851	12	48
15	8910664479	15	1114521587	15	93
18	8024269325	18	1052854956	18	544
16	4032397684	16	309086625	16	213
19	9887744554	19	1165816494	19	504
17	6320195163	17	730124875	17	611
25	6874857892	25	550788600	25	509
25	7517959797	25	927184166	25	80
15	8286422389	15	787152112	15	94
20	14275850534	20	622035664	20	329
22	14956468943	22	999543135	22	564
25	8523766509	25	188105881	25	350
18	4876406982	18	380779599	18	57
26	4843093180	26	622503011	26	36
21	7874013183	21	1053294578	21	101
17	11304121231	17	1365035473	17	411
31	7176532561	31	558902518	31	97
24	7651401935	22	613023616	24	85
28	8925565744	28	185497284	28	580
11	4265365245	11	444559612	11	46
22	8141699156	22	1304503717	22	564
17	6151234431	17	370440250	17	103
27	14016509498	27	497589101	27	639
20	9252723249	20	1242841257	20	94
13	7079679033	13	996925557	13	444
21	15401882147	21	922614187	21	519
27	7336315274	27	557924810	27	604
17	9450752340	17	1115306528	17	507
22	9487366655	22	1051743068	22	115
26	8863678437	26	995309252	26	91
23	23093217353	23	987228779	23	479
26	10535355722	26	1290098433	26	511
20	6707818613	20	927990990	20	82
15	10232839007	15	1572042747	15	95
17	4879682187	17	440784571	17	45
23	8015088473	23	1111263181	23	492
27	16615156367	27	564222346	27	664
20	8730740897	20	743117290	20	552
24	12932456134	24	244481882	24	346
22	10133279000	22	1178958764	22	422
13	4080245140	13	559599276	13	40
19	3844478786	19	308487884	19	71
19	5944446390	19	446142979	19	69
18	6562725630	18	789536712	18	73
25	7802386626	25	433402428	25	88
25	9479889897	25	617816664	25	647
21	6325485079	21	504273186	21	392
14	7329763633	14	1303333852	14	71
26	5835303900	26	740088618	26	68
14	5559620748	14	498754637	14	409
28	10338207156	28	798612822	28	405
17	4090593129	17	497586056	17	480
13	9701496587	13	989352848	13	538
11	8364628025	11	752032338	11	551
26	10901837183	26	1197627345	26	508
18	3765952556	18	183283133	18	57
26	9145521349	26	496835337	26	500
22	8962365490	22	982257126	22	539
20	22627912269	20	1102800521	20	430
21	4856853257	21	629672268	21	573
18	4642687387	18	374060165	18	454
14	5329726757	14	619009326	14	480
28	7010647208	24	497361958	28	118
27	10835579578	27	984995246	27	132
23	18180988940	23	674042552	23	589
32	10075251339	32	423882647	32	685
11	4036260105	11	254617327	11	314
21	6833368567	21	868316411	21	83
10	7490173583	10	1363797189	10	355
19	8644496034	19	1439736610	19	405
22	9156622726	22	238610107	22	367
21	10919750797	21	987325502	21	401
18	4866476406	18	375542397	18	69
23	10145427894	23	1003657088	23	523
24	5382571060	24	553098788	24	439
19	8679796114	19	936395340	19	570
15	7098944063	14	245292763	15	103
25	10962197754	25	1303063867	25	126
13	3656923048	7	736227440	13	32
19	9463708091	19	1309000020	19	409
17	7602304403	16	741181596	17	61
19	3783073183	18	245820755	19	59
24	9842369211	24	553899836	24	525
22	8633157632	22	1296126095	22	84
23	15493289235	23	866986208	23	394
25	25371637691	25	1219423671	25	436
27	8959966312	27	492829400	27	133
18	7194763514	18	999948089	18	86
21	8521857949	21	1159392013	21	493
19	6985859653	19	690927264	19	90
21	9896496152	21	1003708938	21	114
19	13699684118	19	552557281	19	626
19	5279309561	19	429809929	19	57
25	8337676378	25	923664479	25	280
18	6068037702	18	372186166	18	88
21	5890860293	21	502581356	21	499
19	8638242333	19	1122421122	19	502
31	7873961972	31	1229964451	31	432
25	7500252648	25	729176853	25	526
19	10803493587	19	929081398	19	569
21	11269953509	21	496444219	21	587
24	11118224046	24	1245487145	24	125
31	10988016445	31	608944742	31	558
15	14574855059	15	1238575730	15	492
17	10430992267	17	1055878002	17	560
22	4788243748	22	245360687	22	61
20	8357394473	20	812329756	20	119
22	10018949521	22	434324500	22	573
15	15118559508	15	885383826	15	442
20	6442525984	20	746864179	20	76
18	7453100798	18	862897258	18	100
23	6855385812	23	561341562	23	463
25	8677179926	25	936250542	25	99
28	9112839034	28	818477994	28	604
27	8170976034	27	363593053	27	443
15	8383033051	15	1047527962	15	86
22	9707103705	22	1055458889	22	420
23	8686549202	23	803145190	23	608
23	14336269443	23	381042432	23	673
22	6359196539	22	499128750	22	577
15	7720636949	15	1062974421	15	483
22	6746406738	22	621856560	22	86
19	6444999371	19	555138114	19	343
19	14900633030	19	379169517	19	656
20	6596663245	20	562741596	20	85
25	10247594988	25	993951173	25	448
23	5985394322	23	811562925	23	621
14	3410682194	14	505606440	14	423
17	2859972588	17	687922080	17	33
22	8517420837	22	929261500	22	483
20	9743800765	20	930780357	20	660
17	10008283199	17	1054435290	17	418
26	7987999919	26	813451897	26	597
28	8916322795	28	925711560	28	492
24	7770308048	24	987505117	24	89
14	12396754099	14	986749212	14	502
15	11725815124	15	1310025094	15	469
22	7716402437	22	989636421	22	80
21	14013375401	21	1427270995	21	411
19	4207362673	19	504683148	19	597
21	7346391684	21	735420301	21	91
20	8735544985	20	813093965	20	401
25	8981297381	25	746281450	25	447
14	5413692934	14	684407908	14	48
19	22682720454	19	1489789749	19	375
19	5886865049	17	245032083	19	68
27	9137479407	27	790715854	27	563
21	6723660128	21	363631711	21	547
21	6043722012	21	675893178	21	575
17	7276929544	17	885358647	17	487
19	9811998080	19	1541272941	19	100
18	5212412143	18	559260898	18	86
21	9765924599	21	1546486110	21	498
17	6615150099	17	864180287	17	74
18	9977389457	18	1306167013	18	80
16	6485620173	16	804231143	16	86
17	10319609305	17	1291925622	17	105
21	6499988471	21	252182881	21	522
18	5950877272	18	687069389	18	446
15	8201755895	15	1105505198	15	87
24	9676120382	24	813115475	24	104
22	8066821320	14	1311704079	22	104
14	5988568842	14	613262853	14	57
13	8264635862	13	1364958207	13	293
20	6879919281	20	860584222	20	452
16	9022354445	16	1437781424	16	105
20	5505781404	20	564661392	20	426
22	5635013370	22	497294032	22	440
18	8130856303	18	742092362	18	578
19	3087024655	19	244105942	19	76
19	12294840618	19	695889693	19	581
15	3162603105	15	687370366	15	41
20	5534942420	20	490031792	20	344
13	10088609108	13	921657352	13	691
25	6809527004	25	739053251	25	474
24	8974838328	24	810546303	24	384
25	7553514344	25	634274427	25	600
23	9725394818	23	1230587049	23	117
9	9301331607	9	1109777528	9	410
14	6129372408	14	1167653606	14	53
12	4543824053	12	817141839	12	32
22	5991997304	22	614374640	22	541
28	6527762028	28	686209672	28	65
18	13899746610	18	986314331	18	577
22	9516672410	22	806485510	22	495
22	8479059931	22	1358117174	22	102
17	16676814808	17	553104601	17	380
21	10075229593	21	865117060	21	697
17	7675213809	17	1036384591	17	480
14	8765452537	14	1228743998	14	104
11	6536169192	11	974573400	11	71
18	9851511823	18	1120812901	18	468
17	19055754297	17	365555064	17	518
19	8814441019	19	305342698	19	411
21	8325914373	21	1120895832	21	590
14	9372316720	14	1191437640	14	124
24	7187760562	24	319996980	24	796
27	10242559135	27	1060423062	27	114
19	6480116624	19	620707331	19	70
15	6616898316	15	627394947	15	617
20	5142055230	20	726567466	20	57
25	7531570510	25	615224415	25	93
17	10252201876	17	1103044823	17	127
21	7957704247	21	431225206	21	325
15	10850280313	15	932140887	15	486
17	10467459292	17	743046301	17	684
29	11122356013	29	683962699	29	143
20	5937378287	20	684595124	20	416
24	8571728207	24	861917915	24	92
22	16155954808	22	797050522	22	416
22	11579706149	22	1738531651	22	94
17	6646534570	17	545211808	17	522
19	8588401879	19	923790106	19	529
20	7621492963	20	883081883	20	624
19	7387998756	19	922546236	19	455
20	6835782775	20	690477489	20	502
24	5503268000	24	621804875	24	375
21	8889412686	21	935035301	21	100
17	6380890998	17	1056788650	17	64
14	8501050300	14	1422176734	14	62
17	6626207666	17	746229671	17	58
20	19058471511	20	1422035002	20	628
20	8045808640	20	926091842	20	469
28	24542169668	28	678217927	28	400
21	11687624500	21	1051022700	21	515
23	7787320111	23	627260528	23	795
30	12142734243	30	741962995	30	396
21	6791510390	21	622144167	21	77
23	6090627248	23	493233898	23	77
22	9068625484	20	855646370	22	109
20	8846266591	20	686478915	20	461
22	9230191036	22	373083170	22	553
11	10285461925	11	997819075	11	603
19	5016271812	19	438602896	19	61
25	13226340781	25	866660329	25	789
24	7945122853	24	609504164	24	653
28	11491568058	28	1105771013	28	135
24	8750277040	24	731279876	24	500
24	9198752267	24	1350689473	24	92
16	12625462159	16	1249074858	16	380
25	9501865729	25	364175227	25	462
12	7138790845	12	685789284	12	428
21	6133462579	21	304617660	21	521
28	17902044201	28	990728971	28	665
19	9959026222	19	792394862	19	672
18	11592407475	18	1238697274	18	106
24	21459918083	24	1182700484	24	702
18	3972690784	18	548927577	18	68
23	10718176153	23	1247635983	23	138
14	6547407485	14	1043728075	14	71
21	8763315187	21	556566742	21	643
18	5920659861	18	679424639	18	47
21	6156554561	21	614138190	21	416
20	8482820306	20	1419729196	20	205
20	8828946729	20	815434051	20	80
18	14022749349	18	812170860	18	553
17	4178878183	17	299233902	17	42
34	10507755759	34	996859174	34	667
14	13259580435	14	1227264469	14	473
12	7492928588	12	1051528503	12	437
24	8998384795	24	621651329	24	620
18	4380693238	18	315756247	18	630
20	8403102481	20	744057304	20	98
24	7859716510	24	364205868	24	449
20	7969897945	20	623372013	20	761
31	15203937638	31	505139155	31	365
24	8766000993	24	680793443	24	129
27	8825019668	27	1223936834	27	96
22	6542806924	22	559064822	22	104
18	6015019380	18	369393582	18	400
17	3641921354	17	308354278	17	32
17	8169882499	17	991107888	17	342
22	5154421501	22	252130465	22	512
18	7439525980	18	1126039984	18	408
21	7279795754	21	933700523	21	440
21	8079378692	21	793257502	21	108
24	11728916344	24	1366140903	24	519
30	7398586249	30	560099607	30	421
23	15167331632	23	930758824	23	726
21	7157262517	21	868854141	21	92
20	18781454076	20	1191524604	20	577
24	9276045560	24	1319093461	24	74
14	4437599967	14	668856627	14	42
24	8291829096	24	373087578	24	670
21	7585557523	21	1109963632	21	197
17	7536331393	17	685514786	17	547
14	4539641276	14	502864879	14	46
13	8281554606	13	1116443619	13	447
30	6545767257	30	486924803	30	457
30	7235971974	30	375623523	30	574
15	5747233724	15	681632045	15	545
20	6695732805	20	508419598	20	62
29	8638526300	29	627754818	29	369
21	3934892633	21	310281059	21	492
22	6398129767	22	694209318	22	95
22	9158727646	22	1177306504	22	93
27	6885842987	27	186424578	27	412
14	6726093751	14	545683814	14	542
15	8651052021	15	1251504568	15	209
19	5846074306	19	678271928	19	72
17	7835436012	17	866830222	17	147
27	9959762299	27	1317695845	27	505
19	10274805579	19	984920552	19	552
20	7849246579	20	431850528	20	558
22	13396895873	22	371523921	22	462
23	8194897293	23	559208899	23	117
20	9091016408	20	1236594895	20	415
20	7722008053	20	685632141	20	491
22	6273280869	22	249868564	22	85
14	3925026877	14	501152815	14	32
24	7257379061	24	807272392	24	486
25	6360731408	25	928337966	25	439
20	5619860981	20	185806235	20	576
25	12379481380	25	1008272225	25	694
14	12862612654	14	873205476	14	562
19	4848371113	19	629809796	19	51
22	6606231365	14	868752573	22	79
20	8144757770	20	985235510	20	94
23	10911597495	23	1302426899	23	615
20	7961024208	20	1054943599	20	626
17	15195434465	17	1297346448	17	440
13	17408334274	13	1422694504	13	513
23	6441833473	23	683315690	23	640
11	6592648165	11	1054940612	11	70
13	7737542212	13	1062146364	13	458
31	9240203235	31	252393852	31	546
23	6589798616	17	667789616	23	75
18	10435070690	18	1231982528	18	559
21	8283009218	21	627128536	21	297
24	23660364593	24	868479521	24	541
16	8741090466	16	673809904	16	631
18	11031949366	18	1423843504	18	378
15	7542695161	15	987767941	15	101
21	13316998648	21	741913146	21	572
18	6509754655	18	563592310	18	72
19	4178945438	19	433031860	19	388
12	4864066200	12	427608132	12	78
22	7648709661	22	670725646	22	546
16	11192285524	16	1314997175	16	149
23	10034900716	23	240140976	23	454
21	15100580382	21	1298635508	21	780
17	10066711077	17	1172348240	17	510
20	6148747549	20	193802505	20	466
26	8357770819	26	616506314	26	96
16	17183473078	16	1309443206	16	587
14	8945648761	14	989670061	14	566
21	4909848724	19	312655305	21	67
20	7197956167	20	376920386	20	51
16	7490719343	16	618900056	16	679
17	9961481578	17	1428868156	17	124
19	6728651873	19	370037970	19	76
26	7978327789	26	376476609	26	362
28	6617884428	28	301610377	28	544
15	3849256014	15	436542164	15	324
22	7600882591	22	549543005	22	524
13	4243509308	13	440591121	13	426
21	7797502143	21	809351745	21	629
21	15246640690	21	733488674	21	621
19	7138932104	19	982702819	19	60
9	3872337004	9	427122034	9	33
21	5698800177	21	511203187	21	72
23	8500537904	23	1103600548	23	485
30	7085082934	30	746195136	30	84
14	4646307604	14	181873188	14	58
23	13114920195	23	858898648	23	669
22	5942071367	22	502030190	22	596
23	7384940828	23	1102038806	23	337
22	6249092923	22	802477407	22	565
19	4850189383	19	561433857	19	463
17	9327908065	17	796365766	17	600
29	6088204143	29	380337081	29	435
21	6522628363	21	426126307	21	643
25	14963255467	25	1056433491	25	538
10	4425301192	10	690889927	10	481
18	4852007821	18	423257953	18	56
22	8367260649	21	869759981	22	511
21	16657732630	21	256345567	21	478
18	5453777538	18	496291387	18	49
20	7515191481	20	871109320	20	535
27	7124984635	27	303958577	27	519
16	4769042500	16	433980057	16	406
24	8453512448	24	690651854	24	526
11	6471296539	11	802545710	11	76
15	4578703048	12	437179832	15	53
21	21070390301	20	1371315478	21	413
21	5480293881	21	622203786	21	712
25	14123170498	25	1051295047	25	534
20	7868238468	20	748589873	20	111
19	5891640886	19	440044147	19	85
15	8358135030	15	1166850640	15	80
25	11304324098	25	933353676	25	353
26	6521557208	26	249615795	26	385
22	6537568719	22	375199602	22	630
21	9227151682	21	1110523381	21	524
22	7058887617	22	745351263	22	69
25	9259673797	25	739452341	25	508
23	10136050151	23	945322131	23	544
22	12560432961	22	751657193	22	526
20	7114272950	20	1177703234	20	469
20	6441309286	20	495652164	20	666
20	5645930662	20	577023117	20	563
16	3627571947	16	371161144	16	162
29	14141728921	29	1122468364	29	656
31	12829450750	31	988481181	31	634
17	8552712123	17	977803339	17	392
21	11128426768	21	746409468	21	444
21	7261564883	21	1165574916	21	399
25	7196441185	25	378870406	25	596
22	8836677868	22	1121467089	22	102
25	6448339697	14	616063398	25	79
17	5365675292	17	378288320	17	82
15	7884197621	15	930017910	15	95
22	11704097545	22	1420500709	22	420
24	17535729970	24	1049473514	24	553
25	19313737993	25	980620622	25	567
20	7794984583	20	1049555657	20	78
11	6894807329	11	1059685188	11	546
26	11563633623	26	1303925583	26	131
16	6349657280	16	996294068	16	57
19	7888829403	19	551796685	19	505
23	13933600468	23	930066091	23	669
25	15666596698	25	1002949296	25	448
20	5620421706	20	559181886	20	69
22	16561528265	22	1056103634	22	562
21	11965431544	21	739074005	21	594
17	5424294667	17	548846674	17	431
12	4877888600	12	498910505	12	67
16	4844702107	16	251313265	16	56
26	7022928943	26	550597059	26	77
15	13574272914	15	1556303393	15	326
23	12938022155	23	1176081736	23	423
14	5958864643	14	443762809	14	73
17	8861942594	17	798097211	17	621
22	10137049585	22	1243309019	22	115
19	8837852495	19	1045062500	19	513
21	8947116010	21	1062613858	21	115
20	7673399256	20	559973552	20	79
17	10958735783	17	1050696634	17	452
16	7800233007	16	864584727	16	372
21	7156953822	21	798860506	21	123
30	9281180683	30	691666217	30	476
25	12213172492	25	617082792	25	534
28	13392631628	28	429257659	28	561
24	11972235813	24	865922173	24	482
18	5923937618	18	307660740	18	215
25	23501115076	25	1738079886	25	547
18	8037249568	18	564138364	18	460
22	11800888583	22	362275934	22	480
24	10859211188	24	1352403956	24	303
28	15108308120	28	503246085	28	444
15	5798313479	13	804317777	15	89
25	6739645858	25	495450461	25	77
19	17267232253	19	935145436	19	636
21	5446314679	21	500080191	21	59
19	5073410114	19	681171212	19	317
17	6176529986	17	691864168	17	98
20	9714660377	20	810500572	20	425
19	5100991407	19	307755415	19	282
19	10673543412	19	1188938987	19	477
21	12944791048	21	1114229635	21	412
30	9625139787	30	991461919	30	498
20	10377646712	20	1044927991	20	599
19	18053364451	19	1302474163	19	343
15	4822671381	15	920352769	15	70
16	10226987775	16	809554763	16	450
21	8163881286	21	876240133	21	522
21	5596449050	21	368419301	21	77
22	5895090527	22	253878723	22	56
14	5523887542	14	990330389	14	63
23	9079435471	23	929723968	23	360
21	7086335087	21	860757396	21	84
21	9282564570	21	1551558523	21	96
17	6411056760	17	435745300	17	81
15	11981465405	15	1113813802	15	114
23	10091096643	23	493083238	23	542
16	5355055949	16	309266878	16	67
21	9794370282	21	557226289	21	649
17	9352240625	17	677270750	17	387
17	4726175155	16	247889328	17	48
32	9221964573	32	923064162	32	501
17	7348681303	17	930966555	17	600
23	5697911039	23	686142289	23	67
24	15805343577	24	808363625	24	664
17	5273365620	17	683482088	17	616
15	4351552943	15	557746439	15	420
33	7632532933	33	684927577	33	598
23	5877488806	23	870403880	23	50
21	8009275339	21	669830496	21	108
27	12606544907	27	1547780367	27	471
18	9541971359	18	1300805675	18	125
20	11061279074	20	1781777254	20	110
19	11195660534	19	1229676087	19	359
19	7056432919	19	313984823	19	109
20	8729572049	20	878556859	20	561
21	9295334583	21	809965436	21	109
21	7405023675	21	674506070	21	475
12	7866861771	9	1374237964	12	74
14	5046286173	14	677656432	14	59
24	16323509592	24	1301543122	24	627
25	8557029153	25	695123707	25	83
17	5352570405	17	862239124	17	431
22	8168060244	22	312370145	22	93
30	9064155321	30	992618180	30	96
26	8301455782	26	429268479	26	422
19	20682496913	19	558948757	19	387
21	7188785525	21	616008031	21	92
18	10081433640	18	491123542	18	514
17	8389048874	17	743966607	17	419
19	4361392169	19	504665640	19	44
18	7460841556	18	744109489	18	104
20	6209623275	20	605579455	20	458
18	5265118522	18	241715364	18	590
29	12340704949	29	1190008307	29	155
20	3041818304	20	252445185	20	33
25	9981669528	25	1239760942	25	134
28	12381407666	28	304808536	28	355
18	8935622906	18	1173234349	18	538
16	7706597018	16	991029051	16	66
22	6490842832	22	855841608	22	599
21	5865920600	21	624720413	21	532
12	7672920082	12	744612558	12	74
16	7994183528	16	1404309477	16	97
28	9466664709	28	866869249	28	326
21	4254259626	21	505971878	21	359
17	10357666400	17	617571407	17	525
31	20313807673	31	1427702720	31	352
23	11280802996	23	930553219	23	690
18	9797486406	18	558544881	18	540
17	5795028434	17	749350342	17	37
19	4630739498	19	373288410	19	51
18	7376429612	18	684690674	18	400
12	5711873589	12	925765374	12	67
19	10471716548	19	1260799430	19	110
22	6380839063	22	808733642	22	581
32	16486707965	32	874819894	32	498
22	7699438363	22	808264819	22	431
17	8890085843	17	803850308	17	71
22	8983361200	22	986293986	22	83
27	9787527359	27	1480706057	27	443
20	20813559007	20	992649258	20	522
17	7099751671	17	1054322470	17	545
24	9680825261	24	304922017	24	536
22	5798227525	22	313055662	22	428
19	7424402060	19	428917156	19	97
19	5462129495	19	488045651	19	449
19	6041376339	19	985968210	19	402
17	13216748110	17	690578712	17	461
17	7987627174	17	994705770	17	125
29	11772258302	29	1060564010	29	568
23	9818131901	23	923808253	23	517
13	4580212345	13	370177529	13	635
15	10350143714	15	981685052	15	423
16	4319249385	16	314602802	16	433
17	6991874246	17	1160988069	17	216
24	26198059187	23	1354027798	24	432
16	8869508542	16	799686110	16	332
22	5760192584	22	368519439	22	76
15	6486951378	15	685763029	15	73
18	11713142805	18	428815041	18	340
18	4717461953	18	187456765	18	85
20	4006092123	20	313295926	20	53
24	10569531614	24	1241365823	24	492
25	7629107563	25	303710465	25	554
20	6942933285	20	555489354	20	100
16	7250277575	16	805029979	16	648
17	9705655025	17	740791768	17	409
17	6343471039	17	1111030484	17	361
17	8095540123	17	738238152	17	82
27	14849853483	27	555756741	27	650
16	6697206244	16	630286307	16	78
17	6934232156	17	502152841	17	605
22	13300191662	22	428088211	22	342
25	16470420709	25	870088759	25	597
21	8591807767	21	799426088	21	466
15	6077579947	15	874519660	15	488
18	6283282335	18	738301739	18	80
20	10639944356	20	1071549283	20	556
29	9441111800	29	994995203	29	598
23	8165902486	23	748012144	23	503
19	4951058750	19	124853993	19	126
21	6185731594	21	678596980	21	389
22	6632574362	22	434325091	22	451
20	7384760641	20	558147713	20	487
16	9608788061	16	811000871	16	545
24	14036577813	24	733601629	24	558
20	8455051555	20	922600270	20	72
19	9524480094	19	928309979	19	629
20	8388900657	20	739456550	20	84
22	8019550908	22	501213962	22	455
22	11897629069	22	1664476401	22	127
21	9305699585	21	1187232341	21	401
16	8683650238	16	623349116	16	389
23	8711473656	23	247120859	23	474
20	5282902871	20	741041060	20	51
18	6643742288	18	816938538	18	89
27	5248611404	27	492380425	27	104
26	6346901058	26	250540731	26	72
20	7184294794	20	611648512	20	428
15	15805536623	15	1366446054	15	414
21	7901546807	21	980834965	21	574
14	15037932966	14	1412695873	14	336
20	9256788010	20	745521628	20	101
26	8496696351	26	860708048	26	314
23	10691544404	23	550920459	23	438
25	10800565750	25	616200455	25	591
19	8495314008	19	1367803677	19	226
21	7414035770	21	741037797	21	675
22	5998490389	22	560163394	22	127
17	4704406608	17	368366502	17	580
24	8762325727	24	1059452838	24	96
24	7143288656	24	687933142	24	82
26	9535794395	26	997141079	26	623
14	15106376251	14	1117308031	14	533
20	8215610802	20	502364051	20	495
27	10506420075	27	615303233	27	669
21	5366540648	21	309209361	21	716
21	9014200364	21	1053073833	21	534
19	4670223425	19	430039324	19	512
15	6033001323	15	554348667	15	66
16	6719898756	16	1240717577	16	72
16	6564056394	16	1052797683	16	73
19	7462818345	19	803066047	19	88
18	21781920970	18	691819794	18	545
23	21419268586	23	797968240	23	595
11	2790875116	11	371557872	11	29
22	9737748049	22	1036813862	22	411
20	9513878169	20	1059454958	20	406
18	10621804885	18	421357489	18	606
19	7206437469	19	491401214	19	102
20	6671078515	20	430279390	20	439
19	10068563939	19	1052183946	19	124
25	8628775104	25	498033699	25	83
17	7644522113	17	1118705114	17	109
22	9235359824	22	1122876612	22	394
18	11001679255	18	1174868555	18	559
18	6102035141	18	489881554	18	656
22	8072407308	22	927306443	22	89
25	8046048329	25	674297790	25	376
23	6700612843	18	1059671094	23	51
16	5066257972	16	360916127	16	496
23	7760123570	23	930028800	23	500
17	5882953514	17	880131455	17	425
30	8478626216	30	802331574	30	464
17	5643982632	17	681257715	17	50
11	4293316423	11	870231136	11	593
17	5074317709	17	249755464	17	84
18	8815907969	18	875311346	18	120
26	10590816147	26	1110234658	26	554
12	5964494523	12	877558050	12	78
24	20936421550	24	564368828	24	610
15	5863932247	15	497954512	15	362
26	6713230152	26	680792445	26	606
21	8437056731	21	434891297	21	452
20	9072119693	20	929932296	20	423
17	9704280259	17	864286032	17	428
20	12007932734	20	612188412	20	458
23	9184919453	23	1171754230	23	99
23	7979993525	23	680563024	23	130
19	7143342922	19	876996132	19	86
15	4417955399	14	371280104	15	58
18	10566808025	18	1364139812	18	138
11	4889288019	11	430307711	11	39
18	5540594157	17	305865970	18	74
11	4604009321	11	802691859	11	44
22	11172761346	22	749273614	22	429
21	22849568330	21	614662046	21	580
16	8879637992	16	378382247	16	507
17	7120487010	17	1169824701	17	79
22	9760500077	22	864659559	22	600
22	6819813978	22	807412982	22	83
13	14182914294	13	616453664	13	393
21	7309039854	21	1119605311	21	486
22	7793942077	22	868000610	22	423
12	7879745102	12	1114175742	12	262
27	12350456941	27	880930987	27	508
23	9671351325	23	803651080	23	131
25	8878744759	25	973532910	25	129
19	11810954924	19	248712607	19	197
19	7905925441	19	811621310	19	114
14	3701825415	14	366511718	14	32
17	5071760632	17	738501658	17	68
25	6030008377	20	925793556	25	73
18	16554347732	18	753209239	18	325
19	6919616527	19	934814206	19	93
15	5066650886	15	620383526	15	45
26	12860120179	26	1110783842	26	580
19	8467273416	19	1115250826	19	444
22	5080478195	22	620858037	22	398
15	4636726370	15	365623642	15	61
14	7084013006	14	1175468655	14	64
20	4824604246	20	612890038	20	61
17	9005041841	17	422710493	17	462
26	10320135446	26	618077233	26	622
30	13927592648	30	1050601441	30	489
24	9846007907	24	1118155769	24	452
13	4839695915	13	866545497	13	393
18	8460254797	18	1106837299	18	97
18	9452635339	18	750730646	18	342
21	5180345625	21	361555009	21	61
27	7153946014	27	752939593	27	447
19	9062571091	19	378841723	19	399
21	18893299539	21	983067612	21	397
18	9971830604	18	1045146914	18	126
21	9946879901	21	1112404266	21	519
23	10791793124	23	1053607900	23	416
19	6619782409	19	675310455	19	87
22	13428356820	22	801304933	22	574
28	13369085909	27	1437470506	28	504
21	10490757752	21	1431218570	21	146
23	8658558359	23	1478557438	23	90
16	5949102230	16	686887123	16	53
21	6496157999	21	993595076	21	474
23	10329187107	23	736045940	23	419
20	6680849242	20	917661272	20	389
23	7517393363	22	678339117	23	89
18	6379246933	18	436573551	18	606
11	3784257269	11	315539982	11	85
21	7355887260	21	1124072693	21	267
14	4885962547	14	615477831	14	74
20	6212734202	20	430111895	20	83
17	7423303655	17	806946691	17	107
17	6150390444	17	608288059	17	58
28	7383137051	28	990901076	28	95
16	5108884961	16	614560649	16	388
23	10277421609	23	928450547	23	493
13	9598972121	13	316472944	13	448
24	7375224890	24	869648908	24	75
21	3862430646	21	309348736	21	51
16	5450635457	16	552806131	16	439
22	7771308460	22	932530375	22	435
17	4082559609	17	617705342	17	41
20	11982386967	20	1480216977	20	234
30	7424648255	30	623910554	30	95
21	7061073001	21	748343041	21	473
22	11103379485	22	495682308	22	573
15	6268591786	15	746170120	15	626
17	7046720094	17	1055353014	17	71
24	10286279091	24	1105060318	24	131
19	5384126791	19	497635813	19	72
29	7428411090	29	619286683	29	465
17	10271272211	17	1047587709	17	479
21	10533708671	21	984733582	21	172
33	20301627854	33	812216512	33	669
13	5116076983	13	674601027	13	62
17	24564949780	17	924768743	17	483
19	8521137397	19	990354560	19	94
21	17404655623	21	1006162919	21	603
23	15647396021	23	613269200	23	506
18	5165813596	18	498814866	18	62
22	8109753466	22	741165133	22	388
16	4906218203	16	749386422	16	45
25	13861509819	25	741159023	25	412
20	7040223002	20	790327699	20	73
24	9138375602	24	684365388	24	127
22	8469236315	22	1002527397	22	104
16	8384106265	16	1435325353	16	82
28	10974093552	28	972832828	28	611
20	11015278045	20	1359076744	20	392
25	8614329606	25	1106351532	25	394
24	6089505773	24	490437354	24	439
22	6172383535	22	734191635	22	62
23	5888352235	23	991146192	23	442
25	10873420344	25	1310823875	25	560
11	8844565211	11	1414830482	11	87
24	9926626708	24	189380391	24	385
20	5234798764	20	312049994	20	525
23	11681508216	23	735820963	23	682
15	8465682153	15	931690012	15	421
23	11290861277	22	873136796	23	167
16	21415664836	16	1168412623	16	510
19	7434891645	19	678546818	19	82
18	6958019585	18	876180403	18	58
17	6047885277	17	734334084	17	52
30	22085784970	30	985903614	30	561
24	13141547026	24	804894277	24	571
19	6140807498	19	691526737	19	635
22	8223832279	22	619297935	22	559
23	9215870805	23	978654412	23	547
13	9582571318	13	1182426871	13	416
20	4238984968	20	501846752	20	54
19	9039389621	19	1003424139	19	421
20	8047799957	20	360495443	20	106
23	8742599120	23	736109557	23	650
17	3674074887	17	619990636	17	39
22	10216980617	22	1037015257	22	439
24	5698748157	24	250711728	24	77
26	7597233123	26	432675411	26	587
14	4523481240	14	750153575	14	68
13	10392271870	13	1372887227	13	98
26	9377466344	26	1004028406	26	624
14	2981976569	12	744537336	14	34
18	9910873349	18	742910877	18	329
32	10692897026	32	620503603	32	514
19	8801131646	19	507185965	19	431
27	9176183978	27	921432261	27	100
28	9445022175	28	1300412066	28	102
23	8736613106	23	1364992777	23	168
28	14516548333	28	556430035	28	529
16	6646271759	16	799371804	16	68
20	10441673913	20	673823889	20	463
21	7797959274	21	865988222	21	92
19	11140582959	19	991906030	19	393
28	8143433848	28	310174099	28	628
18	5610838295	18	558386939	18	371
19	6427962877	19	863525875	19	547
21	11636135785	21	1363680047	21	388
19	8582242164	19	496568475	19	513
22	6272636304	22	740113606	22	89
18	6217375427	18	433631359	18	488
25	12949475074	24	1252550934	25	481
27	20563830886	27	1246378959	27	614
22	8108034592	22	1052944030	22	620
11	5495036142	11	982471653	11	57
24	9856893538	24	795309632	24	582
22	9069816530	22	557352907	22	535
18	6741632433	18	489355372	18	462
19	12171399230	19	1305988904	19	459
18	7316234911	18	433051835	18	549
16	8441028069	16	1187307620	16	94
15	7067511141	15	734995007	15	89
21	7090054700	21	677084663	21	462
22	6977911023	22	366568947	22	66
20	6409000370	20	307510498	20	505
17	7231967685	17	869105686	17	150
25	15998142523	25	1051327543	25	564
14	10424672236	14	748590408	14	337
17	4982433504	17	811714815	17	52
25	9458106251	25	616649764	25	373
18	5240318897	18	677737957	18	70
20	14510709145	20	500589621	20	529
23	7522947104	23	811640416	23	340
19	11629431569	19	1233639249	19	515
17	24567779995	17	993800501	17	480
14	3143446122	14	441420480	14	409
24	10838878266	23	551489423	24	508
20	5882582164	20	502436558	20	484
21	9785222213	21	1094706750	21	526
19	6402987993	19	365882819	19	458
21	7120820774	21	379768874	21	464
23	12600073350	23	1307281559	23	564
22	8439316136	22	1055114202	22	98
26	7539965532	26	553788167	26	481
21	10622667883	21	752741807	21	409
13	4675047842	13	313586117	13	350
17	15358506262	17	863365816	17	633
12	6224385200	12	679527352	12	339
31	21724108859	31	500512174	31	546
18	9119014691	18	1054021764	18	81
17	5660685277	17	738193788	17	65
19	4618523012	18	812301834	19	26
21	8197344438	21	814501946	21	431
14	6874867342	14	747460023	14	469
33	6377164486	33	315802261	33	669
23	8502814146	23	923479702	23	488
13	18341537141	13	1278482900	13	565
23	20297631348	23	1167222054	23	552
16	7049697249	16	679803128	16	540
18	5787637010	18	184953265	18	539
13	9334058527	13	365565859	13	483
17	6001390633	17	368048820	17	89
27	13811262940	27	500539349	27	663
13	7213352404	13	877850899	13	378
24	12067738178	24	686959590	24	477
25	9457073199	25	624533693	25	792
17	4935726282	17	626593054	17	542
18	6361108104	18	693269538	18	550
16	6644845745	16	500757228	16	540
30	8261949323	30	303209666	30	431
27	6224389017	21	818276998	27	83
22	9608087060	22	806543565	22	133
22	9485941263	22	436440225	22	392
28	19145532396	28	250975803	28	562
19	6332590861	17	561589489	19	93
18	6214377022	18	311555286	18	64
19	5208786504	19	623006039	19	548
24	14521462834	24	1045127196	24	532
14	6810472673	14	937342329	14	497
27	7460850651	27	630361429	27	573
20	9380752798	20	491452783	20	456
20	12076981058	20	436172012	20	517
21	7197962157	21	609241344	21	448
21	6665150132	21	685256375	21	689
24	22685727933	24	979465466	24	664
18	14089718613	18	1493945678	18	300
23	14118581837	23	817315790	23	563
22	8379152843	22	622757474	22	500
22	9135406077	22	428220633	22	614
22	5153079960	22	484062944	22	463
20	6388285421	19	866773727	20	87
20	6534857633	20	996864411	20	619
26	11175315043	26	1240763863	26	140
24	5835469988	24	243051634	24	526
22	5341710970	22	244472129	22	721
20	8369453768	20	807191061	20	114
15	5666312749	15	614068229	15	398
24	19257227876	24	927922432	24	591
15	6101897498	15	184536630	15	542
18	6199858537	18	749012134	18	137
18	7742601460	18	556834359	18	78
20	6044678804	20	245723634	20	73
25	9138336298	25	312983415	25	567
19	6334981112	19	743870659	19	647
22	6086477362	22	499431800	22	64
19	5444197005	19	310325368	19	526
22	8066821320	14	1311704079	22	104
20	5798370868	20	684254449	20	359
24	11265980393	24	1048957700	24	482
18	14677031264	18	1160844610	18	452
21	6457032481	21	252608476	21	398
25	5926590616	25	249332428	25	282
21	7757543156	21	694033105	21	429
21	6053592277	21	810653778	21	59
12	6225345939	12	557484830	12	79
22	6955126161	22	744811070	22	63
22	20539180861	22	252787511	22	564
17	5916339508	17	929268464	17	46
21	11939422377	21	624761921	21	535
29	16594716969	29	375930219	29	649
22	8855776433	22	1172528725	22	522
22	10581017378	22	1437890619	22	503
22	8090659280	22	545354822	22	90
13	6564141246	13	1053377609	13	235
17	4902792157	17	484026838	17	495
23	6313498789	23	626060961	23	470
25	10082567416	25	866832370	25	125
25	11345530738	25	1175665883	25	484
18	7333772837	18	997930292	18	65
22	9730702587	22	732654568	22	607
19	6643508267	19	372855016	19	79
18	4408288932	18	243844251	18	46
25	6894238584	25	562309477	25	74
27	7113076668	27	300477659	27	551
17	4701878367	17	427364410	17	646
20	10558823240	20	1341288835	20	311
30	8695593418	30	990249019	30	600
16	8071466708	16	496741598	16	107
19	7176064933	19	616734390	19	573
20	8416731210	20	675943219	20	585
18	6424170344	18	309100890	18	49
21	6516269683	21	505327308	21	72
20	6047746144	20	550029774	20	370
30	24565768783	30	985909724	30	655
20	17899728754	20	983981451	20	690
24	10303495956	24	436848149	24	386
23	10307689843	23	727324732	23	534
17	6198231540	17	558248392	17	403
28	7204023513	28	555053910	28	79
17	6952747989	17	810426283	17	497
18	9364348297	18	1069840775	18	116
17	4202279036	17	490121347	17	82
10	5521298657	10	849940166	10	63
15	9837998657	15	1181590911	15	88
22	8166257452	22	1318908526	22	86
18	7484178412	18	419357631	18	721
23	9596505121	23	739376017	23	636
