14	10333495338	14	1553727853	14	108
15	5074534809	15	747279163	15	266
14	4680342893	14	686752227	14	96
13	9624222366	13	1244532799	13	103
24	7457518040	24	681724064	24	109
21	3737199899	21	242909396	21	46
18	7103195461	18	684675235	18	89
21	6772187643	21	246493026	21	126
32	13326161936	32	927783201	32	197
22	10949038459	22	1176814139	22	113
19	4290113278	19	682793663	19	54
22	8594208660	22	1245731547	22	75
17	5881553471	16	874182719	17	60
20	5023373429	20	432163333	20	63
22	10533916697	22	1420768253	22	114
16	6173402526	14	1060097229	16	66
18	6674874132	18	248170215	18	104
13	7485658494	13	928082693	13	59
20	6423479016	20	693698964	20	75
19	5344856834	19	432202786	19	51
12	6571095609	12	1181400812	12	61
18	6607898211	18	686813142	18	66
16	7154129655	16	745312623	16	89
18	6223082177	18	931424335	18	70
10	4892784166	10	372283282	10	48
16	8805893643	16	1293855156	16	87
21	11791979293	21	798491135	21	354
24	8150215760	24	373904712	24	90
21	6106939103	21	800955860	21	64
18	5133593310	18	866617689	18	39
23	22501811302	23	1443414223	23	305
13	5576883811	13	746269025	13	93
16	3788102347	16	303731929	16	39
14	6321645971	14	804501198	14	84
19	9799254483	19	1233820370	19	86
19	6886926821	13	999523788	19	63
19	9431733446	19	1176844683	19	112
28	11143702477	28	1110884331	28	134
24	6087902585	23	431755106	24	70
16	7301750922	16	786718219	16	75
14	4455912595	14	310281647	14	53
20	7319083255	20	496835009	20	115
17	5972528387	17	805451784	17	55
21	8493375284	21	1239099277	21	136
25	10985736347	25	1074721103	25	144
15	8584089447	15	1181758196	15	86
12	3391026634	12	615313888	12	35
19	4897149117	19	310938779	19	87
20	7389713946	20	481356418	20	331
15	7144850865	15	987479945	15	94
27	8860331273	27	1294296141	27	104
25	9410484548	23	1116246489	25	112
14	8535117755	14	934484095	14	83
19	6424504135	19	375984761	19	77
14	4689823258	14	490441007	14	54
14	4131297035	14	248269418	14	43
23	8933218560	23	870363470	23	88
13	6447779365	13	861391912	13	85
19	6394468105	19	1054944804	19	65
28	11265325972	28	988985735	28	166
18	6110574483	18	440632259	18	93
25	6456814026	25	687032169	25	80
14	5166530531	14	730984455	14	51
20	8914808083	20	1364614515	20	81
24	8868887046	24	1099898707	24	96
13	4186445123	13	613352226	13	52
20	6417652367	20	372917075	20	96
13	5756160722	13	687963050	13	70
17	4765075495	17	313843353	17	42
21	7863087211	21	558147783	21	103
20	6278596832	20	872615734	20	61
18	5538690663	18	307036075	18	64
21	10814456006	21	1301264463	21	115
17	6753078226	17	1162474489	17	58
21	7468089796	21	864938237	21	103
21	11196976548	21	1112672832	21	130
17	7010763098	17	1007182543	17	67
25	9865906210	25	990692195	25	459
16	6574285571	16	680197780	16	104
18	7543949341	18	622381729	18	80
14	4208308839	14	189649583	14	70
18	5908111807	18	614930533	18	67
14	8210992484	14	935279538	14	70
21	4001330384	21	369843419	21	48
16	5351820407	16	439592808	16	73
22	9369767338	21	809656241	22	110
10	5826542862	10	1123068305	10	76
15	6446657261	15	681548644	15	84
16	7114326518	16	871613920	16	88
15	5719341529	15	629006686	15	72
15	7300041962	15	881566482	15	58
20	6614899866	20	249063444	20	111
20	7364563218	20	923011709	20	67
18	9888462996	18	686829030	18	78
18	7227009643	18	677426381	18	97
17	8687594527	16	991844643	17	103
23	8330496098	23	629638013	23	90
27	7894707564	27	674292949	27	86
23	6284058451	23	551255209	23	85
12	5114291314	12	802388845	12	55
