24	10409636816	24	1167794294	24	99
29	7531888508	29	373227155	29	105
17	6456040348	17	671313005	17	80
21	6880728834	21	628270281	21	123
17	6725389545	17	989980549	17	79
20	6729325737	16	923418650	20	94
30	10047961539	30	996062770	30	115
23	11084023745	23	1366030125	23	125
34	11572430764	34	619602330	34	162
21	6865306775	21	997644152	21	72
20	8397900861	20	549783812	20	126
19	6394507649	19	742000517	19	77
20	7280418796	20	308908850	20	66
21	6232312703	21	672798357	21	254
22	10136216779	22	1044502271	22	140
27	10490275128	27	740161306	27	142
19	7513537815	19	435950775	19	81
18	10391478228	18	1189111309	18	105
17	7529619317	17	863575689	17	95
16	6217096213	16	672757582	16	51
16	6823572659	16	500204150	16	86
22	6197429312	22	857769508	22	88
22	7856732903	22	1116032868	22	76
19	7550388579	19	940910630	19	78
27	9062262871	27	618893506	27	105
19	6442438497	19	800946191	19	421
20	7281945686	20	985430533	20	80
17	6150647695	17	620443121	17	60
13	4989223524	13	433773097	13	70
26	9296237601	26	688161548	26	79
18	4537626374	18	302872323	18	66
24	6714414085	24	499138096	24	95
15	9476381819	15	922840521	15	80
20	7015638869	20	442819387	20	55
18	6474937057	18	1035386978	18	55
25	8150914499	25	553424073	25	90
27	9399758791	27	691900137	27	127
28	8937242238	28	939413231	28	106
20	8241769806	20	811993942	20	84
16	7572882350	16	678060764	16	71
23	10831519400	23	856310560	23	126
18	9413294140	18	749181537	18	110
30	8747326885	30	562862036	30	137
21	9506126205	21	811698576	21	127
24	9602207763	24	806758695	24	115
21	5425181490	21	436692141	21	66
25	13160836530	25	985552881	25	158
20	8155036447	20	427900416	20	119
16	8617200382	15	1055637795	16	88
16	8290393805	16	1356612070	16	77
22	9594226040	22	1124329110	22	107
29	8495816865	29	566632068	29	445
20	6960310647	20	995050528	20	88
27	8976285172	27	929914428	27	112
15	8013110151	15	502699721	15	107
25	9714591714	25	804387611	25	130
23	5151350402	23	372305690	23	65
22	6148709739	22	551161503	22	52
21	6967229373	21	305157163	21	98
12	7626788778	12	995656722	12	70
28	11800288067	28	736437448	28	134
25	13924419538	25	803061588	25	123
16	4872850085	16	560334613	16	58
18	7810288696	18	635462629	18	95
20	12292412429	20	1407250570	20	139
24	9270411990	24	618813205	24	127
18	8070386191	18	612911636	18	139
24	9543602114	24	435874548	24	130
26	6756423858	26	679761977	26	67
16	7590343621	16	987662069	16	93
15	5027487988	15	316090709	15	57
21	9640489244	20	551890606	21	131
25	9802592286	24	813085886	25	169
25	10353571110	25	922370613	25	131
13	4657904261	13	380424380	13	63
15	6998639169	15	976357138	15	82
21	7554398250	21	986711989	21	103
17	5697472286	17	244487748	17	95
20	9570695291	20	1096684679	20	94
19	4129389355	19	241031306	19	56
21	11102297930	21	1119041177	21	118
17	4115522619	17	488782051	17	51
18	7073802716	18	803928727	18	103
17	8203491455	17	1057482627	17	94
12	8188335437	12	742505681	12	84
20	7874620467	20	1057870077	20	78
18	8178148883	18	247316189	18	92
19	6312217446	19	675173358	19	87
28	8326129528	28	876691310	28	88
21	6056219434	21	565958396	21	66
30	6845285918	30	314781656	30	62
21	7555700696	21	617996303	21	97
20	6850465366	20	993495061	20	64
18	5718519067	18	367873479	18	61
22	9845777497	22	749069201	22	123
15	6714045674	15	420185550	15	75
24	7325126608	24	370202857	24	87
24	8178800286	24	865662898	24	101
28	8708483679	28	861892190	28	119
19	4825629329	19	249932537	19	70
