24	11946267753	24	1878425213	24	150
30	8885914499	30	441639120	30	123
34	10526228641	34	423100874	34	146
25	9513835093	25	799801413	25	114
17	7294925952	17	928743064	17	88
25	10800624091	25	364485901	25	140
20	7496559669	20	937841477	20	82
25	7039139396	25	673138438	25	83
28	9981870218	28	1110777090	28	108
19	7370650556	19	378981256	19	107
29	8402601139	29	556904884	29	116
28	7999732365	28	995792417	28	86
21	8694145093	21	853742446	21	153
20	8827937619	20	1185789978	20	107
24	5645612434	24	612325642	24	53
21	7693871991	21	746275641	21	103
21	6584775011	21	1055477410	21	102
24	7786157029	24	492538033	24	85
23	15735951084	23	1494639412	23	161
28	15433750425	28	558272706	28	199
32	12526951511	32	1103551238	32	125
21	11371901794	21	1313722161	21	155
26	8970681710	26	682319817	26	100
23	11527071218	23	1072901736	23	172
23	9971597515	23	1180181744	23	112
28	6408928040	28	630510427	28	325
23	8742063396	23	984401852	23	127
31	10563391711	31	856601544	31	103
19	5909595094	19	251856128	19	63
22	10184932632	22	1248676392	22	117
24	7881264429	24	560453973	24	128
30	9917654718	30	1168656326	30	160
17	7587745358	17	981863434	17	89
25	6347395043	25	620306580	25	97
22	7620861103	22	313706506	22	92
22	7860136978	22	248733633	22	121
20	6862085971	20	867546338	20	74
25	7444164642	25	186217476	25	138
28	12711563282	28	1409606523	28	148
28	7661111359	28	430356285	28	101
26	6777593378	26	300420067	26	85
21	6306777441	21	442385208	21	75
16	11516865586	16	1352347140	16	119
23	8885534511	23	996844059	23	81
36	12360642332	36	973122996	36	147
25	8301575482	25	812753998	25	92
28	10357415197	28	1164984489	28	128
26	11936756785	20	1107474783	26	130
27	14283538130	27	736300927	27	174
34	10111453742	34	925475544	34	152
23	11578513082	23	1488286498	23	118
27	9996095088	27	935360534	27	132
23	10295621619	23	988575743	23	125
30	9549146477	30	745795877	30	105
25	10733581444	25	1322466260	25	155
21	12715057043	21	1165408667	21	127
25	8853000507	25	805071457	25	93
20	7518618508	20	1044157741	20	74
33	5726967962	33	495640781	33	61
23	7819129307	23	931631443	23	98
27	8023035884	27	308843109	27	91
24	8526411934	24	750324159	24	97
18	13125184935	18	1362353167	18	130
20	7562984512	19	492368586	20	127
30	10207761204	30	1177614807	30	122
23	7878054981	23	561414266	23	89
17	9123934696	17	873683075	17	129
28	9049825991	28	1182345452	28	110
25	8113729181	25	314714725	25	97
15	4978770887	15	560832852	15	67
20	8411275354	20	1480097764	20	112
24	6997807403	24	490641290	24	85
31	9348813238	31	364391755	31	127
19	9130330455	19	612890511	19	164
27	9960982303	27	627532301	27	154
26	10040789029	26	933309508	26	108
25	11408818770	25	572462198	25	159
28	12444109824	28	1360348284	28	159
32	12711649758	32	923364129	32	157
20	8288382366	20	1302515211	20	127
17	4297357152	17	304322608	17	54
26	10664368305	26	750530291	26	94
24	9780676960	24	679378726	24	142
14	3652063562	14	372472349	14	117
15	8798789880	14	876578997	15	114
22	7734535787	22	751575458	22	87
22	9505698658	22	555242240	22	138
24	8941922108	24	1234623768	24	103
37	10879175749	37	749601186	37	176
33	12733844104	33	506810296	33	188
24	8292781531	24	858905567	24	107
22	9268143494	22	936191092	22	96
21	9191717697	21	685402398	21	123
22	6667962699	22	376936775	22	372
21	6270423428	21	548532373	21	100
35	12713573138	35	739494990	35	585
29	6598615263	29	751108290	29	74
29	10979914351	29	746111154	29	151
25	10980688659	24	869503883	25	128
36	11868086882	36	867061559	36	147
