5	2072928134	1	551768766	1	11
10	5003434438	10	735217863	10	27
11	5143664096	11	692513042	11	27
7	4651512160	7	939674954	7	20
7	4462972013	7	805947410	7	19
8	1645146057	8	185537687	8	9
8	3608807683	8	1110941634	8	23
2	1051026005	2	549523422	2	7
7	1048657413	1	500398621	1	11
6	5139633321	6	1486979748	6	21
10	2056302140	10	801139019	10	18
4	3224935771	1	992057094	1	7
9	2879448248	9	877208912	9	34
3	3058524881	3	995166013	3	19
7	3759328328	7	800723551	7	26
3	1827139095	3	244546451	3	16
2	8512678851	1	1768333455	1	9
6	2211175671	6	872217786	6	6
6	6107834360	6	1048076400	6	20
11	3856099727	11	799973234	11	17
8	3857300489	8	1242462551	8	15
4	1296778061	4	368928183	4	7
5	3842551943	4	743542833	4	25
4	2878398212	4	866852735	4	23
4	2684998626	4	546326604	4	15
6	3174000752	6	856769723	6	18
4	4404231529	4	1241383310	4	10
6	4038623797	6	1050994558	6	21
6	0	0	1756422059	6	10
12	4418783238	12	871864601	12	28
4	8026589139	2	1737217912	2	20
7	2526340476	6	729252069	6	18
2	603806537	2	121155521	2	16
12	7644176548	12	1110229071	12	33
9	2419665242	8	372758647	8	29
9	5797681749	8	1230130310	8	29
6	2240649686	6	425608144	6	8
6	5538999528	6	2105448708	6	16
3	4358798196	3	983163218	3	15
4	8007137518	4	1508333294	4	27
4	798073306	4	431147912	4	12
5	2392208351	4	934472496	4	13
5	4300826476	3	882774674	3	9
7	4133544012	7	996489903	7	18
9	2136391478	3	487413323	3	9
7	4016238579	7	1054166511	7	33
5	911752142	3	247266334	3	6
9	4109027845	9	756898615	9	15
4	1237375643	3	372877893	3	9
5	5521649139	4	1003398004	5	26
4	3493542547	3	558292520	3	26
7	1571165610	7	307494412	7	19
8	3800254576	8	1231065787	8	17
6	6302475644	6	926147646	6	28
4	3671046716	4	1178739327	4	6
9	2394300440	9	378530186	9	16
14	2477403752	14	322467018	14	26
9	1710915106	9	364242501	9	21
5	1334341191	2	800029224	2	7
7	2174011799	7	497671615	7	17
6	6291069176	5	3613708778	5	19
10	1414255029	10	312564867	10	19
2	609650285	2	312057415	2	10
5	916956082	4	319223578	4	10
7	6242026054	7	1784196406	7	14
5	601514019	4	120004591	4	13
10	5362706193	10	1718144158	10	30
3	2263147475	3	429657836	3	19
7	3082759264	7	562821246	7	38
8	3051937444	8	1185766731	8	20
9	1949107100	9	248433599	9	17
5	3545420821	5	1179445852	5	18
12	8751577249	11	2154531030	12	41
7	3236579187	7	742704304	7	20
7	4971181556	7	1291261899	7	22
4	8436086664	4	1363440175	4	24
7	1595104835	5	429946557	5	8
8	2763685553	3	923733740	3	17
2	2575392175	2	1357708529	2	9
3	7010809974	3	1689548047	3	15
10	6687664662	1	1981716680	10	9
5	2229610639	5	248948277	5	22
5	1587770717	5	741633224	5	5
6	2381553256	6	497577567	6	12
4	186921222	1	124979934	1	6
7	2319140240	3	808899192	3	8
6	4736370401	6	1172015438	6	9
5	4679549174	5	627019204	5	20
6	5316870855	6	1377190982	6	25
4	4883517177	4	1168669076	4	21
6	2872150706	1	743455272	1	14
6	785804794	6	181882331	6	15
6	4053405749	6	616339333	6	21
3	3276751755	3	789810922	3	24
5	7347356854	5	1478591509	5	16
6	8783824643	6	1197988252	6	23
4	2084604279	4	543047027	4	10
4	1908935621	4	439331702	4	15
7	9081250631	7	1751423935	7	14
7	2668538827	7	813428023	7	12
