21	19999740825	21	366325081	21	560
21	13508017836	21	304588368	21	792
30	11000138246	30	868489009	30	461
27	12235378326	27	735157431	27	524
18	5424102810	18	487894749	18	583
24	13759959035	24	1364117542	24	784
27	17246140548	26	854893080	27	550
21	7599503264	21	1245419260	21	386
19	6043783386	19	491314436	19	434
24	8598768212	24	1049844115	24	745
29	8436473147	29	622867245	29	705
27	20941953575	27	424766658	27	654
27	10590831126	27	684608259	27	622
26	14731975975	26	994385078	26	441
29	10740968977	29	609350531	29	635
21	6471390342	21	553295659	21	157
23	3110345539	23	255767967	23	48
23	9862489167	23	934335393	23	788
29	9646632563	29	676426724	29	640
21	26448161497	21	310472335	21	705
20	19498412395	20	434468031	20	527
16	6739644905	16	241320725	16	102
20	5656434471	20	623052051	20	419
28	9399761038	28	1181247707	28	283
27	9207251036	27	1051738719	27	638
23	16038415924	23	986916992	23	705
17	8054076645	17	1298219374	17	242
27	9740975554	27	1064193982	27	600
23	6733124248	23	247689204	23	558
28	20651166360	28	1366774582	28	474
25	11054145635	25	686244489	25	573
29	12461621794	29	922895185	29	653
25	10815129106	25	685274803	25	699
20	7054751736	20	742831131	20	260
18	11734742172	18	1420648550	18	529
27	9740410826	27	1425454325	27	552
24	6791659594	24	242861615	24	562
19	8433202635	19	1042980238	19	540
22	11322010696	22	689940359	22	538
19	21549397000	19	864192035	19	624
26	11289958531	26	1441381587	26	409
21	8218333193	21	1046422666	21	576
18	5557313815	18	675940302	18	670
21	15041438968	21	1306666840	21	338
30	11352544480	30	1228055789	30	701
28	8282885221	28	731492266	28	632
21	7989983784	21	550899203	21	537
26	9412785946	26	736785490	26	859
18	7674001130	18	936692335	18	582
28	14758631141	27	858821684	28	503
22	12379396833	22	1492070806	22	274
23	20575803122	23	550283975	23	527
34	18146934206	34	988462890	34	556
13	8685870966	13	1243211100	13	328
16	5769524276	16	615054978	16	64
23	4934453921	23	624947868	23	49
22	14663202168	22	997571967	22	674
21	16579438612	21	1308109592	21	685
25	10022119199	25	1252497553	25	674
27	12246863993	27	929943058	27	696
24	9238767139	24	675126608	24	655
18	12159977721	18	621500801	18	782
24	4362478307	24	250817034	24	649
21	17840114404	21	1045528677	21	542
19	6108570617	19	803705891	19	406
28	15372273814	28	1355468828	28	705
22	8797730412	22	807198647	22	696
25	5623194482	25	437182630	25	565
19	11635002827	19	815127250	19	599
28	12580372224	28	766007355	28	867
15	7071970309	15	626874528	15	663
26	13247646892	26	917671977	26	765
26	9712054349	26	1168452509	26	700
24	6419626898	24	423113905	24	374
22	7263463406	22	1054138780	22	440
23	6995378729	23	1245707731	23	549
28	7924454398	28	868299443	28	721
20	11552067458	20	618078486	20	638
18	13703632803	18	1238995305	18	777
21	6954574897	21	623614972	21	466
23	7529615464	23	300758922	23	659
19	8840877892	19	1064860364	19	392
23	7683120190	23	988336791	23	569
27	9902414891	27	1284146661	27	649
22	8718808136	22	737180813	22	718
34	8841235176	34	883426144	34	725
16	12476093507	16	874124639	16	478
26	12274594312	26	807660678	26	843
37	9390610855	37	940940789	37	475
28	13579004717	28	812532766	28	704
18	11242794044	18	490039874	18	565
28	11413571488	28	613480342	28	985
17	5341500127	17	366112649	17	39
18	8458516234	18	1110919851	18	829
31	13250557239	31	555002346	31	667
24	5559612253	24	373451459	24	558
34	8861408818	34	423613020	34	740
26	10009269007	26	432592977	26	772
27	17041994056	27	613814395	27	757
25	9901329575	25	1119462248	25	618
18	7799845879	18	679034285	18	465
21	8315969561	21	881748836	21	751
28	16405686640	28	1097916118	28	675
27	10694833348	27	613677485	27	719
22	8045060178	22	913377644	22	616
23	7887978943	23	678617189	23	694
19	4596735692	19	363136065	19	483
27	10430794740	27	815474326	27	530
17	12532988265	17	1313781357	17	754
27	20787153971	27	566969994	27	808
28	15515626354	28	253648464	28	715
25	16140784527	25	431689042	25	660
25	20245431304	24	620345808	25	751
27	14208467413	27	499811269	27	606
21	3964237901	21	310571633	21	266
18	7058785065	18	491226225	18	560
27	11095652401	27	1306405967	27	419
17	7872790033	17	1177584575	17	721
30	11123526333	30	619749326	30	580
21	9418661532	21	987741346	21	552
23	11597695099	23	1247192077	23	687
18	5290876937	18	251079080	18	719
27	7426043922	27	541225943	27	778
22	12796337264	22	739326762	22	716
28	22782821643	28	739690414	28	841
27	13441230594	27	1664259773	27	612
23	17884249855	23	490956892	23	567
27	8453818734	27	1049424703	27	494
16	7918460167	16	1225141405	16	867
23	11451356773	23	501563796	23	662
20	9896504179	20	1501114911	20	550
24	12453609635	24	1372345005	24	442
16	9884542250	16	1122522333	16	516
28	16366451064	28	1052277850	28	643
21	19397370396	21	750532592	21	698
22	8335308682	22	990231661	22	697
19	20440513008	19	988153401	19	815
26	14073025317	26	1298095751	26	714
30	14005724231	29	1065356039	30	827
18	5049704809	18	489005021	18	521
21	13889856251	21	984720274	21	724
20	5466838977	20	490500601	20	460
21	12602396064	21	615222292	21	922
21	10909263877	21	492914808	21	470
25	16654060882	25	927608406	25	671
25	12368697544	25	1239199568	25	817
29	25473376604	29	1230298799	29	650
22	14189056877	22	1055402218	22	722
21	20819457236	21	246526843	21	608
21	8879947836	21	1232906086	21	535
30	12631465387	30	874283424	30	809
26	19585864570	26	490775900	26	594
24	8676136828	24	426896147	24	809
21	9629499223	21	1110565425	21	491
26	18280532991	25	626582031	26	772
21	16055627570	21	805503514	21	727
25	12791115736	25	1935154713	25	179
20	5994081178	20	918083785	20	422
26	6181338693	26	626120535	26	772
33	21568439101	33	992145967	33	564
13	7085561358	13	244511390	13	558
20	15675605769	20	1121401751	20	571
22	7537222069	22	489094771	22	686
30	18152867539	30	1198802382	30	1183
15	8318655916	15	1568305537	15	122
19	13516774060	19	1530003923	19	816
18	9532396478	18	1108624215	18	501
29	11144183790	29	870140377	29	590
22	15857862665	22	374132587	22	463
24	11281315897	24	493381132	24	680
27	7491710997	27	127289353	27	627
27	8485918538	27	622808904	27	734
21	8208659718	21	755171228	21	619
22	6914935598	22	856243681	22	744
24	8523718528	24	854654454	24	643
19	11489683129	19	931067309	19	676
25	10250917477	25	995895580	25	523
20	7506968936	20	303158042	20	592
21	12925909038	21	1129823271	21	746
23	17283643518	23	555575647	23	775
33	9234927692	33	250918019	33	404
20	6133400344	20	314268338	20	705
17	5492659928	17	244512417	17	673
26	9078811976	26	688049483	26	132
23	6263034993	23	188238175	23	674
28	10363757339	28	555954718	28	494
24	10985728971	24	678627091	24	583
22	7345642063	22	1165906592	22	73
21	12421367499	21	790676657	21	774
22	10081935458	22	428616118	22	540
21	10728032337	21	1552902341	21	388
21	18619686424	21	927099080	21	620
23	7625633517	23	303288469	23	568
30	11828010127	30	617022068	30	608
27	21434090734	27	1178145627	27	516
40	25802880264	40	1355983274	40	482
19	6177590684	19	491832414	19	652
19	5441926270	19	372590496	19	69
24	8507502003	24	985337505	24	797
17	8237525220	17	365517374	17	480
18	6133828314	18	811792544	18	349
17	5041144912	17	863044934	17	775
20	10373123268	20	806155235	20	508
21	5851375002	21	621947186	21	476
22	10979410031	22	377410539	22	684
25	19329178735	25	434929149	25	751
22	7283664253	22	1057474213	22	539
23	10327502742	23	681501311	23	603
23	9048194248	23	747456341	23	479
22	8252601220	22	497913942	22	787
29	8280843603	29	622733099	29	88
34	11326626975	34	924504956	34	661
28	24337847652	28	1002819570	28	606
25	11817019756	25	738385920	25	490
20	16166546547	20	1168535700	20	674
21	8146389059	21	798844467	21	479
25	14690103684	25	986168207	25	523
32	11249668785	32	629582487	32	756
21	8581179297	21	739547113	21	439
30	6814070414	30	432296906	30	90
20	12899361711	20	805687424	20	726
16	3929077176	16	370437617	16	582
25	10964346213	25	1233662870	25	484
27	8061059835	27	558681307	27	747
26	10244595581	26	249681007	26	617
28	25615956671	28	989756506	28	699
23	6001383099	23	672529665	23	556
21	6739859506	21	375764428	21	472
25	20688695379	25	1120611175	25	580
20	10080044620	20	496427601	20	768
23	5264132673	23	481275047	23	58
31	15549604879	31	914343172	31	673
18	5987506755	18	800419514	18	708
24	13648900353	24	674439535	24	886
21	7065622427	21	625887856	21	442
22	14762220451	22	1299043783	22	709
26	11455694728	26	1297092860	26	798
25	10655793721	25	1183850867	25	790
26	8489692961	26	312489130	26	452
33	20910495655	33	856770889	33	470
20	7559269962	20	430350352	20	627
29	24339884397	29	921195444	29	772
21	9647302836	21	547930073	21	736
22	8540958740	22	552725907	22	788
29	13152056011	29	1239991082	29	792
18	8288041097	18	802737350	18	815
21	9116777600	21	1431714145	21	107
16	4882466776	16	692346002	16	720
23	9709502286	23	980828437	23	702
27	12953207032	27	992917636	27	707
15	4520388262	15	616695993	15	553
29	11876535499	29	1301630440	29	550
22	9112167990	22	994796840	22	730
24	13990684222	24	805854116	24	588
26	9256645730	26	1054816725	26	736
29	21015264927	29	927572453	29	702
25	6941254370	25	248563837	25	587
27	5684687299	27	549694440	27	315
30	10211940020	30	498213431	30	636
22	12118602239	22	798534947	22	510
32	11281718226	32	892314842	32	748
22	9342711939	22	682666737	22	619
20	13749996183	20	375562591	20	758
25	10270524628	25	315056344	25	699
25	14249393639	25	1168460845	25	820
17	6725166917	17	814160685	17	745
24	16577408441	24	558433242	24	697
21	24562759116	21	804458689	21	530
23	10952331944	23	747430575	23	742
19	16275351416	19	1365653078	19	580
23	4895301122	23	436857002	23	450
25	11270988904	25	1049992381	25	665
24	15546218581	24	861524751	24	816
25	8558453867	25	1249578444	25	704
23	11428004239	23	1225281752	23	648
21	15698737084	21	932649287	21	514
21	9661310664	21	929781772	21	100
29	12988866785	29	1292911365	29	620
22	5647539318	22	125299421	22	379
25	12006629382	25	1237165827	25	659
31	9456776058	31	1124549491	31	669
24	8392714117	24	805664672	24	435
23	5641842860	23	615009499	23	689
23	12347683271	23	494609746	23	508
19	14285110981	19	755705285	19	750
21	9499977618	21	617466627	21	735
37	15868944914	37	373332588	37	755
30	13983387847	30	1371604637	30	517
13	5731721754	13	735493116	13	450
21	10631521103	21	813024983	21	699
22	6445732382	22	608224568	22	399
25	7419837953	25	864323735	25	82
27	21750204270	27	1173608679	27	555
28	10774869494	28	507358688	28	536
20	8079644125	20	799842001	20	636
19	4626588457	19	568500880	19	548
25	13207869327	25	194029086	25	728
19	13190795328	19	1116809906	19	581
26	17543737740	26	927888153	26	676
20	6445984294	20	380662690	20	517
21	18263499704	21	1247816637	21	777
19	8674976604	19	802897204	19	593
20	6054382342	20	240693467	20	893
25	19850260086	25	1325831429	25	669
23	7231712657	23	728300167	23	681
25	21707951524	24	1293380628	25	744
33	9826092629	33	806290077	33	782
28	17725414384	28	976647550	28	998
21	9661351503	21	546531092	21	659
20	7824157451	20	497864278	20	639
22	13645495987	22	683905407	22	808
18	8160398401	18	432438603	18	269
19	9850054646	19	754019894	19	721
25	11982582724	25	249314058	25	724
25	16045569142	25	248965512	25	748
21	8678379596	21	924889733	21	728
27	11693765665	27	612612033	27	712
26	12172745413	26	610617525	26	633
25	13366177741	25	1114708742	25	814
23	14326431434	23	248942383	23	662
26	11710355723	26	1468521307	26	694
22	6706105812	22	370440594	22	646
23	8585324509	23	1126568476	23	745
23	19337831351	23	852057667	23	717
19	7494956380	19	557862154	19	106
19	15404371065	19	616677127	19	560
23	12660679192	23	913835563	23	622
23	7870948054	23	426852218	23	538
26	8733979722	26	253399039	26	636
28	16338758905	28	942286519	28	755
29	10858360048	29	1428262122	29	247
16	5001685583	16	877664237	16	683
25	22154998804	25	1245098165	25	804
27	10952284760	27	987328716	27	1045
27	15440130279	27	750025979	27	441
26	11575718999	26	930922956	26	707
24	11213081853	24	556271587	24	641
21	6354843553	21	679980180	21	530
28	11978813474	28	1049103278	28	687
20	4051904643	20	245180616	20	51
21	8356758906	21	1256556469	21	444
29	8971346816	29	1112743859	29	781
27	10173198536	27	1225513310	27	571
23	15182099273	23	1241899573	23	414
30	15846774552	30	248887820	30	663
28	24810497637	28	803631687	28	703
30	11558315847	29	692004934	30	635
23	6391707861	23	425751094	23	806
31	15286964615	31	1484669926	31	738
24	11747095779	24	808750841	24	735
21	10461914340	21	1167681684	21	103
25	9835473909	25	1225282029	25	524
24	15055221802	24	249802582	24	421
26	15979900369	26	918009638	26	666
23	9530638041	23	1374748540	23	94
19	16230120877	19	973299341	19	696
30	10571804588	30	1369449819	30	389
30	7245326467	30	926634631	30	83
23	7724880475	23	550625666	23	646
21	5614472635	21	622440389	21	268
30	6962566528	30	680023454	30	530
30	9109647415	30	989510059	30	615
28	8818127145	28	798957146	28	563
23	5669287695	23	433749969	23	571
29	0	0	1172928569	29	2
22	14883541687	22	999893265	22	861
22	8984531596	22	730441858	22	758
30	23810918802	30	818119827	30	517
25	6066057435	25	365639693	25	684
26	14144145447	26	1250318795	26	564
20	5516174109	20	184360989	20	413
20	7354621314	20	1046482806	20	515
19	11629032751	19	737674537	19	575
22	7536099918	22	249891735	22	520
25	7199650378	20	1114479408	25	118
21	14714454578	21	370702448	21	682
21	10425787961	21	689347260	21	655
27	24067476554	27	866442885	27	636
22	8784687938	22	805175755	22	595
30	12223256752	30	868687547	30	695
30	8203478059	30	495418507	30	762
23	9752108174	23	878509475	23	690
23	7465000247	23	749509381	23	500
19	24235752222	19	1242319220	19	497
27	10175830349	27	927548043	27	595
26	15904949569	26	1124767417	26	746
13	8871838987	13	1067154285	13	615
21	11384661712	21	486813619	21	668
25	18190727944	25	558989488	25	866
22	9933349441	22	796818765	22	478
28	9608924881	28	925067934	28	560
23	8790757259	23	182972583	23	739
31	20406615444	31	790322326	31	603
22	6161299583	22	245211888	22	518
34	27276574580	34	501155762	34	472
33	13545658133	33	305958933	33	771
30	11783377968	30	804231765	30	182
20	6138671979	20	750070235	20	541
25	14029536490	25	1363468825	25	584
15	6794487483	15	557349283	15	508
22	6932790932	22	1119745815	22	564
18	5396336860	17	690558267	18	67
27	12059864286	27	1492280247	27	478
29	12004092428	29	256298565	29	651
16	9490817420	16	676475490	16	697
21	9906527373	21	1300475504	21	515
18	6612037234	18	673151327	18	77
22	14442831688	22	1060399198	22	597
26	11903042216	26	872877795	26	720
25	5614397941	25	430483808	25	639
14	9238655637	14	554710840	14	685
31	8793736787	31	616127329	31	743
28	15189655483	28	1107557628	28	700
26	12252698183	26	802033373	26	626
29	16244208309	29	1291035001	29	530
32	25428920011	32	1164630773	32	800
21	8977175094	21	491644831	21	480
29	8229481741	29	812149536	29	114
22	7150575918	22	430968172	22	90
24	5695615057	24	317573278	24	337
28	15909236285	28	1183228119	28	755
27	15032377518	27	670914486	27	653
20	7607898493	20	564658430	20	452
22	8786331150	22	869107744	22	597
37	13099837680	37	318454965	37	720
28	10548180688	28	858414897	28	688
19	7672144024	19	935940703	19	605
29	26537705970	29	810771710	29	870
24	6417262118	24	434384843	24	585
29	8677504762	29	488864456	29	716
28	14081757160	28	301280235	28	795
20	5410127914	20	734928099	20	530
18	4499189056	18	250190109	18	60
10	4056337410	10	437911273	10	68
26	11841611030	26	423096882	26	747
21	13298284387	21	1053421867	21	637
25	8948553345	25	1113287801	25	477
27	10639704645	27	752177079	27	685
25	9414002542	25	673085994	25	690
20	10478801317	20	1048572622	20	566
30	6152264416	30	252878888	30	872
38	25048034690	38	436573384	38	592
24	5605353996	24	190533917	24	77
28	18084295601	28	616299529	28	680
22	17299623690	22	933980403	22	588
22	7222098243	22	1111969184	22	449
24	10109846661	24	1294117949	24	687
26	8545875651	26	987860781	26	89
23	8088882598	23	559847947	23	472
23	13037141678	23	1238426638	23	797
24	11676137180	24	378790762	24	736
16	10189620533	16	872293177	16	769
30	9086403068	29	1189221419	30	113
24	7404687495	23	734926499	24	100
24	7647395785	24	558753951	24	603
30	23343672963	30	556622967	30	485
23	19493043568	23	1416844582	23	515
18	11288364440	18	742617665	18	755
24	6759244724	24	188742413	24	456
18	22977002240	18	1245793534	18	586
30	13415781924	30	1190025615	30	854
22	7626006035	22	245898071	22	688
26	15305177561	26	500656381	26	658
23	7245345245	23	495233072	23	596
32	20266946734	32	1310411063	32	877
25	21288585584	25	251500981	25	480
22	8651321542	22	1363063728	22	615
18	18519126338	18	753021841	18	667
30	15474927672	30	243404636	30	395
26	8463233051	26	930493279	26	736
25	8731051360	25	1380778621	25	98
26	6064399774	26	442323085	26	75
31	13625482423	31	187485071	31	619
30	10433470351	30	567380854	30	562
17	6317848963	17	252545457	17	647
25	9106911918	25	746885942	25	636
24	7654795209	24	686305799	24	760
30	8853672847	30	435102271	30	803
15	6332860323	15	550818789	15	567
23	8954043114	23	883872019	23	502
18	9540142502	18	997334248	18	684
27	14719998780	27	1053668719	27	715
17	6343567424	17	808523776	17	768
24	5013160954	24	315071160	24	425
26	8361839965	26	917947635	26	505
25	13256525625	25	1048103258	25	322
19	8903279574	19	998383867	19	580
34	24374984738	33	868476973	34	993
21	8607157556	21	374837085	21	736
26	5872346103	26	563881930	26	390
24	11989801427	24	980701053	24	535
31	21122863670	31	1118984624	31	770
21	5820103240	21	250403995	21	526
26	12846673946	26	861763621	26	677
20	7543492276	20	741520111	20	811
22	6999663265	22	737698476	22	569
12	8861346639	12	489843706	12	696
25	8464865771	25	549999436	25	787
26	22524744803	26	1155541136	26	786
30	9144191782	30	988808398	30	464
29	16100224965	29	1123259918	29	620
20	6376931946	20	431548428	20	503
21	12477326618	21	185883089	21	653
23	16598826206	23	239757754	23	557
26	14429731987	26	875383421	26	666
29	13405373047	29	1362095475	29	700
39	21207158658	39	1177605896	39	764
28	9286790625	28	929766935	28	541
34	12220647671	34	621504459	34	635
22	21259574439	22	1253104163	22	746
28	16025864390	28	857971526	28	771
27	8331145281	27	796691175	27	82
24	9693352066	24	1105528871	24	441
17	8317097594	17	1109329185	17	509
34	9131543656	34	985724577	34	627
22	9462903171	22	1108579283	22	116
35	12834475245	35	942526641	35	747
22	7789389050	22	443564989	22	751
26	15008569735	26	242363054	26	478
16	10877553318	16	549644580	16	601
27	10735131565	27	251951869	27	468
20	12164038913	20	1250544119	20	629
29	12134922030	29	436151224	29	703
22	6738907847	21	493091113	22	87
21	6648202466	21	567091031	21	400
22	14397021999	22	682669647	22	572
28	14885633330	28	874178290	28	716
15	7085451192	15	188356137	15	546
17	6650683253	17	378683868	17	533
35	9239313178	35	244603861	35	647
13	3984951121	13	311659533	13	389
25	10256129993	24	1048636784	25	112
26	8412510563	26	375498204	26	695
24	16305098547	24	1362411982	24	788
23	20055541446	23	741662043	23	484
26	6792137354	26	797353088	26	471
22	6299855099	22	303079177	22	87
26	10645079772	26	373830121	26	593
19	7723366725	19	681296431	19	636
21	8459971398	21	924420189	21	557
19	10045846623	19	1244529841	19	748
22	10218417303	22	912456463	22	748
21	14323371168	21	749590386	21	761
20	10038135314	19	614128975	20	634
24	5554469762	24	314873275	24	556
18	7355407847	18	615800943	18	521
22	12689336394	22	1094184840	22	610
22	22842348206	22	934796216	22	544
22	6618066353	22	803830179	22	77
28	16463325830	28	1228990298	28	492
21	8596162862	21	371259840	21	687
25	21489821956	25	1436757290	25	550
21	5369506982	21	433230806	21	58
22	9057614970	22	1229204818	22	563
23	20941128653	23	687464110	23	849
21	24990227638	21	860754593	21	556
18	9292166134	18	927839586	18	675
25	11720418275	25	745354364	25	709
18	8457684631	18	1368630095	18	687
24	8088723665	24	310838139	24	681
20	15202289056	20	1494890157	20	491
21	6107120357	21	866541105	21	664
18	12584094930	18	939144978	18	669
25	6982398054	25	430790295	25	560
22	7578875125	22	563934301	22	496
25	13946825621	25	943746712	25	655
15	8890332902	15	1246145231	15	87
22	5598352401	22	368204245	22	62
25	10851993659	25	1256247740	25	378
24	4870436285	24	566256165	24	379
30	14101655128	29	742756918	30	658
28	17923616048	28	1292484792	28	587
25	9263227075	25	368678089	25	581
22	15691584901	22	1060284760	22	717
29	13759177536	29	680494421	29	646
20	6590413683	20	1122646369	20	432
28	14224363833	28	633133205	28	677
24	11269467467	24	1122129190	24	502
27	13377732592	27	424786230	27	532
25	10936500052	25	1049924996	25	721
21	8881290027	21	989357838	21	647
25	9920456572	25	1179818454	25	580
24	10599924186	24	381420452	24	697
24	12664799457	24	921883555	24	715
25	14190562021	25	1403302173	25	604
25	8098201297	25	252492194	25	444
25	9697061611	25	1044550084	25	550
23	11536525640	23	548912280	23	768
19	18951229794	19	1175005021	19	610
26	9746492198	26	863009878	26	695
22	14892486460	22	565048879	22	440
24	14887983648	24	885502461	24	715
29	24505402422	29	684329497	29	668
29	5403179327	29	492319922	29	61
25	11833683161	25	1106617576	25	674
30	24070624366	30	311289355	30	731
17	19449081832	17	1176321610	17	650
28	15701863639	28	751206737	28	623
20	26097270050	20	1235937903	20	753
30	19576160695	30	1063610738	30	635
18	5607971550	18	373411325	18	435
24	21602472461	24	431330855	24	505
23	12006969358	23	374749884	23	746
24	15396737131	24	992001781	24	820
16	6662209352	16	752350753	16	472
39	26116558715	39	314994088	39	564
18	8225407754	18	737461183	18	586
27	8785134888	27	682906587	27	594
31	13628204474	31	560812968	31	592
31	9221458410	31	368756820	31	749
20	16961118060	20	1176009501	20	674
30	12208089997	30	306288881	30	655
23	11814145818	23	1174343386	23	622
29	6126344059	29	436067838	29	66
24	12798441071	24	979218405	24	758
21	7959370154	20	556757245	21	122
17	8294957554	17	1063245167	17	414
24	14277090931	23	984746921	24	833
22	18740154037	22	1247485260	22	721
18	9594610091	18	737822651	18	880
27	7508904167	27	372569343	27	437
25	24577818736	25	431638715	25	760
27	14171533811	27	1489209514	27	604
27	9370923523	27	501358191	27	528
24	8533094370	24	986341792	24	633
23	17996492032	23	1539808406	23	752
26	8883472311	26	303404628	26	667
21	9685654489	21	917013337	21	611
22	4730751255	22	501178149	22	543
16	6185393295	16	682808004	16	642
29	9501700693	29	183633725	29	527
21	15860346435	21	553211940	21	787
20	5978240267	20	492600634	20	441
29	17313653581	29	1055284226	29	832
18	9009394134	18	1065288709	18	660
24	14266362601	24	927934708	24	562
30	14417735523	30	1064074835	30	532
17	8061778804	17	687998478	17	471
26	8537918077	26	374520452	26	741
23	8268040603	23	436997964	23	598
26	5475231858	26	250455427	26	811
23	13512795323	23	1355177019	23	685
23	24284159589	23	240272117	23	778
30	18871682216	30	809558286	30	638
21	10895248084	21	667229844	21	580
32	11248913299	32	815662640	32	819
30	17043573329	29	743693897	30	823
29	22716186096	29	866741713	29	887
26	5609933620	26	688980672	26	624
24	11295013013	24	549724190	24	713
23	22506759211	23	1488220331	23	771
26	9338204142	26	1222584631	26	105
21	6306065741	20	498666490	21	89
19	10847947545	19	1105859349	19	110
18	7520562858	16	610433976	18	555
25	11482998026	25	1057698765	25	642
27	16746142930	27	1048326805	27	326
35	11107905795	35	1355180748	35	675
19	8523970546	19	878753704	19	95
21	12521574763	21	1236078624	21	708
17	14452640070	17	736841352	17	685
16	13208844357	16	875759321	16	548
25	22231088149	25	1174435906	25	784
23	19252454275	23	794490365	23	758
18	5668377093	18	559855069	18	780
22	6128382433	22	373625472	22	73
28	8963482533	27	561019806	28	671
17	9263494546	17	1239488042	17	575
22	10239981306	22	1123728247	22	686
18	7758234166	18	621596768	18	546
31	13039796145	31	243302194	31	778
23	9682401233	23	432026139	23	669
21	7390116754	21	857915845	21	100
28	14175993261	28	1306096394	28	579
26	5957551924	24	624359570	26	77
33	8415405549	33	555022654	33	588
26	6877743065	26	611597789	26	402
25	9977924124	25	671680923	25	711
24	20883969598	24	1048203420	24	754
29	10072882133	29	1363344349	29	123
22	7016756766	22	499833130	22	452
19	9573342484	19	616558380	19	520
20	8214902163	20	997538326	20	624
25	9585008790	25	437664361	25	425
20	8135318103	20	860794218	20	608
18	5956351551	18	803922714	18	696
30	7725692452	30	556221300	30	524
27	12442969200	27	1115841130	27	702
29	8313072724	29	679163150	29	790
15	4976431749	15	559696252	15	611
19	9424748383	19	867990231	19	719
28	8786492273	28	612464226	28	788
25	10884730130	25	246668158	25	663
25	21305574453	24	1055531532	25	700
21	8463955164	21	315781731	21	405
22	16924510233	22	1162964169	22	527
29	11328004303	29	1474751015	29	679
34	10667920278	34	1226299525	34	648
23	6749736881	23	611908463	23	507
24	14513536349	24	1557568230	24	420
21	8921978993	21	811044825	21	507
25	9058493005	25	742640055	25	626
28	22394396712	28	860172647	28	692
21	12129940954	21	1173807047	21	708
22	7374369873	22	561651772	22	465
31	20046424029	31	855869765	31	738
24	12349050100	24	1415147748	24	146
18	6937992477	18	500276740	18	681
26	10322772383	26	991168384	26	783
35	22249789440	35	1001325697	35	665
27	9906377601	27	559077242	27	706
25	5477072382	25	556574729	25	668
26	15437388652	26	1055301044	26	936
35	17150833550	35	1222009940	35	960
23	17998588555	23	879530173	23	543
27	6549375323	27	818008314	27	72
18	4965417278	18	240471311	18	541
16	12761799968	16	911407590	16	492
25	13996147207	25	436356957	25	547
28	7030240648	28	304043695	28	558
25	12026495822	25	492828584	25	775
25	8356272093	25	1243104207	25	554
33	16116764032	33	675947214	33	582
18	5961400287	18	617081232	18	129
23	6955083751	23	438914885	23	77
16	6205054084	16	498498364	16	606
20	14424039519	20	1432955489	20	636
24	13554943153	24	1500045065	24	646
21	5723273910	21	309228144	21	82
21	9350359929	21	616056474	21	582
27	16929448444	27	1358666089	27	852
21	6152244164	21	248914374	21	592
25	8313361253	25	676956041	25	604
29	11814469596	29	486173134	29	723
27	12924816907	27	1179635282	27	634
28	18074161908	28	621009339	28	470
22	10164755313	22	820214867	22	582
17	14069572289	17	1104280266	17	575
25	8990137439	25	243160010	25	768
19	7531296077	19	800395450	19	812
21	6277711884	21	733636020	21	685
30	8666722721	30	1233117448	30	390
22	9242424248	22	937388815	22	722
31	24343886874	31	686988113	31	672
24	13606443112	24	797220506	24	684
19	9765334389	19	805034964	19	870
20	9088000281	20	1302180431	20	608
27	12068776788	27	743322960	27	500
25	8738648339	25	552168064	25	596
20	12122966006	20	1112023449	20	887
30	13124925124	29	804387705	30	783
14	8114725688	14	869821962	14	675
17	12707741643	17	489760522	17	584
26	8444146885	26	493440571	26	700
22	22407658924	22	1550663253	22	697
18	7444296990	18	1057863846	18	472
31	7674098714	31	374889735	31	798
20	8282871289	20	1047446209	20	674
23	4196410481	23	240755996	23	313
26	9504126600	26	1414030603	26	410
27	6490509627	27	430258610	27	376
19	10158146448	19	870615029	19	551
21	6432188436	21	806800001	21	311
27	18133728999	27	805450132	27	623
21	8635263968	21	687820074	21	677
26	16818725927	26	1056306020	26	626
23	13339841796	23	742519319	23	447
22	14967801873	22	1308188717	22	789
20	11749308639	20	1231440812	20	363
30	18734693344	30	856419151	30	1086
21	14065622119	21	742346852	21	489
15	3681426702	15	502384877	15	31
19	12073976113	19	804609034	19	659
25	12675069810	25	673555862	25	591
31	15106122048	31	1004003088	31	743
20	7933733585	20	1288136638	20	589
20	6032393654	20	618270192	20	723
35	14365433100	35	676473666	35	671
26	13559079564	26	802463031	26	647
29	14217126501	29	309125234	29	696
27	16291458320	27	1230130180	27	859
31	16377567370	31	991263350	31	913
19	27130390153	19	1168152518	19	718
34	11494201402	34	246827506	34	589
25	7135582771	25	371134523	25	600
19	5830114539	19	731228104	19	621
20	8455130269	20	1003899438	20	499
20	10134185785	20	914649377	20	516
33	15618657587	33	670633597	33	485
25	10961638092	25	620107468	25	410
26	14972864642	26	552096513	26	657
26	9977858702	26	302561049	26	569
21	7856132654	21	753893973	21	651
27	9065398537	27	815210335	27	637
25	13184827148	25	933828872	25	555
20	7754351010	20	800837311	20	829
25	12533175826	25	998372589	25	453
22	7976937578	22	945423327	22	550
30	19927637632	30	1055769506	30	662
16	6808668035	16	626089039	16	819
25	13966364938	25	924452005	25	587
26	9684515603	26	602160565	26	563
20	6929068200	20	617847631	20	711
17	8059264186	17	869527496	17	748
20	7274802821	20	937181928	20	588
20	11634886331	20	994861186	20	522
25	12462952016	25	734383989	25	686
23	12677548446	23	984115481	23	809
26	12728976102	26	1112591863	26	718
22	17860073644	22	1243356789	22	525
26	27075743833	26	936142274	26	890
29	17970953308	29	678483374	29	695
16	10131657428	16	738147589	16	567
21	22296542675	21	315312014	21	579
27	13648986093	27	1372360060	27	586
25	6599616769	25	244353248	25	486
20	7344931177	20	359847758	20	567
15	10996633198	15	810309499	15	546
21	10445908918	21	495758728	21	722
22	14474861091	22	1137935069	22	834
17	6077649575	17	491981783	17	91
16	3843488813	16	429310409	16	324
31	7199423694	31	245629911	31	392
27	14298767531	26	991693456	27	530
24	7006874329	24	934544906	24	438
21	8563631825	21	549485002	21	715
17	13043092950	17	1440943968	17	743
18	3501135060	18	182204337	18	465
31	9859392939	31	746599957	31	606
21	8899910250	21	1413240916	21	104
27	7837002473	27	430635342	27	983
23	11977568964	23	556842062	23	809
27	9585396811	27	930100026	27	725
22	6620077857	22	433894193	22	748
17	8025996186	17	946247700	17	98
24	10608990602	24	675517002	24	512
22	11182551935	22	870349131	22	667
27	13863670548	27	682181513	27	719
27	8709751586	27	554381458	27	735
28	26614619273	28	682316892	28	533
25	7239377426	25	615663274	25	452
25	21125553622	25	1426805413	25	785
20	10373845905	20	497031710	20	625
33	18027888626	32	1188315673	33	519
25	10088362519	25	436934544	25	467
30	22041920846	30	554321129	30	713
31	13286524443	31	1467759674	31	608
33	15436391087	33	563223233	33	773
30	14515923750	30	869435774	30	616
27	16192000080	27	1301724895	27	700
23	3949840897	22	182632028	23	84
37	25237405218	36	565457756	37	699
19	11448111191	19	993354766	19	673
23	16440647301	22	1366584958	23	757
27	9534438621	27	869958298	27	522
23	9374453698	23	930366272	23	630
27	23488764941	27	683813264	27	712
28	8679112201	28	372072060	28	694
21	7925965178	21	378405274	21	670
20	9114798859	20	1238659928	20	537
26	6991066551	26	636552884	26	374
23	7491352038	23	1121603126	23	588
27	11675959080	27	437596119	27	468
20	8340503536	20	988543724	20	455
27	18854322097	27	801592770	27	664
23	13559115776	23	493238790	23	488
22	11059719848	22	1109516153	22	543
30	19610485020	30	1564786635	30	553
23	10628117077	23	425067958	23	487
23	8093487409	23	437347639	23	590
23	9532321179	23	1120604092	23	107
17	9553726415	17	249069564	17	455
27	8184423821	27	439203922	27	642
22	18471069492	22	1116426278	22	775
21	5854299886	21	792997808	21	447
19	3875808179	19	379702388	19	721
23	8241902940	23	685595083	23	537
22	8467677355	22	1223228887	22	99
25	16278018915	25	1342669699	25	569
18	8096914417	18	878268041	18	572
23	8501927189	23	934327583	23	522
21	8321869069	21	755494069	21	773
26	26054039555	26	182750354	26	540
22	10029269539	22	806554901	22	507
20	6510172005	20	745364606	20	560
35	18589773949	35	245192418	35	772
24	9400311569	24	927024259	24	473
28	8711406649	28	432525401	28	739
20	7150969043	20	975477209	20	80
29	6940409259	29	554158070	29	532
23	11648913487	23	437257921	23	350
29	10832178433	29	867202925	29	680
19	8677859405	19	869898149	19	884
27	22303344526	27	1163816584	27	824
32	20251022790	32	864563850	32	782
34	21430566180	34	812932788	34	519
36	17552134509	36	918844472	36	746
25	11093312763	25	854604915	25	775
29	14182761405	29	985055661	29	493
22	6172675172	22	560500481	22	693
20	6310357859	20	673291751	20	534
27	16656795969	26	1300033578	27	519
26	10214509328	26	1239355534	26	109
22	6706561759	22	490179229	22	670
31	12350641730	31	615309568	31	613
24	14206010613	24	487628567	24	517
23	9158110792	23	810490710	23	634
27	11234414281	27	1307522286	27	594
41	15909911085	41	750202107	41	788
29	20037055197	28	870201510	29	749
27	13190378518	27	1171646393	27	766
34	10458392160	34	800398568	34	444
27	16116610645	27	863844713	27	827
27	16974700713	27	742771658	27	615
16	4670599676	16	690245424	16	409
32	15486043627	31	1295005069	32	714
31	20911237572	31	933620997	31	505
27	7795884043	27	556920307	27	670
25	17205766006	25	874803383	25	610
24	11446150617	24	794676638	24	638
31	8595853005	31	731823261	31	789
16	15551598121	16	999680274	16	701
25	18419028059	25	679725156	25	916
21	7655559745	21	934405826	21	565
21	18889924921	21	492661825	21	483
23	8574970365	23	748730962	23	114
32	23078130456	32	1051860325	32	689
17	7058793490	17	1108515461	17	516
20	6199676369	20	555547174	20	420
20	6836657638	20	311128404	20	419
27	25297940973	27	758450383	27	733
19	7579337483	19	814775147	19	445
22	7210694675	22	679923258	22	61
30	8392761860	30	611665114	30	137
24	7897828466	24	746037038	24	95
18	8771390198	17	1244321053	18	94
21	5692178817	21	194101698	21	623
22	11550887824	22	739503232	22	616
22	7612670172	22	563437001	22	545
15	4354547331	15	443102751	15	409
22	4962486445	22	545605873	22	275
27	8854032281	27	247390397	27	794
18	11864313456	18	1120172871	18	647
32	11427674369	32	1119703547	32	919
24	10138731965	24	425242115	24	518
20	14086762081	20	864557480	20	534
21	15903057103	21	1130206047	21	507
27	17335693533	27	1419692487	27	630
27	12610212509	27	434692504	27	446
19	7150063213	19	797760281	19	76
28	14292889575	28	437048630	28	658
26	10822342013	26	1290084207	26	491
21	7766103000	21	731104540	21	764
23	6705505061	23	312283236	23	612
19	18722708368	19	1062371089	19	526
23	5864655852	23	374496133	23	424
32	11249668785	32	629582487	32	756
26	7649971570	26	443928949	26	599
29	8359098771	29	425252658	29	497
32	8837745915	32	745124381	32	435
30	19334648618	30	860949104	30	753
20	8677244154	20	437922030	20	714
28	17227862791	28	310524921	28	552
21	6162995297	21	245016133	21	541
28	9523678325	28	554369688	28	685
25	19479780572	25	1506892305	25	404
24	14577403655	24	434052115	24	602
27	9740559763	27	560355560	27	839
16	6744213072	16	942533421	16	625
31	7398700611	31	381824483	31	601
28	15301341984	28	865399505	28	839
21	10682508803	21	750478410	21	550
22	10319807029	22	317649712	22	630
24	10872198633	24	1549030973	24	692
28	8915835666	28	670715190	28	98
29	19028568388	29	686572299	29	716
23	6409527127	23	372520796	23	575
13	5207689532	13	628981112	13	546
25	19209720557	25	729465327	25	468
27	8520824305	27	802056432	27	561
26	20819734061	26	1157577680	26	658
23	9065942508	23	750232963	23	793
11	5231242332	11	547051722	11	73
32	7595678733	32	614902105	32	758
11	3334321977	11	801337436	11	414
22	11020162187	22	684761499	22	659
17	7173921964	17	489409992	17	475
27	8552659650	27	244729620	27	418
17	13693677317	17	1235431771	17	667
33	11861201328	32	1178306677	33	735
21	4380349008	21	182789982	21	538
22	7670821541	22	304905260	22	369
20	5355973338	20	613419267	20	423
32	10676583393	32	666736905	32	1030
30	16395305561	30	929321685	30	694
23	10835575187	23	858842461	23	756
21	8562273402	21	622634752	21	830
21	9176727431	21	1056619668	21	853
21	6988735716	21	315315921	21	692
23	12417112729	23	489647378	23	609
27	8920326911	27	1141735241	27	517
