18	7648337562	18	625607983	18	71
24	10501493728	24	868796903	24	77
20	8992712787	20	1220187953	20	102
19	6285974745	19	620794344	19	93
14	8665474122	14	1055715093	14	115
20	9705858763	20	998327172	20	121
12	8275694444	12	1065562498	12	89
27	10462629392	27	1048494739	27	130
16	7114182976	16	684567477	16	75
20	5498601984	20	242733096	20	68
22	6798182625	22	858323212	22	68
19	5774006063	19	1121537856	19	53
15	7744483060	15	1163170442	15	105
9	5061056061	9	615915729	9	43
17	7331181946	17	982558792	17	92
26	9358912952	26	921546295	26	96
24	7653367326	24	1046209802	24	77
21	9181721721	21	811626993	21	398
24	6987796277	24	559839981	24	78
19	11207115993	19	978634403	19	387
13	5917025893	12	676052802	13	79
11	4418508726	11	862168378	11	79
15	7473673044	15	919860745	15	82
18	5251134449	18	754189667	18	39
18	7969596234	18	1487424147	18	66
22	7324466853	22	244285031	22	81
24	9922813982	24	686902181	24	133
25	9771288901	25	1112758272	25	101
11	6481754346	11	729309859	11	70
18	5522383133	18	615589888	18	81
19	8721714151	19	745466362	19	99
15	7635774220	15	932695886	15	86
20	6327934741	19	374865569	20	84
21	6546198145	21	375532589	21	101
18	8008455035	18	935495421	18	78
19	12031851335	19	921298752	19	145
14	7867020314	14	744187232	14	69
16	3774503601	16	560844453	16	43
24	10808841876	24	554646939	24	353
13	6526124134	13	619884164	13	89
20	10163705348	20	1187085021	20	398
16	6876953090	16	552517999	16	97
24	7670511377	24	437904583	24	102
18	4364300121	18	241538542	18	71
22	10544929060	22	981165295	22	264
18	9724413212	18	1347474970	18	101
14	7379742065	14	488786948	14	95
26	8210782983	26	1105633752	26	87
27	8491678019	27	549433455	27	98
22	7913307477	22	563140192	22	88
24	5961549577	22	492589812	24	75
12	4694300706	12	502476528	12	69
22	5805387853	22	427173039	22	73
23	6449910616	23	309545242	23	267
26	8324330914	26	436564705	26	106
13	3425742579	13	425946175	13	34
22	4411495910	22	313784016	22	45
19	10708756858	19	813515599	19	278
23	10191352845	20	1109801650	23	117
21	6428223736	21	441486447	21	116
18	9083261761	18	853410603	18	79
12	5023885817	12	371599770	12	57
19	4704673121	19	504710473	19	50
18	6888652433	18	381122565	18	87
24	8128535047	24	438869684	24	103
21	8395752397	21	558408168	21	92
14	4871773465	14	496026310	14	91
24	9369731386	24	1511331180	24	77
13	3018137344	13	237155680	13	35
18	7820505922	18	1235674617	18	93
22	6161278941	22	251012481	22	93
25	6411376737	25	499102589	25	92
23	7010965203	23	437268947	23	90
15	5183798105	15	308520503	15	58
18	7768185143	18	822392645	18	104
21	6298574057	21	566240071	21	76
11	5172276982	11	554070263	11	53
18	6265493597	18	563163615	18	70
16	7388627811	16	727068521	16	68
13	6496877798	13	811939269	13	59
17	6321540070	17	504382540	17	65
15	8077660616	15	927107515	15	76
22	11933657603	22	1661344892	22	116
24	7229015552	24	741741583	24	88
14	7282269757	14	1168942186	14	79
27	11035659030	27	1122625182	27	102
11	6594486749	11	978557905	11	80
14	3478612321	14	313318632	14	411
18	10306736417	18	919124637	18	117
12	9154219697	12	932388115	12	117
17	7293178445	17	563376575	17	93
17	12609055317	17	1249565028	17	290
19	6708968332	19	488629331	19	89
20	12066448316	20	1068573720	20	131
17	5446077532	17	374158537	17	70
21	10767727972	21	1355662134	21	99
20	9239896838	20	805698758	20	108
17	3942827081	17	239596410	17	72
16	9455941577	16	990648170	16	95
17	7519475660	17	913144210	17	99
18	4829835362	18	679948086	18	47
14	4641286782	14	869946022	14	342
22	8593731744	22	741016365	22	93
30	11520737962	30	1241467740	30	151
19	14536322281	19	928413748	19	369
22	5069517647	22	544803670	22	69
16	8847312071	16	496088293	16	113
23	7484130147	23	487923560	23	101
15	5909941207	15	750898550	15	48
17	5585544579	17	489606310	17	61
11	3184112464	11	307087877	11	49
18	4269932127	18	733949192	18	42
21	9248954336	21	1184310324	21	81
23	8487674367	23	129895100	23	149
28	6002456634	28	491393846	28	67
19	10620266628	19	1000956711	19	110
15	7923178800	15	1001329243	15	72
17	3888066783	17	375209601	17	49
22	9063014257	22	1298969066	22	101
22	10198720801	22	1054598400	22	167
23	7848205992	23	555489506	23	74
23	7358564036	23	808616854	23	94
17	10541125384	17	1062562948	17	125
13	2729489877	13	420859166	13	31
16	6258895214	16	812438296	16	62
26	7519063593	26	553065411	26	300
13	5614853435	13	442159170	13	233
14	5512613956	14	617459608	14	67
19	4427289028	19	497691624	19	57
15	6443848762	15	863935616	15	76
13	6681837887	13	1035444311	13	70
14	6286527851	14	676137117	14	94
23	5779023603	23	503914754	23	56
23	5749119216	23	371890517	23	73
19	5636206649	19	692055907	19	48
16	7545381060	16	686999446	16	104
14	8843992582	14	1110904281	14	103
23	9682232174	23	1058318596	23	118
24	8341689055	24	808987996	24	110
20	6364961030	20	381877993	20	98
20	6534017242	20	785937187	20	73
11	7921347204	11	933853802	11	227
15	3885860019	15	366590344	15	51
21	5785726232	21	555098341	21	65
18	7991325485	18	984923256	18	90
17	5756618380	17	614873186	17	252
23	6787211177	23	613651344	23	80
22	7800814940	22	1050158397	22	92
26	7197579129	26	487984484	26	91
19	4642559665	19	552647207	19	52
24	9670567617	24	923374402	24	120
18	5695019089	18	864542053	18	55
18	4940128656	18	240171206	18	73
14	6923465289	14	1050204583	14	74
7	2099401915	7	241992119	7	30
13	4085986875	13	545990526	13	48
24	6851451659	24	442626387	24	69
16	6774204746	16	1048132834	16	84
13	8913965683	13	1246659829	13	102
12	4647344949	12	309676919	12	50
22	7704370602	22	986532403	22	82
17	9713213460	17	614637915	17	113
19	7012142449	19	981449367	19	388
18	6592577995	18	308991158	18	92
19	10637191681	19	867938959	19	128
18	11384909911	18	1050108380	18	104
18	5306913286	17	433347476	18	67
18	5164274272	18	190196059	18	63
17	8577788344	17	1101519666	17	93
21	5286180605	21	681111340	21	53
17	9124254091	17	1169394323	17	107
14	3233761602	14	187019400	14	50
13	4797111597	13	554975715	13	100
11	6800432751	11	1049164787	11	39
17	6873864252	17	310266262	17	95
19	6370184770	19	677190893	19	70
19	7888964281	19	423812995	19	102
21	5003412462	21	436605329	21	58
17	5263637652	17	444092046	17	344
20	8048562410	20	747163583	20	93
20	5445536897	20	613229783	20	66
16	4725794008	16	375146674	16	52
21	8711312532	21	802586752	21	110
28	11964323356	28	738504506	28	499
15	7390182184	15	871757050	15	81
18	7984299214	18	245839954	18	110
15	6286910862	15	861890301	15	62
21	7019345072	21	556961863	21	93
19	3986195311	19	308428145	19	62
20	11480925487	20	989372178	20	113
13	5044247262	13	619976161	13	52
17	5633751977	17	501711054	17	74
19	7258242641	19	982105424	19	77
7	4005601693	7	565166234	7	35
22	7837153908	22	377103482	22	112
21	7267136976	21	798555260	21	75
17	11006666064	17	863571196	17	120
18	6592199699	18	428831363	18	111
18	5195596908	18	437715163	18	73
21	6215787793	21	257274880	21	90
18	10808122531	18	1372340350	18	142
20	6007926959	20	747705368	20	100
22	8553304752	22	994263994	22	83
18	8373822296	18	1042886304	18	100
23	9760694406	23	805866535	23	136
24	10141207289	24	1115186152	24	114
19	7486535788	19	933687176	19	89
26	5844056101	26	746742971	26	70
19	6495037735	19	930428713	19	69
18	5940094947	18	616042378	18	85
18	4870154221	15	549116604	18	51
17	7444507046	17	750609256	17	82
22	6551203871	22	668680808	22	69
28	12538287955	28	992329078	28	140
19	7364977759	19	1004607177	19	80
13	7662042045	13	1052895057	13	75
15	8653816153	15	1379064390	15	105
29	8930744787	29	746505604	29	131
17	4167347338	17	557800923	17	51
23	9948753425	23	623670191	23	115
18	6641241670	18	746331823	18	58
25	5848133697	25	442471917	25	69
20	4786707741	20	624971031	20	75
14	2733885309	14	445816995	14	27
19	4854106159	19	430056442	19	86
20	9873786328	20	739142278	20	138
20	5039327036	20	557779895	20	79
15	4087417022	15	430632208	15	36
12	6097172000	12	1000149380	12	54
25	5814921416	25	306437864	25	77
14	4667792480	14	432662156	14	84
24	9073589361	24	982259917	24	106
14	9152460968	14	621947643	14	99
22	10950493392	22	752043163	22	129
21	7067796123	21	1171155264	21	69
25	4979874726	25	496919353	25	51
16	7985127198	16	1445743225	16	98
10	8631017208	10	1064873280	10	88
20	4213437544	20	374098508	20	73
21	6674221609	21	551498725	21	103
24	9073824182	24	749669415	24	98
21	6106847784	21	428273664	21	90
16	6369088095	16	615117065	16	95
23	7889241794	23	621688233	23	432
20	5660898187	20	745213144	20	68
18	3813550476	18	430195614	18	41
19	8778413064	19	1178296945	19	99
18	8719847662	16	371979837	18	117
19	5005613448	19	623015544	19	51
22	6962910015	22	250320964	22	58
25	5622629330	25	244827148	25	67
25	13750344186	25	926038025	25	362
17	8457192485	17	555020097	17	82
22	13353208931	22	1429978118	22	256
20	8493523361	20	615779385	20	102
26	8338186782	26	872885227	26	102
14	7115052353	14	561271176	14	88
16	6647268441	16	1189259143	16	76
21	8795247768	21	1044926384	21	436
20	12252519036	20	782549875	20	88
15	7117893951	15	1052017687	15	70
23	8437594139	23	748225661	23	127
16	7572635850	16	1050530732	16	79
21	10027799352	21	1411982140	21	95
14	6444745258	14	989327564	14	78
13	7773009108	13	994978443	13	92
14	6147182292	14	430915298	14	66
19	4393533212	19	244319679	19	54
22	7868494107	22	998371002	22	86
24	7570333804	24	757706167	24	75
21	6142833289	21	373625899	21	78
19	3421578733	19	369931003	19	57
21	8791166780	21	501934071	21	117
14	7421356129	14	1048009302	14	92
19	9217669307	19	488100052	19	126
16	7735230908	16	432592380	16	82
23	6695701532	23	799740695	23	80
20	6037131256	20	680018970	20	59
20	5984015861	20	750450298	20	73
24	7917886247	24	940207437	24	131
20	4903126660	20	499473155	20	62
18	15177385181	18	1358360149	18	398
12	12011712863	12	745342838	12	298
19	7687166198	19	795432401	19	94
23	8635077935	23	1049175637	23	96
20	6941411393	20	793482810	20	78
18	10651920398	18	1300363889	18	111
31	8522199861	31	371309300	31	112
18	8844376777	18	1177259409	18	103
17	8811495015	17	1281843060	17	357
24	9801522744	24	1220384481	24	162
17	6634284651	17	905825591	17	75
27	11632073721	27	1111611090	27	154
19	6340986132	19	795055011	19	81
25	8156897689	25	437595896	25	118
12	3189064848	12	374665302	12	65
17	6140417874	17	672066485	17	59
27	10113519101	26	940858363	27	114
24	9846479475	24	190360996	24	433
15	4177586220	15	499169514	15	50
26	7401460944	26	558680534	26	95
14	3554781556	14	561490899	14	75
15	8809514310	15	929634093	15	101
22	5896510012	22	745078995	22	96
19	9187122432	19	493552892	19	73
22	7666115601	22	611999932	22	86
15	4720199041	15	424717741	15	56
14	5194732566	14	615963251	14	76
20	6352352410	20	750576390	20	80
18	4724784068	18	183621084	18	68
20	7557996876	20	878704744	20	92
17	8245727149	17	821337149	17	117
21	5839867556	21	562684591	21	75
21	7951946933	21	808524601	21	82
17	4336947090	17	372384193	17	43
16	3780885813	16	314780572	16	75
25	7402444392	25	485342315	25	75
14	5455738965	14	744792114	14	71
20	6312449496	20	870326073	20	55
26	14284207893	26	1300482644	26	122
21	11328733291	21	942707584	21	97
19	8662760598	19	933356730	19	74
23	8018825670	23	810326748	23	69
19	5417187439	19	624959768	19	58
13	7625255381	13	1431750006	13	65
14	5685677479	14	931670483	14	65
25	8730206412	25	793712918	25	331
22	7277581258	22	994266544	22	84
25	5859047507	25	436195532	25	74
24	6665065489	17	692516803	24	82
17	7573054034	17	673122203	17	106
16	6039510811	16	796972297	16	84
21	9936880262	21	932705184	21	124
23	6548021200	23	988031032	23	88
24	6583121298	24	252059926	24	105
20	6967255804	20	498390311	20	106
23	8432457853	23	370251150	23	122
26	9011158576	25	752546420	26	121
22	7713384037	22	1110442199	22	68
15	7844778169	15	800166837	15	89
19	8009064151	19	1052298224	19	78
24	8484200132	24	1119161278	24	88
12	5447368431	12	744421277	12	104
24	9019620651	24	1118454500	24	101
12	7589038251	12	610926176	12	104
12	5825589358	12	743949456	12	72
21	7054463375	21	493001124	21	93
19	5421707550	19	377825047	19	59
18	8620392067	18	1349767564	18	116
20	4697527648	20	494613317	20	56
19	10909622147	19	1180199054	19	120
17	4147535182	17	308209576	17	67
16	7229910265	16	744357901	16	88
16	5226998987	16	443108175	16	368
28	8683224995	28	1048500797	28	113
23	7705398303	21	934943468	23	80
16	6037765152	16	622866616	16	248
22	5794081156	22	194786510	22	82
19	7645444439	19	1239807100	19	90
16	5720993161	16	684163741	16	53
21	9341417453	21	1058125406	21	93
24	7949165616	24	616755895	24	113
13	7148546214	13	430678438	13	101
20	14757406395	20	1170359476	20	228
19	7638811841	19	247093708	19	69
18	8617678370	18	744658387	18	96
19	7373102583	19	933208106	19	101
20	10340689598	20	991873455	20	122
18	8729714531	18	933871970	18	97
17	11604334346	17	1172069499	17	159
18	9082807721	18	999637555	18	92
19	8110000999	19	620136497	19	93
29	9320797765	29	859448685	29	114
21	9929054629	21	1115305418	21	127
16	4738148622	16	312349581	16	64
17	8224923396	17	1059415802	17	317
18	6964714440	18	860051697	18	68
25	7562129053	25	989592424	25	90
18	5053001683	18	435386753	18	71
22	9103851413	22	868447640	22	102
21	8378491907	21	681778251	21	139
22	9093367986	22	874392457	22	94
19	7201995603	19	445112446	19	114
17	8195810716	17	1427632196	17	73
17	8134514140	17	940174944	17	311
21	8602193929	21	1435680433	21	88
13	5302523218	13	861239309	13	48
15	6459099541	15	796007652	15	71
18	5970251593	18	375657348	18	92
29	9812653474	29	557387730	29	114
19	7028995659	19	611790825	19	67
19	6985594380	19	804768309	19	73
14	7277793399	14	870878330	14	85
17	6256256973	17	997629998	17	65
17	8332236692	17	976897431	17	101
16	12103404440	16	1298209329	16	83
24	9349098084	24	616284888	24	439
18	7748962418	18	1242383458	18	72
15	8224816529	15	798480110	15	89
20	6708574805	20	805478547	20	69
21	10393725174	21	992271964	21	89
15	7509006305	15	686831433	15	82
27	7561717601	27	367112301	27	78
18	6120830900	18	942491462	18	67
16	8076554257	16	754177008	16	92
17	9832980876	17	1364634050	17	99
22	10489231065	22	1107006137	22	109
20	11858928156	20	975366454	20	111
19	10158747410	19	1298882354	19	114
12	6845479589	12	1293206804	12	81
19	4853578975	19	684124168	19	68
17	6439245482	17	617290583	17	60
22	6360904502	22	555554728	22	74
13	8900482528	13	1157834610	13	93
28	5771851197	28	492211486	28	67
21	7967144304	21	925641547	21	103
17	6278755401	17	807198058	17	73
17	7147158266	17	1177445645	17	530
18	8005095408	18	1169232258	18	77
23	6952543889	23	749638015	23	81
16	6669363144	16	562484996	16	97
20	7427640764	20	672070291	20	128
17	7656465803	17	750183779	17	89
21	7863319834	21	688429395	21	85
20	8674949160	20	1302060747	20	363
20	10459725364	20	546267381	20	378
20	6300938417	20	559960182	20	79
23	7374607533	23	866035428	23	108
20	6556568845	20	693625797	20	69
20	8288307687	20	1003335575	20	84
18	7871818134	18	869624142	18	105
19	6501745650	19	936788606	19	76
21	7858723805	21	925718818	21	90
16	8320092014	16	924312400	16	92
14	8640086496	14	983758732	14	89
22	7744026936	22	922592249	22	90
16	4674221022	16	371152717	16	63
16	6844270234	16	1114131006	16	95
17	6729444222	17	503825099	17	96
16	3163640468	16	244636505	16	49
18	5888548383	18	562279199	18	60
17	6629964089	17	736828640	17	108
15	6351847699	15	605881317	15	64
17	3624326948	17	551943391	17	40
16	5809723633	16	553008278	16	57
17	6198615986	17	245525342	17	89
24	9750209677	24	1098461072	24	108
16	6952991971	16	754141798	16	70
17	12950338283	17	1364577875	17	321
17	10300089523	17	788983006	17	364
14	4388717623	14	615630404	14	43
20	6628410500	20	253314397	20	74
11	7678829345	11	1174344843	11	84
14	7594151437	14	868381664	14	59
18	9147274549	18	1310372711	18	90
20	9301790939	20	1236985467	20	99
28	8246051598	28	253161665	28	129
20	5231581785	20	565720283	20	93
13	3726414108	13	366345874	13	42
15	6510008453	15	754244012	15	106
19	8805979942	18	1178401240	19	74
16	9536277991	16	1357996153	16	102
19	2427055310	19	250726651	19	27
13	7142191080	13	989404398	13	284
22	4529234819	22	247893698	22	53
22	5934166915	22	436026448	22	86
18	5907957766	18	490425818	18	62
15	4946285969	15	437314507	15	69
10	4054766912	10	440365784	10	61
22	9891317413	22	948783300	22	101
22	7219360998	22	1126488029	22	80
20	7602974294	20	811634753	20	96
18	6012890456	18	1059017060	18	68
9	6568912590	9	923259595	9	80
17	5305717580	17	434324308	17	51
18	8174344023	18	933976210	18	287
23	9996526332	23	1105285904	23	115
17	5075107366	14	506698549	17	78
21	14734048759	21	1050306799	21	95
24	7226946646	24	312174987	24	102
11	5502404397	11	494006015	11	54
25	7722058013	23	557189632	25	110
18	6846788678	18	669632889	18	95
20	9262326729	20	1052313140	20	97
19	6297679601	19	738088477	19	74
18	6847106643	18	621240735	18	79
17	5671759981	17	618707564	17	62
19	5401020974	19	629067317	19	44
16	7881624917	16	1115713421	16	107
27	12018953057	27	1050600062	27	163
17	8107661021	17	921851868	17	94
21	5608736523	21	751629585	21	69
27	7823042878	27	630179449	27	96
20	8474933273	20	429292029	20	99
19	10050249558	19	860578875	19	118
14	4212775029	13	681087758	14	46
19	5815693736	19	670040185	19	62
17	8919161168	17	1048411408	17	101
16	9273667480	16	980717493	16	88
13	4105837450	13	368923463	13	48
16	7070572916	14	304191940	16	99
19	5432118783	19	619746703	19	94
17	6764961291	17	556877425	17	96
16	10003247439	16	678459698	16	139
24	8426430446	21	975950729	24	103
17	6603054450	17	805327423	17	100
17	6372253937	17	250421628	17	89
21	8457017506	21	734844923	21	105
21	6488404201	21	684497846	21	82
20	8063506735	20	684488051	20	79
20	6606264381	20	370006754	20	69
20	10129790387	20	1285933821	20	66
20	6226682263	20	1050786203	20	66
17	7013614945	17	1116745931	17	299
24	5955064913	24	372288227	24	429
15	7776521693	15	1119375751	15	78
18	6078963906	18	441295430	18	64
14	11822741518	14	931606395	14	59
19	7607926712	19	869928336	19	343
13	4703916353	13	611000948	13	55
26	6231542856	26	563495377	26	62
11	5886402686	11	924495584	11	60
16	8505013975	16	1061986940	16	106
29	6822698010	29	726112822	29	83
19	7868114645	19	497171793	19	125
13	4630570347	13	880811223	13	41
17	6083960139	17	565593737	17	71
14	4695918677	14	430726118	14	51
25	13352488628	25	864634863	25	115
22	7757966824	22	991995327	22	80
17	10100052523	17	914341589	17	149
14	4572804349	14	557589069	14	113
17	7583344568	17	869544671	17	108
15	8482780073	15	807601387	15	97
19	10346170136	19	1044206178	19	149
18	11364455737	18	1438605085	18	317
25	9923477621	25	1067981608	25	437
29	9996608135	29	605483577	29	145
21	8726563218	21	1231288364	21	105
25	7510997406	25	489602078	25	100
25	7917996336	25	867769969	25	85
14	6025968450	14	995028136	14	64
10	4689426437	10	500871884	10	56
13	7770980908	13	687619922	13	76
24	10546328042	24	921969374	24	128
20	8738035438	20	1310850642	20	107
13	7022897984	13	1058551325	13	81
25	6154999345	25	622258302	25	60
20	8034008587	20	553597261	20	89
20	10819983116	20	861316018	20	78
22	6680663969	22	793449530	22	75
16	12760463490	16	865330031	16	323
15	6967815050	15	882677103	15	69
13	16726031961	13	1656160089	13	139
21	6505905273	21	249584488	21	94
14	6390986032	14	677168339	14	74
15	4803494109	15	502760262	15	50
33	8552094819	33	561821659	33	90
21	9284453843	21	984982755	21	117
26	6909708474	26	430376686	26	98
18	6205538041	16	626397530	18	89
18	5736186609	18	566909365	18	70
17	7150018970	17	1053929973	17	91
22	7089564729	22	745629818	22	86
15	5261888064	12	628947129	15	74
16	8136668533	16	682926439	16	78
17	6221746220	17	682526034	17	108
19	6547283223	19	746265690	19	60
25	8282822652	25	795778840	25	129
17	6963378623	17	745370863	17	116
18	10273843761	18	1739843916	18	66
22	9593668404	22	1184101660	22	111
21	9419325242	21	1179524991	21	83
17	5675804452	17	736359392	17	53
20	9002752799	19	1360406302	20	88
23	5205446648	23	373532833	23	71
20	3853924248	20	307300661	20	44
19	6666705966	19	690002019	19	69
18	9370867358	18	1117401256	18	111
17	6885572593	17	936394826	17	99
22	11633630727	22	1364707081	22	135
21	5280401464	21	490208957	21	71
13	8024202808	13	1249841176	13	80
18	8025246663	18	930433495	18	93
24	13861320856	24	1182354983	24	148
14	9475058378	14	1002054050	14	289
21	6905139732	21	360821726	21	73
12	7346363208	12	742423284	12	106
21	26038070336	20	1306064371	21	361
15	6476750939	15	928428572	15	77
18	8382776576	18	1309154838	18	94
18	6391120123	18	312004690	18	80
15	6234774094	15	551048937	15	78
16	9335741658	16	936711962	16	113
16	4677806658	16	241881508	16	52
19	5759277367	19	555918769	19	50
16	3061064775	16	678782292	16	26
19	8651468057	19	491422146	19	106
15	4708230110	15	617096232	15	51
13	11364657528	13	862241103	13	73
15	10184117670	15	1498480210	15	88
16	4889734886	16	441377845	16	59
14	3259333838	14	424991253	14	52
18	6853955215	18	864119450	18	110
20	6874185186	20	810622583	20	85
16	6838080637	16	869950896	16	70
15	6910966209	15	995007155	15	359
21	9590459822	21	1165608046	21	70
16	13432093548	16	1296377384	16	105
16	7374958137	16	1302915565	16	66
24	9825715176	24	243138795	24	116
15	4047880442	15	556423548	15	53
19	8478575863	19	556329382	19	120
22	8629347122	22	1177312169	22	75
20	7176586645	20	748741752	20	99
19	7458600647	17	1124937349	19	96
21	9804020110	21	557616999	21	118
16	9715363468	16	1362769839	16	87
23	4164515324	23	368714745	23	43
20	10317060962	20	1070886443	20	145
23	5795383040	23	497581173	23	73
15	8227697028	15	1002814755	15	84
21	6080461226	18	621296803	21	103
24	16174738580	24	306481121	24	374
16	7521973800	16	868659839	16	77
20	10830542833	20	1432692526	20	115
18	4329940097	18	193256807	18	337
23	5196686747	20	436318726	23	61
19	8620386139	19	917441996	19	93
23	7655825396	23	1115663229	23	92
15	8173742033	15	1241019290	15	40
24	7487169055	24	733265118	24	105
21	9725758327	21	922662178	21	126
15	7749799511	15	811524884	15	92
20	5953441657	20	680770734	20	77
10	7746627759	10	997136866	10	48
30	8598176845	30	749572110	30	113
23	8440853898	23	750352372	23	102
13	3650597468	13	818170099	13	17
14	7165841387	14	1295555037	14	80
20	8323198389	20	994699757	20	85
17	8981740638	17	560271511	17	77
11	5923491835	11	736115996	11	67
23	8703408362	23	553444410	23	114
11	3061726069	9	440729219	11	46
20	9985822694	20	1720129721	20	138
14	5445039285	14	857849546	14	49
16	5790366704	16	427834990	16	125
20	7899708225	20	864631382	20	74
28	5372448863	28	484493691	28	60
27	8513125754	26	498739394	27	114
20	7125094198	20	556358258	20	91
19	7993641458	19	854249687	19	124
14	5773085701	14	744197691	14	53
27	9364806908	27	815887395	27	107
20	6288473141	20	372703913	20	81
27	7779602274	27	1162944325	27	94
26	7075557430	26	428366161	26	83
20	17196508458	20	1102729788	20	324
19	9767831227	19	987606206	19	98
25	9285258039	25	1007980749	25	76
17	7325619075	17	561847233	17	87
25	4309975351	25	250021040	25	68
17	6584590517	17	485213516	17	109
21	7445447599	21	744091557	21	83
15	6920989106	15	937017997	15	73
18	8817829804	18	922268132	18	113
17	3373641862	15	244260761	17	74
11	4759455934	11	618632386	11	60
16	4562017080	16	504069333	16	51
27	10790501052	27	1244846757	27	119
18	7246442685	18	992924609	18	64
24	12450970443	24	1183756465	24	128
16	7347072810	16	509052663	16	73
21	6950754967	21	245192954	21	56
15	7308021818	15	369787645	15	273
21	9520116978	21	1122359399	21	135
18	6284078452	18	870173676	18	71
19	12234913797	19	1068449483	19	112
17	6024610312	17	734859184	17	63
10	6476997456	8	1125895376	10	95
19	12102856788	19	1201065634	19	111
18	8523182482	18	1106728153	18	102
20	5983864405	20	559707587	20	61
22	6988415538	22	244752314	22	85
22	9584479474	22	788245643	22	138
25	6125628862	25	622301517	25	78
21	6449811283	21	498663598	21	69
17	9766041658	17	1108117377	17	124
16	4012811645	16	443367650	16	38
19	8361064449	19	618383077	19	110
23	7294226640	23	743516681	23	73
14	7111563566	14	560697383	14	83
21	6214716585	21	427636719	21	89
22	7133988599	22	752922936	22	99
28	7625029641	28	614935211	28	76
22	8633880039	22	1353129258	22	106
22	6893506918	18	988560781	22	91
24	8932437358	24	437014558	24	106
17	7978658851	17	993045418	17	75
16	6160376891	16	866139259	16	96
19	5878940160	19	374165751	19	74
15	5724095284	15	885845886	15	73
22	8848774517	22	1177665879	22	113
19	6638975343	19	984001158	19	66
13	4087777050	13	619302938	13	46
14	13257045234	14	992603328	14	64
21	12740649043	21	858077595	21	436
19	5919324255	19	382995847	19	73
16	5597791382	16	629170348	16	64
22	9344078438	22	864444787	22	117
16	8347147767	16	1051768957	16	75
22	7977969706	22	811177451	22	96
13	4912368078	13	435564191	13	96
18	7143200679	18	799370034	18	87
13	3803109263	13	555153805	13	37
28	7788003607	28	922055329	28	83
23	11318791266	23	681460339	23	83
17	2901639616	17	366869472	17	63
22	10441133491	22	626366646	22	374
22	8054805997	22	866728362	22	98
26	11193608582	26	1010699180	26	103
19	7947059348	19	554105771	19	110
22	7978506923	22	751096130	22	94
15	9453571308	15	1234096831	15	104
23	6993768820	23	810222568	23	85
23	9676937379	23	1111591736	23	118
25	5959178267	25	249409218	25	102
19	8620095542	19	1239239722	19	107
25	10512997414	25	1236978074	25	112
19	8980974610	19	1304019984	19	99
20	9083130187	20	686667244	20	121
15	5844723679	15	612158293	15	67
12	5885235329	12	740578320	12	77
17	9538463098	17	1171402220	17	83
16	6449295389	16	935684257	16	65
25	9028045596	25	683395047	25	124
20	2824222985	20	184827007	20	32
19	9563458333	19	1621050286	19	107
17	7233819273	17	244722985	17	88
21	7124245245	21	1073131852	21	60
11	2939782724	11	558253765	11	19
16	8868113330	16	847751147	16	384
19	6811376761	19	693383890	19	69
19	7845851020	19	1358568129	19	55
20	6194249772	20	788372834	20	56
20	5169842115	20	671863795	20	60
18	7915191502	18	1114196391	18	63
28	8302197963	28	506814272	28	106
14	5629061796	14	870019377	14	66
17	3676522490	17	373052979	17	38
13	6376074219	13	562027367	13	74
16	7226292329	16	680024821	16	93
20	5073849485	20	309760826	20	57
8	6277522317	8	992060156	8	77
21	6221745215	21	811760163	21	57
29	7282769866	29	490138860	29	311
21	6217948919	21	805654244	21	80
17	7062179516	17	860867635	17	90
23	10872944376	23	1311581461	23	104
17	7161506973	17	865784839	17	94
25	7689904407	25	557933149	25	90
17	6566950460	17	873024852	17	79
19	4971324608	19	734697272	19	48
22	7933895289	22	997901370	22	99
18	8352660383	18	1034334813	18	59
23	8355824545	23	432222590	23	87
21	3445508408	20	185808199	21	53
25	11926145457	24	1109869282	25	165
23	6660668752	23	622567410	23	83
11	8637590485	11	1103478710	11	97
13	5153927571	13	734379941	13	58
12	4929413339	12	738413248	12	47
19	4047333142	18	368843600	19	87
33	8947465979	33	428763941	33	106
17	7461071760	17	743059027	17	100
25	8068320693	25	1110796517	25	70
23	8329260142	23	1189316218	23	306
17	4772514562	17	554697168	17	108
17	8061517218	17	739788040	17	95
12	6280291173	12	558468703	12	70
15	8645713838	15	1292454013	15	79
24	5779388222	24	559108014	24	70
22	13636370553	18	1039247949	22	127
22	8775571223	22	1174988806	22	83
22	5874646938	22	252216195	22	361
17	8232898749	17	738789438	17	93
23	7938934763	23	811820553	23	53
12	5732851118	12	622173557	12	397
22	9368684737	22	1183149937	22	86
17	5946342854	17	547786816	17	67
18	5243304406	18	505203555	18	78
20	11944849377	20	1480710731	20	119
16	7633233910	16	434295664	16	99
18	7360367354	18	933378771	18	89
21	9701919014	21	1137683159	21	114
13	3900701444	13	363960585	13	34
20	5264957089	20	610652180	20	56
18	6931856211	18	248801550	18	100
17	4501788233	17	246358708	17	53
15	5825054997	15	617499353	15	64
17	5200691507	17	677361380	17	75
25	7696947783	25	303551473	25	124
13	6792359204	13	609091505	13	87
20	6915579106	20	856338716	20	86
16	3830046289	16	499036213	16	61
26	10660474960	26	1062433663	26	136
18	5442250470	18	558180011	18	66
15	5114855280	15	563625683	15	71
13	6388508352	13	853056934	13	69
15	8057988939	15	757228939	15	128
23	10037778718	23	739424918	23	89
18	4361194005	18	308895055	18	48
20	9076869387	20	1173300263	20	120
26	9849548751	26	1168681113	26	115
13	6629338756	13	743110491	13	72
19	7369348625	19	1152786610	19	84
12	8325669680	12	1290983511	12	95
14	3995942236	14	555419699	14	38
18	4962890889	18	494416882	18	42
25	9993836271	23	1237773566	25	122
18	4993352432	18	803222670	18	42
18	8784143704	18	1058996782	18	87
18	11646968622	18	502405239	18	391
18	9458261225	18	1110084867	18	113
20	7924843792	20	622923011	20	103
19	5007413989	19	496470721	19	62
19	10518092427	19	553661650	19	128
21	6875679734	21	301457917	21	344
20	7279657120	20	250288388	20	90
18	6876798219	18	739860889	18	332
20	8152965514	20	573384621	20	97
18	6094769814	18	681930473	18	97
14	5525702504	14	366841152	14	74
19	6313411605	19	803538803	19	81
21	7244099418	21	559285787	21	74
20	8077822140	20	986160583	20	74
19	5720965252	19	442927465	19	91
23	10372321120	23	1413879440	23	104
25	15769053510	25	741931545	25	463
14	6221471672	14	614523451	14	62
18	7204107214	18	996454962	18	99
18	4817614634	18	428976172	18	67
11	4809198718	11	684756454	11	59
20	8180259855	20	747285807	20	100
17	6402243840	17	1048416800	17	63
22	6214675102	22	433171677	22	69
27	8244781849	27	483558371	27	123
19	8200446685	18	933045060	19	107
20	7879550275	20	431560671	20	119
18	5379453102	18	426995734	18	71
21	8650902789	21	1485722417	21	100
20	7973070335	20	494180890	20	403
18	7573838567	18	927309874	18	86
23	9108900786	23	1114874691	23	108
22	6961458137	22	432647507	22	81
17	5486457287	17	799968778	17	61
23	6738437558	23	610581578	23	97
17	7370236166	17	1168994674	17	91
17	8450108726	17	246820234	17	106
13	6485303140	13	872767661	13	83
25	7516271359	25	674680449	25	417
29	11691796704	29	863833375	29	142
16	8685606642	16	1123870324	16	70
25	7545859158	25	316101580	25	101
24	8402961392	24	744669870	24	120
17	5560695765	17	621255267	17	74
18	9247425638	18	995289628	18	110
21	5425144591	21	623953391	21	306
19	3883582179	19	440256119	19	36
19	4773625307	19	442656602	19	52
20	10174353961	20	1042268070	20	123
16	7276395149	16	1315756614	16	82
18	5767450308	18	1039062609	18	79
16	5043603215	16	683276670	16	46
24	7228008235	24	914823528	24	86
18	6065154368	18	691520594	18	70
22	10528182940	22	1178194963	22	136
24	6958880533	24	674555220	24	80
21	8332673189	21	561251650	21	78
20	7821799185	20	1121795776	20	99
21	9870056251	21	924892054	21	415
21	7087868338	21	1120358709	21	62
22	5980339573	22	1114010447	22	53
19	5127401729	19	500016206	19	57
20	11881109393	20	1310147849	20	106
23	8772588409	23	685269095	23	112
20	4704563219	20	491228246	20	48
24	7901614128	24	682638021	24	94
16	8403935271	16	808197430	16	376
20	6553770565	20	485733158	20	97
20	6869866557	20	1049946573	20	76
20	5024130309	20	444912676	20	61
19	9072268771	19	1479988579	19	85
22	8730570442	22	1243294468	22	79
12	3839749909	12	373435279	12	303
21	7380350839	21	989677382	21	447
20	10246183821	20	887894492	20	92
27	8498810956	27	1172123694	27	87
13	6706360285	13	693707055	13	79
20	5842256720	20	251017200	20	95
18	5463458932	18	617141811	18	57
19	6570332694	19	747930878	19	69
10	2990164822	10	737735208	10	59
20	6287704118	20	375689675	20	91
19	3445202394	19	253141940	19	33
15	5600665747	15	616263320	15	65
14	12128010514	14	1113840290	14	308
18	11494057193	18	1240999575	18	114
18	6859757461	18	987346168	18	119
14	12600840677	14	1741983308	14	336
19	13392205570	19	181015657	19	369
21	6510935245	21	745566181	21	86
18	6641767881	18	1042038366	18	64
19	8776273908	19	994653651	19	103
16	5888403679	16	753039513	16	58
22	7037571546	22	497185496	22	82
11	6710141108	11	926684887	11	82
25	5810332602	25	561214562	25	64
15	8154624599	15	873037336	15	78
22	10485974222	22	684403669	22	470
21	8856067590	21	556064705	21	114
18	5444404998	18	624443145	18	73
16	5243515724	16	614324633	16	416
13	4954429048	13	506977741	13	57
21	8159895241	21	1177056600	21	102
10	8287802655	10	1363568110	10	73
25	17798294060	25	1240284505	25	355
18	8696043345	18	1044336499	18	100
22	6567604810	22	1046102220	22	62
21	9400994365	21	1057826938	21	130
25	9437582411	25	1235157012	25	62
14	7025417179	14	866440726	14	63
18	6457985061	18	1121085168	18	65
14	4453596677	13	438569604	14	92
18	6004983005	18	379460228	18	69
21	9295785196	21	243841524	21	102
17	5137625269	17	500251680	17	59
18	7728657262	18	562493796	18	94
19	3194526550	15	439629975	19	72
15	3902322452	15	567086016	15	39
18	6352646134	18	188228807	18	103
20	7636711743	20	743931864	20	113
25	7657193860	25	245554173	25	94
17	8485594166	17	680579397	17	348
22	8700034949	22	804465518	22	103
18	7950683701	18	993239480	18	73
26	7190844612	26	615990633	26	103
16	10256397390	13	1478635650	16	75
16	10702727738	16	1059667809	16	425
23	7784308837	23	800043255	23	80
29	7089895437	29	623121939	29	91
29	6289436100	29	686099908	29	90
18	5875806953	18	438089350	18	64
18	7262455759	18	871931998	18	85
21	6329299657	21	367880755	21	109
18	5545015566	14	611497410	18	76
25	11616530785	25	870754050	25	129
11	7082448625	11	863720392	11	89
18	6967671689	18	866760323	18	69
21	11370670190	21	1477753592	21	117
26	10342909294	26	931997709	26	349
24	7182025892	24	1001232749	24	81
16	8629528550	16	927079202	16	106
27	7052587711	27	626476454	27	127
16	6904955803	16	555227153	16	78
16	6591273615	16	313090657	16	48
35	19147415125	35	814276836	35	547
22	9568741330	22	932941160	22	90
12	5079539786	12	997249662	12	59
21	6058627395	21	549010722	21	130
11	2642534208	11	305789312	11	41
16	8664856557	16	1241672337	16	91
18	8605831384	18	1115842333	18	100
18	7011158580	18	245084273	18	78
16	5430249184	16	421475177	16	72
19	7319488083	19	867563399	19	93
16	8412649070	16	792997637	16	96
14	9850231946	14	1436255844	14	79
13	6288530459	13	492254166	13	58
17	9084770023	17	1114804644	17	93
13	8686460122	13	883011155	13	421
15	7497124467	15	1054514501	15	82
27	8319305814	27	501658045	27	95
26	8162896478	26	681828335	26	70
18	6667716492	18	930956803	18	63
18	5641911085	18	430858978	18	71
24	8448087726	24	979079030	24	115
18	6754499179	17	560730686	18	86
20	11768530683	20	735335327	20	453
23	7490902521	23	727194712	23	101
22	13042945808	18	1177438753	22	114
16	4369913893	16	428456342	16	58
16	10016656990	16	1294532190	16	102
16	8511628733	16	1306141830	16	84
24	7603675209	24	934466553	24	111
16	9749692784	16	930782161	16	96
19	5308633112	19	491059091	19	59
21	8154011849	21	496494629	21	92
19	7509228443	19	688718316	19	76
