10	4650667199	10	622469856	10	69
19	4617147079	19	493866861	19	37
13	3511940720	13	616774609	13	42
16	7082468542	16	992042303	16	61
7	2483010485	6	431544033	6	19
24	7451609229	24	865862393	24	91
12	2897597617	12	120898829	12	71
15	4135323025	15	618230889	15	35
11	5037330338	11	865682366	11	52
10	2974053377	10	436150735	10	41
9	3120467440	9	503867948	9	34
19	5124582465	19	807087040	19	71
11	8156620665	11	1004802670	11	36
11	3743451625	11	434064060	11	32
18	0	0	1552541427	18	9
17	6344236421	17	748346975	17	69
14	4705664998	14	238073424	14	65
16	6810791730	16	936935111	16	47
7	4845446204	7	315637977	7	40
14	5325594187	14	619847799	14	40
15	6699639846	15	930613254	15	36
11	6349725034	11	1120642050	11	62
8	5757293358	8	1118452263	8	155
9	2326895682	9	623788009	9	22
16	8558125240	16	864179428	16	71
14	3714308409	14	244800372	14	32
10	5279976154	10	940922041	10	54
14	5037789261	14	311592243	14	59
16	9541328019	16	812923034	16	74
9	8220355181	9	1048192070	9	42
5	4053728052	4	986443551	4	50
6	7147760617	6	1910355904	6	36
15	5964803557	15	1101260816	15	60
12	10468188878	12	1050254431	12	87
14	8902818783	14	1236648031	14	46
12	1558081634	12	251389781	12	63
15	4834035109	15	497671197	15	39
13	3296001385	13	502662176	13	36
15	4051732351	15	614588329	15	74
6	6514847465	6	922989375	6	27
14	5711270855	14	929244537	14	49
16	3417014673	16	308833308	16	58
11	6310090711	11	796666037	11	53
8	4320072854	8	438759539	8	33
11	4155822565	11	568178076	11	50
14	5813707629	14	310615885	14	71
10	5198063566	10	614411830	10	57
14	3717846133	14	314766269	14	35
11	6972215141	11	796776576	11	77
10	3495691213	10	495314292	10	48
12	2238940891	12	314766075	12	32
14	6777253891	14	1106232467	14	76
10	4938007822	10	435570367	10	39
16	7408965974	16	803335296	16	55
13	5867200837	13	1014402453	13	56
13	4029337244	12	502000559	13	42
13	4649541500	13	433446365	13	52
10	4315630765	10	749919174	10	31
11	4804910227	11	867738960	11	46
17	5419187219	17	560178182	17	64
17	7159121007	17	923010491	17	96
17	7255551301	17	624982342	17	92
15	7416805161	15	919544156	15	77
13	4486062223	13	873164294	13	56
14	9331866561	14	1719805389	14	52
16	3676256229	16	250214044	16	47
14	7514816312	14	1180568593	14	62
12	4325047400	12	746605618	12	43
11	2949131569	11	309938587	11	32
7	8021457343	7	1306113676	7	65
11	3463501379	11	370504366	11	52
10	9853996927	10	1177651970	10	59
20	5130328916	20	437554866	20	63
12	4593120583	12	373272413	12	50
12	9274946664	12	747454493	12	291
16	7231405380	16	1164150597	16	63
12	6467835737	12	794467729	12	62
13	3213286632	13	682391295	13	187
13	6440458827	13	1172554057	13	61
11	8967938745	11	981946039	11	359
11	7930231358	11	1382182622	11	96
15	5714137768	15	554166394	15	75
23	8783879016	21	985130846	23	106
13	9617598908	13	1361816618	13	46
8	6775064677	8	980107950	8	34
5	3196376678	5	621860577	5	26
14	3294299419	14	361921250	14	35
14	5898260252	14	739545236	14	33
16	7296143080	16	924427224	16	69
11	7099901445	11	1042112656	11	61
11	3230055075	11	743325452	11	24
14	6928293977	14	1109497412	14	79
13	3788857729	13	372450112	13	258
10	3405574033	10	740103654	10	25
13	4674454410	13	811307433	13	53
12	5119308171	12	675330057	12	30
12	7865837122	12	875292078	12	53
9	2683681217	9	564261593	9	27
19	5337610076	19	744090340	19	322
7	7122860188	7	1115906911	7	62
18	5038489731	18	618460729	18	48
15	7897620564	15	689238680	15	102
16	8184775705	16	987938107	16	63
13	6741368735	13	806730163	13	75
12	2424497381	12	556319084	12	41
8	4497452297	8	494884567	8	46
16	5298419714	16	557838773	16	62
14	6246480221	14	697197692	14	68
15	5374619228	15	744502050	15	47
11	5001459240	11	997501069	11	48
11	3382339857	11	257405332	11	28
14	5236153969	14	987978824	14	53
20	11576551349	20	1380961128	20	64
21	4447767156	21	252478964	21	58
12	4279419667	12	435360523	12	53
8	4068442655	8	681050036	8	34
7	4858687383	7	611172561	7	46
9	3688117645	9	868920203	9	65
12	4861225667	12	681151211	12	64
9	1351034147	9	246454472	9	34
9	4181646968	9	747889271	9	37
7	3960396290	6	1237892610	6	32
17	6362330977	17	978349908	17	71
8	4258989112	8	736740214	8	45
18	7172210893	18	563974053	18	93
7	4809675707	7	867584409	7	39
11	3951126506	11	554984152	11	25
17	6653267343	17	938344931	17	60
12	4067520768	12	488501648	12	47
12	6977685793	12	1116178219	12	70
18	5189982953	18	371642911	18	60
6	7131549534	6	1113868529	6	33
9	2322105901	9	559976381	9	23
9	5448932516	9	1060685179	9	34
15	5007557005	15	682677332	15	50
10	5948816396	10	982747014	10	49
5	5244182501	5	1167944746	5	52
13	6163626651	13	917126955	13	77
12	4426064094	12	626438319	12	39
12	6832357928	12	994053135	12	75
11	7602495746	11	1296002342	11	63
18	7861226584	18	803583515	18	76
16	4665020594	16	732700841	16	49
8	2049389439	8	551703834	8	18
11	2778648382	11	307137841	11	26
14	4606212457	14	623678907	14	71
19	6761355188	19	868930489	19	63
12	4651317246	12	429157801	12	55
12	7823301362	12	1246262427	12	234
10	5810045531	10	1424111097	10	18
16	5696366179	16	683849801	16	66
13	4626320907	13	626343518	13	46
15	6576299718	15	873081243	15	50
14	5033495663	14	551621499	14	49
14	9275476052	14	798052447	14	68
6	2723643716	6	554265766	6	30
14	3304686763	14	378178946	14	41
10	4073669131	10	574357499	10	38
18	7791149753	18	820114819	18	256
7	9272286076	7	803330593	7	39
8	5993741378	8	797714866	8	47
7	6179632643	7	921909402	7	57
8	2342582407	8	438413216	8	50
17	8034582419	17	734015879	17	346
17	6889825348	17	1046949535	17	73
8	0	0	557173780	8	12
6	4542645362	6	873021796	6	28
13	3831655495	13	556332776	13	50
10	6678162852	10	1066683195	10	49
14	4444190504	14	810340292	14	33
15	7458141618	15	674081838	15	82
7	2377064030	7	553899926	7	24
15	4871916189	15	813876196	15	40
12	3921196095	12	364464394	12	45
11	6790790356	11	1113480036	11	70
14	4690024176	14	304560037	14	76
13	6507749318	13	863116616	13	42
12	4230777658	12	616960756	12	26
13	19562139765	12	1053276780	13	249
9	7544553203	9	1105593425	9	55
19	7630867337	19	998932263	19	82
13	3303586603	13	309810475	13	46
19	11842554470	19	1060212090	19	102
10	3795924343	10	547391158	10	37
12	5982608722	12	1182910103	12	66
10	4267888949	10	682840918	10	26
10	4588460095	10	680300389	10	203
16	4378241787	16	313253851	16	68
12	3684220764	12	684457915	12	33
9	3626652508	9	636002743	9	45
12	5181848765	12	366722561	12	63
16	4119237213	16	253898781	16	63
15	6666627185	15	1005462399	15	60
8	4096769224	8	1043694728	8	39
10	4427110227	10	680209991	10	45
12	5089653940	12	866022341	12	49
17	4096999507	17	370663958	17	56
13	3650874898	13	556716624	13	41
20	8451490504	20	854677546	20	68
12	5316641394	12	925029725	12	29
15	2906103703	15	255098641	15	29
9	3185416222	9	307876242	9	41
16	6420320048	16	691443283	16	72
11	1867909022	11	245420314	11	36
8	4820341685	8	1182125048	8	49
13	5260687429	13	555292290	13	43
8	3190477926	8	559792842	8	36
13	3856143679	13	733520172	13	50
16	4264620128	16	563384252	16	30
8	6118672513	8	995330280	8	50
13	6360409218	13	1240131537	13	50
15	7918154770	15	865246063	15	73
9	2899651771	9	496120711	9	74
16	4651180487	16	432991479	16	42
18	6287463598	18	1182789586	18	45
13	6545373897	13	1419147067	13	45
13	4137675628	13	681656159	13	51
15	5311869044	15	792141523	15	62
13	2830336708	13	304555529	13	41
10	5957253501	10	1354686490	10	24
16	5652324918	16	814043029	16	72
12	1408098169	12	249963044	12	19
17	8229738812	17	1226283160	17	63
13	6061796323	13	1189736157	13	56
17	3575291184	17	304470221	17	39
9	4947901310	8	1238109407	8	47
13	5225184115	13	757362368	13	57
12	2809566929	12	500508725	12	67
11	4026600665	11	806312952	11	56
6	2560356180	6	617840641	6	43
13	4459622987	13	805011060	13	43
17	3608970627	17	483960178	17	75
13	5920252927	13	690558024	13	35
9	4370588676	9	869187635	9	53
13	5288680889	13	863883227	13	50
8	6167110445	8	1114582118	8	56
15	8340461769	15	1293027168	15	71
13	6452236192	13	857523826	13	67
13	4718227932	13	800056149	13	45
16	6157631172	16	993161895	16	64
14	8056653379	14	1251221232	14	41
13	4551580455	13	614314653	13	64
15	5153605988	15	300420706	15	66
12	5649301504	12	811606586	12	42
5	2509494627	5	443040388	5	15
9	5585899457	9	1496211228	9	28
14	6093329004	14	1110680070	14	53
11	4320061193	10	1042555901	11	54
9	4327737184	9	1111264015	9	40
15	10393973716	15	995529838	15	85
12	4231233430	12	688854754	12	42
12	6455076724	12	1043352026	12	28
8	4700585391	8	810319292	8	36
6	4207822913	6	869915669	6	26
16	10100337927	16	1053321516	16	51
20	3752376281	20	247701149	20	44
10	5480976942	9	620910375	10	58
14	4013277021	14	683402306	14	32
10	10095290101	10	1299987271	10	68
8	5519539699	8	740971938	8	50
11	5015760748	11	921293177	11	36
12	5217068089	12	807047419	12	36
17	4307901401	17	686269828	17	70
12	4189285334	12	985331329	12	28
10	2660597996	10	376148947	10	32
14	3506689864	14	310292646	14	48
16	6496274851	16	873442011	16	58
12	5904931795	12	867715245	12	66
10	6231630636	10	1293257134	10	22
11	5139663652	11	738861034	11	37
16	2641349284	16	313403942	16	37
29	6555889989	29	240361081	29	64
16	7761022574	16	996042084	16	49
10	3308107353	10	374869335	10	38
8	6884115529	8	1300882799	8	49
12	5486666069	12	863172688	12	53
14	5327946753	14	865230644	14	43
11	8043625442	11	1170054555	11	41
8	4146706190	8	867629932	8	40
7	6682099544	7	1120326932	7	64
17	5694456053	17	689056896	17	62
7	2063537141	7	364451219	7	28
8	681486731	8	246851829	8	20
9	6118413813	9	1486689783	9	12
15	4063341139	15	438266631	15	49
12	10715793324	12	1479644260	12	271
11	7066431334	11	1172994439	11	61
13	9415256925	13	1433066800	13	112
9	7799374484	9	809853245	9	35
13	5023151658	13	1010449005	13	87
8	3638100239	8	367847240	8	55
12	4366128296	12	935218980	12	48
14	6168899705	14	622653499	14	81
2	5477671881	2	1237716633	2	27
12	7736562322	12	743723723	12	297
13	5216736845	13	185921532	13	61
8	5419088280	8	1066409764	8	55
14	3018312707	13	428448013	14	24
17	7006266290	17	555590601	17	75
15	4061461245	15	693843908	15	41
14	4130688319	14	364354342	14	32
12	4363435182	12	306953520	12	50
13	2805902386	13	616139089	13	29
13	3898601932	13	621972245	13	29
7	5181229077	7	990893182	7	34
20	8942252480	20	748195871	20	118
7	5515486949	7	934648069	7	19
11	6901344018	11	1237605442	11	83
15	4854244852	15	734825462	15	51
10	3995700301	10	556543275	10	32
14	7471194198	14	1177151347	14	162
14	4473025340	14	677517986	14	44
10	3347975210	10	432857606	10	27
12	4362100419	12	435662507	12	60
13	5836739358	13	992922799	13	52
12	4222536372	12	487348190	12	38
14	3142073028	14	302322144	14	51
13	5241879314	13	742040479	13	87
14	4087098562	14	245067659	14	49
10	1862331598	10	488079164	10	30
9	3629431200	9	740019490	9	40
11	10081782560	11	1283434198	11	60
10	4260738245	10	872812476	10	32
13	5819165861	13	925982815	13	75
8	4168243060	8	981945151	8	61
15	8625736003	14	1065677797	15	59
11	4967435337	11	430056427	11	55
5	7214880125	5	1112705717	5	52
19	5570076297	19	617811422	19	57
13	3309867429	13	247438767	13	40
15	5052512720	15	978815908	15	44
15	5289261209	15	879079086	15	46
16	7007879361	16	1171059882	16	70
18	5729449444	18	503063654	18	73
14	7236632412	14	613772386	14	206
17	3895509828	17	489207490	17	64
15	5724540039	15	1184034229	15	50
9	4226915262	9	551476705	9	47
16	5397220233	16	941224864	16	33
12	3853514721	12	248941429	12	55
15	4180081512	15	180714218	15	47
13	4037287392	13	307111849	13	47
11	6814594209	11	813355640	11	51
14	11838501590	14	1231200523	14	62
11	3482173940	11	487899284	11	45
11	2879349105	11	747972971	11	22
20	4815711511	20	501740609	20	74
13	7111958921	13	1487059331	13	60
15	4588659507	15	504011643	15	54
12	4724644881	12	367465166	12	45
20	8510429106	20	1049393941	20	88
10	4552343684	10	811774849	10	33
17	6131355074	17	919356001	17	61
6	3016457689	6	427430379	6	26
14	7953162133	14	929453120	14	64
13	5511223151	13	851956560	13	51
7	3639611932	7	873776305	7	33
11	5137376370	11	859573116	11	42
12	7097629696	12	1119724200	12	69
17	4163785127	17	240539499	17	54
17	6462153819	17	742460142	17	61
16	4889665351	16	548441616	16	74
17	7665161223	17	1112870365	17	71
12	3735483955	12	557920027	12	43
12	6100359111	12	942348866	12	64
7	2805215078	7	433657314	7	43
11	8029608018	11	1281600990	11	59
14	6372139875	14	986432629	14	67
14	7665378568	14	1002468699	14	46
10	5141530628	10	751782318	10	56
12	1469648597	12	240151395	12	26
12	7017453843	12	1120060491	12	60
12	4993381424	12	250557558	12	58
11	9849747312	11	1035297991	11	51
8	2499811555	8	509446055	8	31
13	5955848088	13	425004984	13	23
11	3740160083	11	484830034	11	49
10	6423812679	10	1160359955	10	75
16	7150188875	16	1059398990	16	80
7	1201424167	7	124053945	7	32
8	8673632149	8	1223842361	8	58
12	3347499037	12	805101482	12	41
10	4753606108	10	1059172898	10	40
15	5746741603	15	745452508	15	55
14	4239098887	14	503627322	14	40
13	4328675408	13	742889636	13	38
10	3748298499	10	613800712	10	53
10	6566068515	10	799534157	10	44
22	7919110393	22	806586391	22	73
19	6209773340	19	561555340	19	76
13	2223543516	13	315618268	13	40
10	2980721869	10	433151238	10	33
17	7615477346	17	684459141	17	61
12	3267085644	12	492448233	12	30
14	7850073831	14	1047409625	14	107
8	5140142740	8	1302859416	8	74
20	6189774448	20	990811336	20	344
14	3502162244	14	441789675	14	36
14	3741680007	14	566204727	14	57
14	4567790677	14	186875613	14	40
9	3823392122	9	434323869	9	45
12	3874465919	12	615476187	12	57
15	4134293621	15	252024148	15	35
8	4793894390	7	800778400	8	53
10	5834030559	10	1360228091	10	57
16	5702705397	16	689302600	16	61
8	6545780401	8	1493900999	8	77
15	10306169817	15	1356529370	15	52
14	7175651096	14	1434272720	14	58
13	4909185460	11	870146039	13	52
17	5154516143	17	799874202	17	42
12	2883021826	9	742432858	12	25
16	4531933949	16	624738590	16	58
17	5995520607	17	750542488	17	69
10	3563116530	10	247129049	10	43
11	7405744412	11	743742516	11	65
20	6942753253	20	1234974235	20	89
21	5923913572	21	681858350	21	83
14	3899942160	14	250806734	14	33
25	4743768041	25	749230949	25	34
11	3002984744	11	374286556	11	44
10	3269932669	10	375336256	10	44
14	5322962921	14	1104465270	14	68
15	3150249263	15	688838735	15	36
14	6030160866	14	1371948931	14	38
12	2992190133	12	439998967	12	23
8	5607366972	8	1058188713	8	55
14	7611383531	14	743744227	14	64
15	3257378101	15	364288772	15	35
13	3595675269	13	121829850	13	52
13	3815192857	13	435050079	13	41
9	3299589544	9	676093335	9	289
9	2644887068	9	364468688	9	38
15	3016302733	15	247338829	15	36
13	3122959258	11	365544465	13	31
13	2486454717	13	370766430	13	30
18	6957277327	18	691042689	18	75
16	11891409969	16	1164029798	16	89
12	7866042563	12	1603781224	12	45
20	4714466469	20	250911195	20	33
11	4703789186	11	926224172	11	43
14	2595750778	14	189210604	14	28
7	3454645973	7	663210348	7	48
13	4800149085	13	736764545	13	49
9	1933777560	9	367739206	9	22
14	2783455590	14	494059190	14	44
13	5680802860	13	683167731	13	69
13	3936200626	13	378775327	13	26
12	14221684006	12	682471465	12	255
8	4268565197	8	1053134060	8	20
15	4824568783	15	498698560	15	36
10	5104238760	10	759083797	10	45
8	4436570318	8	753488122	8	51
20	11110249943	20	1498393837	20	88
10	7422075136	10	1432812082	10	33
15	5491339376	15	809300406	15	53
6	2203054803	6	493778332	6	36
17	4784017014	17	678195214	17	53
5	3915302297	5	557665929	5	24
11	6674552376	11	1009196342	11	46
7	3956547971	7	800051433	7	54
14	8033227613	14	619785294	14	80
7	1895429199	7	686240997	7	18
8	2066904804	8	675516745	8	50
7	3267448754	7	875851799	7	18
13	6666273958	13	799042908	13	50
20	7956372983	20	1126829397	20	65
8	3657449208	8	570530612	8	31
10	5172658803	10	1223562297	10	52
17	9373072409	17	1291755786	17	86
10	4045489011	10	664097173	10	44
14	6044386261	14	747340718	14	57
9	4024966543	9	745540913	9	42
11	8325887036	11	864576167	11	57
13	7797954050	13	933550532	13	60
13	3118352955	13	254719164	13	44
15	6069861351	15	303723126	15	46
8	3221191550	8	627516727	8	34
13	3441908076	13	500952934	13	35
14	4345338622	14	559836798	14	43
20	8217025648	20	1132006860	20	87
8	4661832952	8	865986360	8	220
10	1870595379	10	239384505	10	22
15	8284000768	15	1228105445	15	97
11	8189719393	11	1052331997	11	57
14	10105821020	14	1055685358	14	78
10	4409562028	10	183757483	10	47
10	5594720926	10	932726192	10	56
12	4556966702	12	994619873	12	54
20	8894363510	20	1292637502	20	72
10	2295581702	10	312022988	10	48
11	3155542337	11	567042241	11	40
9	4378224901	9	926306663	9	43
15	10961687880	15	1370142074	15	238
12	3167639418	12	675518286	12	35
10	7677294498	10	1242712529	10	38
15	5607312697	15	1051737642	15	44
11	4788326502	11	926628543	11	50
11	3108412092	11	432294160	11	29
14	5115834834	14	859819889	14	43
16	3824911881	16	370489429	16	43
14	5905895890	14	683862504	14	58
10	5952684602	10	669576466	10	57
21	4236871827	21	432516956	21	50
13	4071698130	13	682401719	13	55
17	3907937090	17	564184034	17	35
13	8209363397	13	1118452653	13	64
9	5222707691	9	748336544	9	44
10	5362377773	10	1282058535	10	32
14	4895500859	14	806981320	14	44
19	5652157707	19	420795341	19	85
9	7781146461	9	921622605	9	56
10	4848059108	10	1062610714	10	32
12	3623250597	12	365146887	12	51
15	4947155066	15	739213974	15	33
10	4689803633	10	609902553	10	174
14	2095849532	14	255927441	14	35
21	4471886023	21	428896437	21	61
21	7827801110	21	996013258	21	77
9	2423683587	9	439637687	9	41
14	6503601596	14	671223867	14	57
14	5228112432	14	924699186	14	46
13	5110707640	12	880305218	13	62
10	3083636664	10	426878677	10	25
13	6098939589	13	800224400	13	69
13	3011577896	13	376835343	13	41
13	8348946286	13	1060184722	13	79
18	8975288915	18	930436840	18	96
16	10052960884	16	1121515226	16	79
10	3493861812	10	618924670	10	46
12	4518476879	12	614170975	12	54
12	5951557668	12	930916321	12	53
12	6760618614	12	859184520	12	92
23	7042877132	23	618385024	23	78
13	3148120377	13	624335868	13	16
12	5484747419	12	1247730080	12	45
9	3894181726	9	745054489	9	52
15	5284997078	15	491451598	15	59
14	5001237599	14	497717069	14	48
14	5017914177	14	556539438	14	47
14	4524855796	14	489169589	14	58
11	0	0	1479204864	11	29
15	5418073765	15	677236306	15	62
15	7193468647	15	1105703060	15	55
11	3562773727	11	437394608	11	36
13	6045676921	13	734900764	13	54
15	10205521133	15	1050033658	15	73
18	6076884328	18	989914715	18	50
16	5771485935	16	676236441	16	255
19	5058214905	18	619197922	19	79
18	6876698264	18	808095119	18	53
14	3260041671	14	190036257	14	23
5	3478884410	5	1238040835	5	19
13	4098067138	13	690624262	13	32
7	5773890638	7	1296875901	7	47
19	11266798006	19	981710695	19	90
9	4740056173	9	859782352	9	58
14	4747835688	14	992318889	14	76
15	3191558077	15	433131579	15	47
11	7953126847	11	490472779	11	84
15	3731343440	15	796160476	15	29
12	5745583481	12	743961971	12	61
5	4524987559	5	1112906387	5	43
10	7470543699	10	1111841540	10	78
12	2305575576	12	492774285	12	20
13	6258024273	13	991617477	13	87
14	4126780774	14	938268338	14	45
17	5676379143	17	501083264	17	56
14	6325257530	14	737404869	14	55
15	5306830111	15	376344785	15	53
13	5651411977	12	431374061	13	55
13	9657654141	13	1178379270	13	57
12	3942008762	12	683054790	12	33
16	5322444321	16	878286548	16	76
19	7029442085	19	688175142	19	71
17	6293125698	17	435579295	17	52
17	7751559772	17	1175155326	17	244
11	4624401169	11	364675259	11	39
12	4351841234	12	554283383	12	46
10	2054929908	10	501575195	10	28
12	6369915166	12	936053740	12	56
12	6745378464	12	987824761	12	61
15	4601586002	15	679131834	15	37
8	5410094243	8	688779557	8	280
11	3783160950	11	375732102	11	36
7	2494284533	7	309671963	7	19
11	2809166102	11	617911908	11	226
14	6515768945	14	689452756	14	71
15	9101815134	15	921410116	15	74
10	3588419672	10	503352519	10	24
11	4534821088	11	562214749	11	61
12	5554325170	12	746606510	12	48
13	4308601549	13	191591998	13	45
18	4414800085	18	562351940	18	55
13	3592857143	13	441999739	13	25
12	3959401577	12	492439491	12	55
15	4799983047	15	309229510	15	71
10	4829369705	10	434202619	10	50
11	3136995751	11	677153262	11	21
10	4346188080	10	870504189	10	52
10	2965539353	10	492061082	10	34
16	10918642838	16	864889841	16	66
9	8526903226	9	1244047504	9	52
17	3878616626	17	809211332	17	67
8	4846196693	8	1061859823	8	31
11	6654722791	11	865598330	11	50
15	4356908485	15	947068679	15	31
10	5756710207	10	1114554817	10	62
9	2379241213	9	367678123	9	19
15	5416910184	15	554776916	15	72
11	5663342793	11	735318789	11	54
22	6477870530	22	493829060	22	80
11	3078810119	11	380845275	11	33
14	4247661851	14	723660236	14	42
13	5435048252	13	867625412	13	49
14	4464459069	14	753318202	14	41
8	2069022155	8	300087720	8	30
16	5997341118	16	677789198	16	59
16	4363521296	16	556336054	16	68
15	3922236688	15	738199007	15	45
10	5324034351	10	929026753	10	32
14	3486129686	14	252572117	14	33
14	2608483014	14	559072976	14	44
8	7677321500	8	1561104499	8	37
15	4736360945	15	680084257	15	29
14	4486110900	14	872087854	14	176
10	4661851871	10	857179457	10	38
13	4330888000	13	556827642	13	45
16	4703364314	16	614009018	16	70
11	12436217783	11	1109467575	11	70
9	3668099537	9	803539206	9	34
10	3880975905	10	554878307	10	38
16	7277637460	16	487166161	16	351
13	5968763169	13	993569575	13	60
15	7021789079	15	1240563819	15	56
16	7949642775	16	1055537890	16	380
14	7018446458	14	1060584937	14	61
8	2930365402	8	435326022	8	55
15	8284434886	15	1237578364	15	78
14	4030141634	14	367239444	14	53
10	4137979370	10	674762891	10	41
19	3729938886	19	867261459	19	39
11	8079918199	11	882443631	11	63
12	6606691941	12	801763637	12	59
17	11505032466	17	1124730734	17	107
11	4910379073	11	806987822	11	49
11	4218075161	11	495459842	11	50
9	5795489444	9	731555302	9	45
11	6038556424	11	979973628	11	48
12	3689318592	12	681916886	12	43
15	6786491936	15	1102374931	15	71
16	5532087229	16	436734627	16	84
13	5128827652	13	682176986	13	62
12	5540326207	12	925983359	12	51
8	3769669048	8	739657172	8	31
5	7149145472	5	1118421159	5	49
18	4204930318	18	244330390	18	79
19	2835573592	19	371058266	19	53
12	6163923077	12	1242682836	12	46
19	6888454981	19	682504083	19	82
8	6534990423	8	1114104352	8	55
15	3255320081	15	425157167	15	34
11	5166891775	11	984383348	11	68
14	3144450945	14	306749542	14	28
17	4814638307	17	550325508	17	75
17	5391772329	17	493442539	17	69
11	2420100934	11	612030984	11	26
9	2668202903	9	670028182	9	36
13	7552791935	13	739593814	13	85
17	5591998005	17	985478587	17	60
12	7448864614	12	1298257807	12	48
18	12108096682	18	1226628005	18	267
18	4059633620	18	612169840	18	42
12	4566964264	12	545030071	12	46
10	6135529872	10	1309100872	10	66
9	5949390465	9	809241485	9	54
16	5013821184	16	562856596	16	32
14	3893451786	14	313482211	14	57
10	6270182669	10	981344169	10	67
13	7688494620	13	1056361813	13	38
12	5212489934	12	926673190	12	56
11	5320571582	11	796150756	11	68
18	4961889576	18	619130893	18	49
13	5400044569	13	488346333	13	72
12	6257423578	12	866378823	12	65
16	6801180132	16	982021590	16	36
10	8419645142	10	1356350603	10	59
15	4607181264	15	802085018	15	38
20	5400552787	20	427800532	20	38
16	10141856311	16	989987976	16	74
14	3585772095	14	617430797	14	40
15	5341630126	12	614115893	15	56
15	7657876892	15	996326242	15	68
10	7704731996	10	1120658069	10	55
6	6224899968	6	1058012579	6	50
11	3445675369	11	553454426	11	44
13	4933899257	13	1048318368	13	45
11	4993927607	9	752619327	11	55
7	3456067976	7	560519661	7	29
9	4874769464	9	677870056	9	36
6	6785078109	6	917018793	6	30
10	6970694938	10	983796730	10	49
13	5403219113	13	732272283	13	64
10	4763823171	10	934420036	10	64
19	8172014634	19	1373133072	19	64
9	6261044875	9	684943244	9	36
11	5920932585	11	870766225	11	40
17	8100707224	17	1104779302	17	84
12	3591223642	12	250616397	12	59
9	2615046868	9	797871378	9	18
19	3918427868	19	491492090	19	73
16	4922563592	16	561480387	16	57
11	4479437368	11	995256089	11	46
19	6301515496	19	878963740	19	67
12	5049648526	12	747645174	12	66
12	6070172265	12	811147165	12	53
12	4545359595	12	680040327	12	48
10	3132964980	10	625356364	10	32
10	4510957553	10	1113940802	10	41
11	7639555980	11	809253891	11	51
22	6398806284	22	309436848	22	336
9	4589672345	9	802081406	9	31
10	4754789275	10	625615570	10	44
12	12897630213	12	3273652754	12	49
16	6129546926	16	612726222	16	69
5	4556707703	5	858277819	5	29
19	7545718769	19	681807138	19	74
11	6859381137	11	743551461	11	56
15	8399668943	15	1598082025	15	56
13	5237556060	13	810570800	13	43
9	4404735668	9	826404304	9	58
10	5431976884	10	686130296	10	43
11	6567844599	11	1229562551	11	40
11	4201357877	11	678828781	11	52
12	2542891806	12	432324925	12	45
11	4093333823	11	739121247	11	50
13	3852554206	13	245348281	13	60
15	4601154777	15	558274835	15	79
8	4474149885	6	627367744	8	29
9	4111376322	9	624978597	9	50
16	4672918628	16	431033811	16	289
14	4047405479	14	245722766	14	41
12	2972638153	12	370054403	12	36
12	5593539549	12	811963291	12	57
12	4716656857	12	616177064	12	54
15	10724797229	15	1221223541	15	51
10	5263607000	10	1125957233	10	64
12	5170837553	12	1131739356	12	54
14	5667175818	14	1060271869	14	50
11	3401037440	11	421160663	11	41
11	7079709768	11	985761135	11	50
14	5518371540	14	1005685985	14	64
12	4810611386	12	685012249	12	44
11	4834586599	11	499004968	11	75
8	1402344572	8	187042767	8	30
16	6005525796	16	376891864	16	79
11	5734791449	11	807010164	11	45
8	6256821439	8	1118058317	8	48
15	9055570379	15	1248274024	15	82
10	3339254716	10	623332007	10	43
13	7273548858	13	1306611004	13	69
13	9921341900	13	1048762287	13	114
15	6607041200	15	991163716	15	49
17	6535446083	17	426363473	17	74
18	3340886141	18	612448097	18	29
10	6111557476	10	1110702026	10	54
10	3770353113	10	757042538	10	54
16	4699273470	16	551759484	16	57
11	3531317469	11	800367214	11	35
12	3868860220	12	616107690	12	33
12	9913802148	12	816281121	12	65
9	4763077717	9	979946936	9	33
11	4561517400	11	988593275	11	40
12	6367188317	12	1001943889	12	51
11	4480864307	11	1040267981	11	51
9	4438989463	9	691859685	9	28
16	5243962105	16	938688069	16	56
9	5736701490	9	1255618935	9	56
15	3327831454	15	373868119	15	43
11	4101036898	11	855071672	11	33
12	7158373757	12	995626423	12	270
17	4810645636	17	624722297	17	54
8	3769765235	8	933077064	8	35
13	5246445721	13	935794064	13	45
14	3683090011	14	511592473	14	302
17	4669200527	17	496233084	17	63
15	5164528590	15	309560539	15	54
13	6864203631	13	1120956958	13	31
11	8024429730	11	1168056058	11	55
8	4201172986	8	240293016	8	52
17	2591903884	17	505643416	17	21
13	4109222778	13	731904405	13	54
16	6699953792	16	863486164	16	66
12	6719122887	12	806945523	12	45
8	1890382118	8	189877684	8	40
15	5036780847	15	800235871	15	40
11	5173782089	11	733251296	11	53
20	6445958114	20	643248805	20	376
8	3051586184	8	180016486	8	23
10	4998511568	10	1165442764	10	36
15	6434839035	15	983097308	15	68
6	4518470456	4	939547276	4	19
5	2327804972	5	498105266	5	23
10	4204084921	10	686869819	10	62
14	8672599736	14	952261698	14	38
10	4943621039	10	816719368	10	67
8	2850092841	8	492312896	8	329
11	4752804471	11	1167197493	11	49
14	6002529355	14	986448780	14	62
10	5206450527	10	552877100	10	40
12	4744579039	12	672167750	12	42
15	4441033742	15	671837988	15	44
11	4470633409	11	691575544	11	25
12	2473383373	12	374895636	12	38
12	5294169639	12	679514327	12	31
9	5160645685	9	1062761125	9	59
14	7076037375	14	817548266	14	410
9	5394169973	9	1048272694	9	36
10	4417431983	10	419881042	10	43
12	2897025353	12	613825137	12	28
14	16303893033	14	1317041440	14	411
12	4719059532	12	938085361	12	56
12	4309710522	12	623086834	12	29
14	4679052604	14	489672835	14	44
9	5277457626	9	988138990	9	57
14	5364207992	14	884601773	14	65
18	5338498306	18	757628704	18	52
11	4884400608	11	741842424	11	52
10	2369255268	10	371960977	10	30
8	2550335556	8	554170864	8	31
12	3594062637	12	734466773	12	56
15	7039731404	15	684624513	15	95
16	7453197274	16	984157277	16	57
12	3454492728	12	739698838	12	37
12	4990272993	12	557170596	12	26
12	4376824843	12	737089721	12	48
15	4439259454	15	435864437	15	35
20	4665771747	20	554523855	20	55
14	3506928245	14	682234489	14	40
12	6912390150	12	1242963074	12	53
14	6795513732	14	925589976	14	49
7	5714105137	7	1249655594	7	51
12	5269471544	12	1058703549	12	38
12	7581988000	12	1178286839	12	40
20	4717929893	20	439852072	20	75
7	3185020732	7	560515432	7	23
14	4780261527	14	556550482	14	260
15	8173837837	15	1369018870	15	87
13	4793480323	13	1061244698	13	37
10	5380105389	10	625374827	10	49
7	7889811192	7	1237329597	7	39
17	4946606081	17	560578181	17	65
9	4442951563	9	1072319460	9	32
15	6197246509	15	803639607	15	50
10	4702071591	10	497470209	10	35
15	2646457460	15	188359913	15	33
12	2778815730	12	243557499	12	40
10	1391972119	10	371163564	10	15
20	5425641246	20	613935809	20	46
13	6017941055	13	1113197080	13	67
15	3924606309	15	314429608	15	42
17	6950185882	17	998953200	17	74
14	6246250016	14	1185363848	14	54
15	3450955886	15	434282408	15	80
11	4412695063	11	619494673	11	55
10	4137156759	10	433536613	10	41
12	4810341887	12	913772661	12	53
16	8523125045	16	1042569501	16	86
17	6008167332	17	866624184	17	68
11	5345861199	11	860298779	11	49
13	10833504835	13	1418187975	13	55
9	3967467801	9	873227186	9	39
23	7344287514	23	862767772	23	88
18	4347854093	18	562397966	18	45
15	6019981230	15	934209120	15	225
19	5906240950	19	491028374	19	60
8	5944122314	8	1175148939	8	47
10	4096912260	10	622335859	10	20
10	5369421616	10	934552675	10	53
14	6737252716	14	692824452	14	69
20	7471569799	20	562622803	20	71
12	4784854188	12	682514438	12	89
14	11978865232	14	1178826523	14	252
10	3836548272	10	607478723	10	43
9	7832346442	9	1799983203	9	48
13	6969886528	13	560526548	13	32
15	3031406932	15	243602765	15	28
7	2345957049	7	682491364	7	22
9	2147538220	9	436778705	9	17
7	7447902888	7	996022870	7	38
12	5464558429	12	1049791246	12	49
13	7403503204	13	1184409845	13	55
8	2608922408	8	615555726	8	40
12	3040280952	12	497694353	12	37
15	10588620296	15	1179560666	15	70
4	2514096332	4	860241729	4	10
6	3634340947	6	685539732	6	46
9	3095237451	9	497702423	9	30
14	7559556774	14	1238094667	14	58
8	5057275924	8	930395243	8	46
15	4158856539	15	482424579	15	34
15	7300497087	15	1241666707	15	83
15	6373195473	15	623543120	15	64
12	3403852980	12	867257055	12	60
13	6271755184	13	1053737991	13	67
8	0	0	1416321313	8	120
3	3442114473	3	864361993	3	25
15	3497083753	15	497341700	15	50
18	4620650077	18	438725528	18	56
15	5363637779	15	995792592	15	41
14	9649843965	14	1359771892	14	41
10	4400657944	10	614340024	10	65
10	5608514360	10	1174703354	10	63
14	5324048035	14	503746097	14	66
21	5558258313	21	733282094	21	71
14	6869308501	14	1056371833	14	66
15	4205356957	15	372383331	15	56
15	7560376746	15	679798567	15	381
13	6865471986	13	1375961780	13	52
11	4453308774	11	564448825	11	55
14	2866215629	14	252192637	14	47
13	6129353795	13	806540305	13	63
10	2132525735	10	431105219	10	11
11	5447859659	11	919708243	11	86
16	10120233463	16	1155059755	16	91
11	3858422298	11	365218673	11	36
18	7154199661	18	857509834	18	95
11	7164060655	11	1121061331	11	52
12	3821386021	12	549396093	12	46
6	3012600575	6	927570210	6	22
20	8831252949	20	865685465	20	71
7	4790052264	7	743785316	7	50
14	3099313853	14	742896334	14	38
13	6646081435	13	1175046119	13	57
15	8958100358	15	984483070	15	83
10	2777150940	10	428537659	10	53
9	3733862337	9	802488443	9	52
13	4538828594	12	688066166	13	50
13	5642924950	13	912947560	13	56
13	7485417161	12	1298346897	13	65
11	4660131784	11	741814341	11	49
10	4384846305	10	944135063	10	52
15	4686460401	15	740722529	15	41
17	8056449120	17	1120155662	17	80
16	7396689511	16	925141404	16	55
19	7551230377	19	1301040851	19	69
11	5094015264	11	687264770	11	43
12	4932990106	12	623916147	12	26
9	12224006677	9	1184732025	9	68
13	5087636694	13	555275705	13	34
13	9255358636	13	1547017045	13	85
16	6290134098	16	1115516654	16	69
8	5793302636	8	988685083	8	44
18	8289929632	18	872727392	18	94
18	7895165060	18	1300339080	18	48
10	5767148422	10	979716182	10	37
14	4782584938	14	563849088	14	44
16	4923927986	16	312338840	16	57
7	6594915774	7	1484508488	7	56
15	3747985526	15	368641478	15	39
15	4470356527	15	808418544	15	37
15	6011810223	15	679201996	15	66
16	4759529410	16	557369956	16	44
11	2253116560	11	244876489	11	26
11	3211831969	11	423197548	11	168
12	4400684178	12	620613021	12	60
12	7345367521	12	1123548721	12	37
16	7735994853	16	1361159892	16	67
9	4107030281	9	802447367	9	30
11	12170300596	11	1366434587	11	80
12	4721750736	12	620805180	12	55
7	3981167001	7	425227480	7	23
8	6151879515	8	1170626469	8	43
15	10488739361	15	1369659034	15	79
10	2167747798	10	248430570	10	37
17	4135995062	17	557934147	17	51
11	3185413039	11	369736770	11	33
11	5871751877	11	931250182	11	61
14	4395894951	14	437379222	14	59
15	6101052179	15	625273666	15	59
20	7017662192	20	1360036263	20	76
14	3655122052	14	438650017	14	46
14	4094773577	14	942178917	14	59
10	6060071248	10	808545732	10	66
10	5160816153	10	680638905	10	51
14	5478525131	14	914379289	14	223
20	8219130167	20	1107336443	20	93
18	7976407278	18	1052580681	18	74
8	4449175043	8	1050088566	8	33
17	5398478197	17	437142507	17	39
19	5923718722	19	376003840	19	71
12	5537910948	9	1120565908	12	50
5	5903550272	5	1281679963	5	16
20	3479852088	20	301230778	20	31
11	5452690509	11	495976187	11	77
12	5003402572	12	685523264	12	255
17	4087584720	17	495031968	17	107
16	4798824977	16	429379953	16	51
14	4148611233	14	303558534	14	51
15	6791250392	15	936849376	15	87
15	5023605735	11	944779323	15	52
10	6090626324	10	984143077	10	43
11	4280537172	11	551974509	11	62
12	6110805299	12	1237325565	12	265
