8	5600881023	8	563286759	8	43
6	800650701	1	438186705	6	20
5	0	0	502330143	5	4
6	756587101	6	251114725	6	291
3	1711330441	3	742443895	3	18
4	924823254	4	365381464	4	54
5	2259566037	5	939387890	5	18
7	1416324858	2	814894235	2	5
8	927598637	6	367050333	6	60
4	806030954	2	307457516	2	35
7	2421582871	7	636228295	7	297
8	631224953	8	187778662	8	23
8	3847652709	7	432995183	7	20
5	3096529986	5	371428923	5	31
5	312579530	5	250275661	5	2
5	3348736267	5	753250729	5	10
5	1359631595	1	864913967	1	7
3	1226898964	3	856735152	3	10
5	2318282009	2	608693780	2	18
4	0	0	1285168528	4	9
4	1816366155	4	1360581102	4	81
3	128969074	2	61724011	2	5
4	538630217	2	192216352	2	23
1	2234743386	1	1293198933	1	14
5	566349775	5	434172647	5	6
2	0	0	675287068	1	6
8	1970676270	6	1113370901	6	14
7	1157913770	7	365626969	7	9
5	2093950101	3	925886565	4	4
8	1972575608	8	427613032	8	109
5	1492931374	4	669653373	4	9
4	1228459085	4	250099364	4	13
4	988483493	3	621596004	3	5
4	58972566	1	61467638	1	7
5	2244920292	4	1044261505	4	7
4	373040175	4	242473074	4	2
5	0	0	2105992937	5	10
9	1227849089	9	491037425	9	10
8	3158958371	8	1106613823	8	14
3	60686098	1	61540102	1	8
7	4081534002	5	750982005	7	14
9	4465255025	7	375970551	7	16
3	369494262	3	242361100	3	11
2	558978646	2	241948646	2	7
6	2934594722	6	746346260	6	55
6	1111611123	3	755093482	3	4
2	2729637450	2	559974384	2	152
5	742488388	3	250110930	3	9
5	1696180111	3	1001465537	5	4
4	2835994172	4	435323638	4	136
5	1537485078	5	869934440	5	15
10	2080512009	10	304100824	10	242
7	4128561942	7	998217091	7	57
2	1534650164	2	740283203	2	8
6	372587114	6	188024155	6	12
6	1542569823	6	615685252	6	53
8	4082967894	8	497037907	8	66
7	2529960485	6	1238712441	6	20
4	428416977	2	181641554	2	8
5	1399883953	4	508641715	4	8
2	866425359	1	119356761	1	31
4	619134214	1	257232717	1	8
7	805360150	2	621334868	2	9
6	4423696946	5	740253497	5	35
4	121728626	1	63131119	1	4
6	1872756381	6	935269729	6	7
3	186009831	3	125407342	3	2
4	1906702751	3	440705866	3	13
6	2523314239	6	433721898	6	41
7	1111751755	7	429869480	7	8
7	1255227515	7	252858689	7	22
6	1312615459	6	805853228	6	140
7	2235690223	7	489479157	7	114
7	367149678	1	312706827	1	6
7	3900042276	7	1617541331	7	19
4	619778765	1	500634427	1	6
3	2609734464	3	932497055	3	158
4	1551487984	2	800820661	3	3
4	2538915722	2	857750520	2	22
8	2136518927	8	615933997	8	29
4	362076994	4	315580063	4	9
5	2100842186	5	1048779647	5	9
3	0	0	931910827	3	12
5	1579739503	5	557453348	5	74
7	2020003513	2	870046948	6	34
3	675680391	1	312392743	1	86
6	0	0	746406294	4	8
5	914611922	5	375947338	5	61
4	243745452	2	120623624	2	93
3	1000575588	2	309890934	2	56
5	3049432451	3	1310857412	3	6
8	2595523487	8	1004458492	8	10
5	824452159	2	129901565	2	22
5	1104341400	4	379692479	5	10
3	1719050210	3	755313815	3	60
5	930986561	5	424258555	5	22
2	435525344	1	422035460	1	6
3	5458947957	1	619599169	3	35
4	1402632635	1	611740577	1	30
4	920102253	4	181228243	4	10
7	3274662213	7	371631435	7	61
9	2070772338	8	633128958	8	21
4	3214755552	4	182098890	4	24
5	2187742637	5	486342545	5	20
5	450083520	4	251448136	4	6
5	1764236840	2	982036208	2	11
3	121582049	1	58538314	1	3
5	3374217348	5	1345406129	5	13
5	1291610710	3	553020002	3	13
4	1132573499	1	502761121	1	7
3	3246682815	1	802473272	3	10
5	0	0	853744252	5	4
4	1792147332	4	489925723	4	307
5	2429700199	1	693126076	1	10
1	2598977339	1	1233072023	1	7
8	177492107	3	181759345	3	7
3	1877141546	1	684353057	1	10
9	8009179782	9	1059028766	9	425
8	1482430354	4	245925188	4	21
7	3288134198	7	1538497416	7	22
3	2160118052	3	752282198	3	117
5	1313035483	2	629290092	2	4
4	0	0	1500186697	4	2
4	1283009616	4	372455645	4	36
6	1551500558	6	859180438	6	10
7	1224687625	7	248229503	7	299
2	63914500	1	63421392	1	2
2	184661879	2	125356001	2	7
6	1190593102	6	682082549	6	9
2	1784225400	2	989982898	2	21
6	2230548590	6	499741212	6	63
8	1470202247	8	249877188	8	227
9	2148979065	9	307466382	9	277
4	1174307688	4	681873464	4	11
5	947609988	2	491722387	2	12
4	487114356	1	309936440	1	7
3	684986437	1	488864141	1	14
9	0	0	1370310499	9	3
6	681128352	6	183761355	6	48
7	2855589024	7	244516827	7	183
9	2087887561	9	426303978	9	162
7	2342463585	6	554003392	6	221
4	0	0	740568196	4	3
4	733104283	4	250794932	4	20
5	0	0	863549519	5	2
5	1498409452	5	248897218	5	99
3	64093232	1	62899667	1	2
6	2435639226	6	738806454	6	204
9	3933592906	9	809787309	9	206
9	3770039761	9	502940024	9	49
6	1869578504	1	802344219	1	10
6	1619830130	6	435040191	6	12
7	4236849146	7	435988703	7	108
3	1297821461	1	499159804	1	7
2	921464650	1	807644802	1	3
5	247476029	4	123233408	4	9
4	850441084	1	495258970	1	4
6	377911650	6	185677966	6	11
3	2964265050	3	1307311937	3	25
6	1285650306	6	497897580	6	13
6	1222688976	6	246540716	6	169
6	3148208777	6	1123286205	6	108
6	678411638	4	557268794	6	5
10	1362515983	10	304809899	10	26
3	483053984	3	314054926	3	5
5	187553314	3	64126802	3	6
3	984802227	3	319666374	3	7
5	1169453611	5	429986743	5	33
4	2355296394	3	738244787	3	26
7	1807318995	7	556382099	7	56
4	426757399	2	440904242	2	12
7	1929065024	7	442667361	7	184
6	1039104668	6	496984776	6	6
2	2229315605	2	737496392	2	12
6	1845513956	6	813440651	6	11
4	729094003	4	487246952	4	10
7	2480650985	6	923720975	6	29
5	1164842573	5	442956285	5	61
4	1086993245	4	185515224	4	84
5	847816347	2	308071872	2	8
7	880379656	4	305634152	4	9
3	1167234212	3	872217533	3	11
5	369100658	1	246595944	1	14
4	747925048	4	307505181	4	41
5	2703516744	5	1033520171	5	7
6	601554497	5	125285395	5	75
12	3104757610	12	867271314	12	103
3	2089980820	3	688643438	3	190
4	2118938163	3	312360878	3	16
6	1801037488	6	306176199	6	18
8	3859049210	8	310168645	8	405
6	0	0	1225658128	1	4
8	1361955729	2	915384545	2	6
6	1777543024	6	987367830	6	7
6	1544385822	6	368590773	6	20
5	2525231394	5	674153208	5	43
3	1479787425	1	929929705	1	11
5	2413469602	4	677822949	5	17
4	933079393	4	379546406	4	9
4	768228365	4	315392289	4	8
5	1124301294	5	309052681	5	182
3	1093300795	2	435279135	2	30
6	2789894418	3	933063968	3	14
3	872334603	2	497660715	2	5
3	126523573	2	126463716	2	2
11	2311676772	11	625531008	11	134
5	1099018240	2	554444448	2	8
7	3712379137	7	935182321	7	104
7	2054591085	7	375621318	7	42
5	7087179381	5	1176288396	5	58
2	0	0	1842638033	2	3
2	732577437	2	375165665	2	45
8	1426480282	1	682321841	1	10
5	576786346	4	439656811	4	12
8	3271552605	8	1680304035	8	11
2	920843073	1	430539151	1	23
6	1053749473	6	246902761	6	12
2	1294812075	2	491426679	2	12
5	5542097844	4	1683035830	4	31
11	2996674109	11	1430913780	11	15
6	1117446627	6	433824393	6	5
10	3587848710	10	859627887	10	261
4	482319233	3	236919276	3	5
7	795357355	7	179484944	7	53
6	2472083176	6	304976530	6	100
6	1292011553	2	629183450	2	45
5	4239835310	3	865200095	3	19
4	1653959287	4	312964804	4	12
4	0	0	618029619	2	10
4	847249417	4	181118535	4	143
5	742396771	3	428638960	4	10
4	691341869	4	499494041	4	10
6	2227368293	4	910675712	4	19
8	862978831	8	244824750	8	17
3	1850991873	3	1247499596	3	18
10	5323557937	10	676209961	10	136
4	2210288569	4	680894244	4	61
3	554027377	3	250099179	3	4
3	1546455322	3	248817147	3	224
4	3807347620	4	1375474095	4	22
3	1643336670	2	863056564	2	11
3	427526350	2	247880481	2	8
4	491703311	2	501991268	4	6
7	1931652508	7	610970181	7	30
3	673229041	1	244422317	1	23
6	4791621229	6	614041850	6	26
6	1740079744	1	1056935134	1	7
5	1548289706	5	316292101	5	212
5	1915383877	3	745309376	3	20
4	1478597735	4	373062971	4	17
4	618575086	4	184008534	4	12
5	1941764063	5	438222897	5	341
3	1034404532	1	616460674	1	14
5	428064116	4	257286442	4	4
6	799060769	6	182084892	6	12
7	3199087688	7	497778616	7	17
4	1111181851	4	571523306	4	31
7	1748886558	7	558342573	7	29
8	3619089047	8	425056029	8	46
7	515202706	7	127355116	7	6
5	375677774	5	248980974	5	75
11	1847656197	11	492022120	11	290
11	1253546133	11	181047435	11	361
3	1628065000	2	680921477	2	3
4	0	0	872385524	3	6
5	887684713	5	305340716	5	29
6	1802340917	1	992668176	1	8
7	969079284	5	314909356	5	69
6	1403788455	4	489933887	4	20
8	4016637905	7	993431779	8	37
5	742570070	5	187846615	5	26
8	2664155079	8	686872306	8	49
4	2153611490	4	365986366	4	66
8	925995031	4	438325699	4	12
7	1670475390	7	742599478	7	31
4	614620946	3	122504321	3	5
6	1878472357	3	1053610848	3	12
5	2305127783	5	807002436	5	92
6	809489906	5	307307817	5	8
6	3665782715	5	744657319	5	25
2	122631782	1	60011710	1	3
2	3497814388	1	1165476463	1	26
4	1012916298	4	737262176	4	15
6	4282065081	5	997208523	5	8
7	1129110750	6	369958631	6	13
3	1204776013	3	678649653	3	9
6	1380817465	6	494325094	6	20
8	2596097530	6	1051755703	7	13
5	2676455427	1	496248787	1	65
4	0	0	930940743	3	2
5	549415153	2	557434512	2	5
6	4466427302	3	675890823	3	171
1	358024465	1	313462023	1	6
4	549403546	1	304501990	1	10
4	1936390280	2	687867886	2	19
6	1231726253	3	879496871	3	4
8	1976477456	2	922731041	7	11
5	1150018439	5	373711097	5	11
7	1177442953	3	924752342	7	5
5	485953376	5	302633768	5	27
4	1323385810	4	688738077	4	38
5	0	0	991055017	5	4
3	2145029467	1	616482494	2	8
7	1620936700	7	751716806	7	13
3	62766377	1	59190136	1	1
6	1724446673	5	623427081	6	6
3	864207202	1	498099641	1	4
3	2531157902	3	625172625	3	8
4	734314231	3	244705178	3	21
7	590294314	7	244392459	7	7
6	3218751248	3	992935521	3	34
6	1218695741	6	310874759	6	12
4	302733883	4	124402180	4	15
9	5498001581	9	1057927256	9	23
5	987033999	5	375564812	5	22
5	747958248	5	123518704	5	93
7	1004636867	3	615710679	3	4
6	1964443135	4	796970698	4	67
9	2226707319	9	622341061	9	29
6	1549031926	5	625332251	5	57
9	3041245799	9	561164540	9	473
3	1301195043	1	1476637899	2	17
7	0	0	679812905	7	8
5	1899372762	5	868551416	5	15
4	387073694	4	187413038	4	4
7	727066452	7	237814263	7	9
4	1542837481	4	304596740	4	259
4	432335690	2	313532281	2	3
1	1043409177	1	554080867	1	13
6	422123250	6	189288813	6	12
4	1172212254	1	363470822	1	16
4	3056046500	3	1424911051	3	15
3	1661980688	3	490271509	3	14
9	2571521896	8	246180001	8	287
7	2727317860	6	928443670	6	146
4	923188441	1	244875137	1	140
4	1738178210	1	623111221	1	7
8	2544618558	8	867330928	8	158
5	801280968	2	439381187	2	11
2	129167044	2	123773545	2	5
4	1108800590	4	247625972	4	43
1	491336933	1	301258134	1	9
5	2792479325	5	1294402702	5	8
2	1045688061	2	801304029	2	7
5	390097835	2	248077238	2	3
6	944310910	4	1174356880	5	8
11	3532582462	10	434606193	11	88
7	2310503823	7	801982331	7	178
4	1176183475	4	241987447	4	11
4	998417313	4	486851835	4	11
5	1164245115	4	307306657	5	13
3	2023451234	3	369158508	3	32
5	2789944522	1	488800489	1	18
6	1289234355	4	187553317	4	26
6	722708196	1	948028872	6	3
4	2466553025	3	927361974	3	84
4	738307805	4	373203978	4	7
5	541491297	5	121802244	5	16
6	1285105663	6	430988423	6	31
5	1801676023	4	248170783	4	68
3	3038258681	3	1064848870	3	18
6	1767804734	1	308409878	1	165
6	921980848	6	426971679	6	7
3	2358427221	1	626499030	1	31
6	3591979488	6	553898392	6	172
2	4399133534	2	380664026	2	22
7	752299435	2	127952869	2	188
6	0	0	1087961801	6	4
2	485207009	1	305678753	1	35
5	995469184	5	616398403	5	14
2	1257710466	2	743921866	2	3
4	1169028381	4	370830449	4	21
3	0	0	1219319273	1	2
8	0	0	1040579929	8	4
3	183931732	2	122263552	2	28
6	826623115	6	379838644	6	10
2	968045670	1	556893262	1	9
5	739021706	4	253428055	4	11
8	1784013126	8	302743617	8	281
7	1348107135	7	315966341	7	11
9	1323038565	9	379534576	9	202
2	832412855	2	128332041	2	38
7	2229894866	7	619698523	7	14
9	4090281296	8	1363970304	9	11
8	0	0	866682369	8	4
7	2793718772	7	1166914580	7	91
5	3731640790	5	926933092	5	23
8	2733064825	8	550124673	8	223
6	1103238158	6	311865555	6	142
4	927946180	4	372146608	4	19
5	311821344	4	127504062	4	4
5	995916488	5	373474144	5	161
8	3324773134	8	373859895	8	594
2	917501620	1	310150145	1	30
5	996620430	5	311802655	5	14
2	5992245623	2	1185116212	2	160
4	305971487	3	242495967	3	4
7	4850505958	6	2213675448	7	13
7	3126476695	7	1288859688	7	234
4	1725105216	4	859961459	4	23
5	1477399804	4	557579638	5	6
6	2068054813	6	1113021606	6	19
2	63042365	1	61615984	1	8
4	178952283	1	184327203	1	3
4	1294534575	2	482180571	4	9
4	1530282667	4	380507697	4	12
6	3282801159	2	442553378	3	26
7	1245460217	7	496442342	7	57
1	2173696992	1	1171904329	1	29
5	365058396	5	126567195	5	13
5	3634667005	5	432779210	5	10
7	862718644	7	438768688	7	23
6	873421786	6	365434213	6	9
1	1481502791	1	749439352	1	3
3	2276236033	3	1362151848	3	16
5	864015547	2	367076865	2	9
6	1040579553	4	313879742	4	8
3	4776205456	2	867527321	2	59
6	681618642	5	432297778	5	10
9	5100835098	9	306880279	9	81
6	1402564617	1	733492307	1	42
3	557507849	1	240553622	1	8
5	1176953963	1	438757561	1	11
3	186959802	3	180025792	3	4
4	606507162	1	250973256	1	6
7	1105878354	7	496239569	7	17
5	378307327	4	119362675	4	4
3	1594264519	2	818656432	2	5
4	792062712	3	313406064	3	4
7	1257909936	7	618647119	7	36
5	2799674817	5	1370410921	5	28
9	3241312234	9	434724850	9	84
6	497610737	5	185372911	5	7
2	61597046	1	59407012	1	4
4	921253720	1	434604477	3	22
7	1910136211	7	314114901	7	346
4	5765134127	3	1303779509	4	43
9	2962144195	9	1316312146	9	54
3	183211359	3	121538544	3	3
5	1482120016	5	558363245	5	27
7	1308293066	7	436798395	7	180
10	0	0	688920439	10	2
3	915391529	2	62010201	2	25
9	3695567764	9	432010366	9	138
8	1188142972	5	736598207	5	45
6	1280801365	3	553773975	3	11
3	2877578205	3	738577456	3	7
4	870575333	3	435028220	3	5
7	1164871762	7	627431899	7	18
3	3256486411	3	1493824456	3	105
8	5903688904	8	311616197	8	150
4	1861978536	3	502139277	4	17
6	3406685005	6	988932823	6	41
6	1633085746	6	741216269	6	31
7	2840241702	7	504176236	7	17
6	0	0	806458676	1	2
1	2049642466	1	680981292	1	13
9	2054960417	9	438963037	9	61
4	1963977498	2	1246211308	2	4
4	1696981944	1	622147146	1	20
3	1776462854	1	687757335	1	6
4	488129624	4	369293527	4	20
3	306121532	1	254135544	2	9
4	1159026932	4	366474370	4	15
4	241710523	1	186465704	1	7
8	2975427792	8	1188877240	8	67
4	0	0	1604569849	4	48
6	2063878193	2	618051259	2	14
4	1790018110	2	616560348	2	11
5	1978717536	3	1491874459	3	22
4	2097567711	4	982400735	4	11
2	803970439	1	508500552	1	9
3	1490557748	1	430183044	1	6
5	745326115	3	303309248	3	13
3	736535010	3	431858165	3	9
6	3184603775	6	313841070	6	187
7	1156078669	7	486203260	7	297
8	6495482760	7	989263571	8	71
6	804736621	1	247613825	1	62
3	1222706228	2	743015475	2	4
6	0	0	739511164	5	4
2	368541898	2	64138127	2	3
6	2542709986	5	919456125	5	9
5	3021656050	5	1122424312	5	22
5	2538457580	5	1169522623	5	9
4	2355296394	3	738244787	3	26
4	1458948551	4	313035676	4	35
3	182458929	2	63045573	2	4
8	1626502468	8	814659319	8	13
4	1282802275	3	490942670	3	10
2	1484213731	1	492772951	1	24
4	931312943	4	315531291	4	24
8	5356670455	8	806056066	8	136
2	850941485	2	678134763	2	10
3	61275600	1	60137154	1	5
4	0	0	938669300	4	3
7	1347999149	7	310208395	7	63
5	247540966	3	125932292	3	8
9	985817774	9	301161195	9	7
7	687768209	7	123730450	7	44
6	3351248387	4	607191863	4	10
5	0	0	1054765739	5	12
6	2220988359	6	1353409957	6	11
5	370428777	3	245200122	3	3
6	2724556998	6	548656174	6	26
7	858353332	3	372865442	3	12
5	0	0	1292293813	5	15
8	1910655855	7	740172536	7	13
4	3278923890	4	930121785	4	19
5	622779602	1	432291070	1	9
5	3086661884	5	1423766014	5	82
2	677933553	1	244189253	1	12
4	1614872008	4	683588420	4	8
2	1051675298	2	435613672	2	7
4	2394613543	4	1050628688	4	12
6	556478032	5	126417832	5	9
6	642107357	6	311201116	6	99
4	616654590	4	187169153	4	37
3	0	0	1480704276	2	9
6	1712889421	6	560989313	6	13
8	2043918154	8	693520526	8	56
6	2708820653	6	608464757	6	22
5	61197796	1	441453180	5	10
6	2313823080	6	668520112	6	27
2	976264752	2	630841698	2	5
6	377492369	5	117859157	5	9
8	2813077142	8	500441430	8	73
4	1229037092	4	560051712	4	12
5	2867567586	4	798209595	4	86
2	307370728	1	306063416	1	36
5	2154476578	5	678821682	5	42
8	1414997378	7	809782225	8	11
10	676556036	1	247722916	1	8
8	0	0	558343478	8	2
5	2144257044	2	1345020703	2	8
3	2693922712	3	672263612	3	172
4	2542227882	4	743556498	4	20
4	0	0	1355960002	3	2
8	1233164596	8	305836905	8	16
2	1634597805	2	750609863	2	8
2	602953619	1	190782135	1	12
5	2343433582	1	1240252721	1	5
5	1302092879	4	497208882	4	11
8	433323525	8	251648827	8	11
4	3536965159	3	1614739422	3	4
5	2029613090	5	368209372	5	87
7	610499969	5	373969889	5	6
4	1963173846	3	495160350	3	73
2	927167669	2	189475046	2	15
3	1921814093	1	991120405	1	11
2	1704327344	2	805822879	2	24
4	0	0	927532610	4	4
8	2212673384	8	915563488	8	118
5	1380547045	2	689590421	2	6
4	60199646	1	60261653	1	3
4	242524613	4	121988677	4	17
1	1538772794	1	988069624	1	14
3	1409821100	2	633717408	2	40
5	1362668556	5	622837112	5	10
4	2478674939	4	996866650	4	10
4	3850779298	3	929699777	3	17
6	1037638791	3	438604565	3	10
7	1673676818	7	563659776	7	28
7	1170119726	7	123530996	7	27
2	2341801460	2	808584628	2	24
9	1655657141	9	863918221	9	25
8	3153840111	8	630392417	8	258
2	435038612	1	185911566	1	7
5	2766729943	5	1004978009	5	110
5	306547280	2	126613463	2	8
4	255557402	2	121776450	2	7
4	2530163043	3	375102893	3	4
7	1800319252	7	439066955	7	52
7	426321654	7	180707542	7	5
6	2912632534	5	1485809482	5	17
4	787981256	2	317856966	2	25
6	184626495	1	118531055	1	8
5	0	0	973926411	1	8
4	417175985	4	126420076	4	29
2	255926239	2	244884231	2	4
3	689382430	1	369864016	1	4
7	916552367	7	249016129	7	36
5	1228265002	5	614263376	5	6
8	2280296617	8	604171291	8	295
11	2788889664	11	558757230	11	295
6	0	0	855398348	2	3
6	2171886039	5	749139893	6	14
9	3083084345	9	254616944	9	100
6	915508729	5	122927444	5	144
3	3393970477	2	564846560	2	74
5	2144534443	4	749196267	4	22
5	4760683171	5	858760036	5	223
8	822943327	8	189286806	8	104
6	2617964042	6	1059087004	6	43
7	631233310	4	242356645	4	12
3	3270166170	3	1072065067	3	11
6	939014428	6	127414371	6	28
3	557729619	3	123539160	3	5
4	608381591	4	377268926	4	10
4	912668495	4	121885456	4	11
3	63128538	1	180880155	3	7
6	1357261028	6	557247395	6	68
6	1353229422	5	729051781	5	13
5	1041643119	5	375129031	5	8
5	1975716897	5	680438617	5	10
9	1595094956	9	435344899	9	262
9	1664844279	9	620303451	9	60
5	309908906	2	123636378	2	7
5	1546011938	3	551053811	3	156
5	505294681	2	431779414	2	7
7	241392561	4	124977358	4	13
10	1293039511	7	429282044	10	13
5	2768169732	4	1112783399	4	15
8	617563757	8	304823557	8	19
8	2423338731	7	304620484	7	82
7	1464499468	7	244846441	7	12
4	1352668739	2	741062282	2	70
5	3325584929	5	673306716	5	199
5	1774422143	4	807246988	4	12
3	242202741	1	61992272	1	6
4	486411978	1	307082634	1	12
5	1900675910	2	752114323	2	24
3	0	0	430907964	3	2
4	1176923105	2	971196197	2	5
6	618889674	6	251692660	6	9
4	1048819166	4	495761298	4	17
7	1623982832	7	564929711	7	36
8	0	0	1110564636	8	2
2	637432958	1	495424083	1	22
6	2243679285	6	509980020	6	129
9	1294778815	9	616079278	9	357
5	744483995	5	311110976	5	44
4	362808544	4	192668240	4	267
4	0	0	868873786	4	4
9	1290752842	9	556302777	9	51
2	365433278	2	249740870	2	4
4	1562005541	4	729079051	4	57
3	549474324	2	188885865	2	5
3	1468563135	3	303175634	3	38
12	2184511608	1	1185613749	1	3
12	2894159669	12	246475452	12	576
3	1578486433	1	375005617	1	186
8	1066037009	8	560816520	8	8
7	4147996272	3	1350265710	3	69
5	792630906	2	303318394	2	6
8	1166360334	8	246060068	8	69
4	3253461195	4	872166615	4	146
11	1867348703	11	683257119	11	14
6	3645061542	6	1113700238	6	15
2	2426088391	1	677152762	1	15
3	4345327257	3	1479454365	3	191
8	811101366	6	304215578	8	9
3	184089855	2	130582784	2	3
10	1955827090	10	496442799	10	401
5	906476909	4	247544658	4	12
5	2259311483	4	859928399	5	13
7	122450233	1	123891670	1	7
7	4893248753	7	800273355	7	29
2	2500085873	1	683141351	1	3
9	1293503792	6	186322334	9	110
7	734497412	7	242185248	7	26
6	0	0	1436949274	4	2
4	179744525	1	125941966	1	3
3	1551096235	3	874750425	3	3
6	609161913	1	441381122	6	5
6	1683969459	6	678669922	6	54
5	1444713474	5	676726112	5	11
5	3489105672	4	1237408665	4	9
3	2553686484	3	749171446	3	26
6	1801047440	6	1097948989	6	4
4	504943725	2	365439160	2	19
4	621850481	2	372388138	2	15
2	121819819	2	122161946	2	4
3	6720021157	3	446387572	3	168
7	1876595647	7	670432253	7	40
4	1466784552	4	613965401	4	11
5	2475224644	5	1185667431	5	26
5	541286402	3	187161365	3	39
3	1048988043	2	507070847	2	5
8	959134039	8	252975643	8	308
6	0	0	1484931247	1	3
2	545470496	2	184654134	2	8
3	1734569597	3	626389276	3	13
6	606872722	6	251575842	6	25
3	1813887339	2	873358908	2	5
4	2204908723	4	992333442	4	9
5	926683467	5	372371902	5	5
6	3137697663	6	876466332	6	61
4	554148304	3	307815090	3	11
4	1559290280	1	1296796739	1	3
5	690938766	1	246177013	1	12
1	3041099749	1	1164590607	1	18
5	363307561	1	58849720	1	8
8	847738193	8	431391352	8	8
4	433829862	4	126705832	4	7
7	631329533	7	243612226	7	11
3	1587290033	1	986788638	1	6
4	2054057060	2	870182787	2	12
7	2775779148	4	633679770	7	38
5	1919329796	3	493954705	3	13
7	2372022102	2	682534747	7	11
6	1358080745	4	678101864	4	9
6	3220997347	4	1429445467	4	25
7	2180835095	6	1168865113	6	12
4	188311287	3	60445350	3	3
2	0	0	366758010	1	10
9	1173236864	9	240872168	9	325
3	2042588409	3	681133875	3	122
5	1062001796	5	426540712	5	8
6	484376394	4	128285788	5	7
5	486239490	5	122081554	5	333
7	2909094205	7	372043679	7	195
6	368344102	6	187570753	6	8
6	544136660	6	240796032	6	6
4	0	0	561299076	4	20
6	5820229026	6	683499444	6	206
5	186354473	2	125193648	2	2
3	1781508160	1	808181712	1	20
5	4255858420	5	1731205461	5	9
2	1188175467	1	563828401	1	11
5	1060198007	5	242869014	5	19
8	994688571	8	502018754	8	18
5	2258228142	4	938169355	4	32
5	0	0	1178543992	5	2
5	761905120	1	368940307	1	7
5	189211740	1	192309363	1	4
7	1086266116	7	244377905	7	75
6	614059498	6	191706380	6	22
9	991389310	9	126209241	9	16
5	1408440440	5	868474369	5	11
6	442932978	1	247586716	1	3
1	1254213195	1	869302485	1	12
8	2412002417	8	562575432	8	175
3	923039375	3	311765011	3	16
3	0	0	1129271075	3	11
6	731337737	5	245082337	6	20
4	681364763	4	491999033	4	8
3	1887062520	3	505056248	3	40
7	1823704242	7	618614934	7	65
6	616902981	1	371345869	1	31
5	2039318326	5	433191194	5	18
4	1976368910	4	794762568	4	14
2	3091953040	1	1056851160	1	26
8	1358212628	8	561845395	8	51
3	1524588612	3	927552819	3	8
8	913859590	8	188176787	8	13
4	1414405788	4	555837669	4	12
3	1226020560	2	501228553	2	27
4	121245844	1	124011772	1	5
7	874031401	7	495012310	7	5
4	1353115144	1	811982371	1	6
3	731648321	2	437498324	2	8
6	1754828829	6	498460648	6	183
2	1569505601	1	1118979535	1	37
9	3062063624	9	302467309	9	53
5	428411122	5	125669686	5	136
7	0	0	936145505	7	4
3	1357616167	1	563185868	1	9
7	2667909141	5	749572088	5	142
6	1628101539	6	550624851	6	34
6	981173135	4	246153978	4	24
3	801173333	2	427150769	2	5
7	3470421799	4	806157397	4	16
6	1108884790	5	419553505	5	5
3	188386193	1	124218522	1	4
6	1452125179	2	807546662	6	3
9	1222514942	9	378171466	9	42
6	868928559	5	189110901	5	14
5	450454763	3	371354485	3	3
2	666988130	2	315729010	2	8
6	1314517436	2	745700469	2	33
6	0	0	498139486	6	4
7	862851657	7	434180787	7	13
4	1348744551	3	614575979	3	23
8	2221101416	7	909562618	7	119
3	1006315398	2	301166636	3	4
6	3114128350	6	1249800736	6	8
7	2464426935	7	188498212	7	159
4	618065400	1	309219146	1	6
4	251177187	4	122183908	4	4
6	811804387	6	310807226	6	5
3	371301274	1	192178025	1	5
7	861606602	4	378049937	4	192
5	3778193676	5	682234647	5	129
2	424151747	1	187465253	1	12
7	2253684737	7	802412737	7	23
9	1370180440	9	438221233	9	259
5	1056016416	4	433646481	4	13
5	2114868852	5	870588814	5	9
4	1434558231	1	497309719	1	7
5	2634946049	1	1475295451	3	47
6	964327806	5	189778249	5	19
5	3404278693	5	242506386	5	24
5	996038813	4	369043920	4	8
6	1247756514	6	121007560	6	61
4	1922001365	2	988770840	2	54
7	1359420239	7	447080900	7	16
3	0	0	664080643	3	2
5	122952166	1	122469662	1	3
7	2574044280	7	242264805	7	52
6	4619422635	6	1167883290	6	139
1	2142844847	1	745347067	1	52
7	0	0	1182138392	2	2
3	907230783	2	498853248	3	8
5	311896258	5	123668025	5	5
5	623469694	2	1235201590	5	35
5	1646715837	5	435484724	5	38
7	1862978876	7	502551203	7	49
4	1254528977	4	498884678	4	12
5	2535611776	5	673565579	5	20
7	5060999874	6	856914275	6	50
4	1866180960	4	874136857	4	21
5	2201812580	2	614802273	2	5
3	993700745	1	614767277	1	12
9	4496678829	9	874246360	9	62
7	1616691943	4	1049427710	7	11
2	1237448272	1	808153955	1	6
6	1771853797	6	690342093	6	11
9	1882967725	9	365207565	9	338
4	689207538	4	185021405	4	38
3	1094076774	3	189579616	3	229
7	1483434674	7	679621347	7	25
5	1742077807	4	859848780	5	8
3	0	0	925999064	1	7
6	0	0	437615012	6	2
8	2429859328	8	247283552	8	49
7	2079639494	7	933682074	7	39
12	1822385232	12	304629513	12	374
8	1915113212	8	124195297	8	218
4	794920094	4	311835378	4	7
7	2228167005	7	617560748	7	75
6	1840422467	3	675024993	3	20
5	3036738179	5	807337514	5	10
5	0	0	1039129624	5	3
8	1046094847	7	430714126	7	14
10	3238587491	10	676356040	10	225
6	1331175726	6	302097266	6	50
5	119575667	1	122258111	1	21
3	1641942159	3	303891417	3	203
8	2279248062	5	690089669	5	79
6	1358715166	6	433051858	6	49
6	1153137708	4	434656359	5	13
3	2698968919	3	1112705520	3	151
4	1126525332	1	441287152	3	9
4	1132731507	2	674410102	2	8
6	1119775650	1	860007817	1	5
5	1494243589	3	623434356	5	18
6	0	0	2132166300	3	6
2	450152872	1	243566126	1	7
7	1440739254	7	500862009	7	13
5	3026217122	1	802421251	5	3
4	0	0	489251738	4	2
7	545409904	7	247927549	7	13
8	2293681028	8	314187424	8	310
3	309322950	3	179655896	3	3
3	617625027	2	186944673	2	26
7	0	0	861453648	7	10
5	1838174686	5	551393494	5	13
3	910648473	2	123180496	2	12
6	2371776794	3	312651104	3	12
4	504720751	4	250073436	4	6
3	365421809	2	314676233	2	13
5	0	0	2175809779	5	4
3	2258898041	3	619283001	3	24
3	1053623519	3	430708891	3	5
4	125680099	1	65147801	1	10
3	374291271	1	124294153	1	171
6	1168680621	6	305363348	6	117
7	1591797207	7	675340699	7	8
8	1291771131	5	504344613	5	20
2	1485493841	2	743387503	2	5
7	1183866740	7	379181919	7	21
2	795135812	2	124677671	2	15
3	1229739841	1	1106313835	1	5
4	807802241	1	433213988	1	4
5	2393545878	5	681084708	5	12
2	2972145394	2	1555137482	2	15
3	883562901	2	306790540	2	11
6	1302032875	5	624398359	5	8
8	979952899	8	435278009	8	238
4	992475219	4	432762378	4	4
5	0	0	561629468	4	8
5	804169988	3	183137860	3	11
4	3607689921	4	1035069693	4	11
3	857050856	2	314734791	2	4
7	3872637614	7	1372335150	7	115
3	4116378699	1	1168751560	1	27
7	1863609901	4	559278419	4	12
8	669630403	3	488955064	3	5
5	0	0	555746141	1	35
3	0	0	944530675	1	2
3	2926221073	3	1044779486	3	11
7	2022634303	7	749903026	7	176
4	1528895629	4	313153714	4	5
2	424970886	2	441666177	2	11
2	999123704	2	676954505	2	4
6	424196318	3	248666065	3	3
5	5370743310	5	803411457	5	126
8	2297978818	8	557565685	8	49
9	2648423667	9	874680534	9	351
6	688932981	6	313133551	6	16
9	2164180617	9	375630795	9	77
3	62147435	1	63837502	1	21
7	2344918516	4	559236340	4	28
5	3322295467	3	1009348473	5	67
4	674987401	4	246913112	4	8
5	2418356697	5	1121009313	5	19
7	1126659435	7	423300951	7	184
2	2616405462	1	749057935	1	26
4	1535813335	3	374208884	3	10
5	3473959533	3	124055647	3	6
8	2331096148	8	619841640	8	193
5	1164332716	5	379680313	5	6
6	492927550	4	124906982	4	11
4	0	0	995670431	4	10
6	1637277466	6	246369539	6	79
4	0	0	722734036	2	7
5	126850309	2	118347384	2	2
4	2186914134	4	1174457094	4	4
5	1094415460	5	312771011	5	85
5	926411017	4	447181435	4	5
3	975464136	3	183105295	3	4
5	1860644162	5	617475456	5	14
3	245393457	1	127268204	1	5
4	4984968033	4	977147126	4	130
8	1728583126	2	438820304	2	21
4	1541635051	4	1002837898	4	6
3	803157340	1	629556852	1	140
1	852770518	1	561082237	1	8
3	1708864197	3	687950317	3	8
11	1192619759	11	489650911	11	89
8	0	0	612497405	8	4
6	0	0	1118746877	6	15
10	1042608469	10	242410730	10	41
5	1869037906	5	306853184	5	314
7	1302275905	6	563696716	6	93
6	0	0	2183172571	6	19
5	315339559	5	126312588	5	7
5	1863382325	5	679468718	5	9
8	2013006688	8	864072478	8	38
4	660126531	3	243035105	3	90
11	1021906261	11	252449711	11	457
10	932568248	8	310245743	10	16
5	3655838134	2	752265111	5	9
3	0	0	376370202	1	3
5	1242733567	5	491646560	5	6
8	1881670476	6	618221214	7	13
3	493234961	3	186407825	3	10
3	739384097	1	369726792	1	48
8	1182721047	8	569792469	8	93
8	6154692798	8	867987778	8	53
10	1157015756	10	245914826	10	69
9	1401323587	8	375056433	9	15
4	1038537802	4	493201028	4	12
4	248795287	4	188112675	4	4
8	2821568712	8	378543615	8	238
7	5246025045	3	502468990	3	127
6	1531928630	3	804541697	3	4
5	3394252284	1	1370889827	2	9
2	1543085938	1	988178877	1	3
7	1068603601	5	256176882	5	14
5	2422423415	5	800840098	5	43
9	1776971095	9	308594973	9	38
4	1482476503	4	863281989	4	7
9	1841806835	9	484854542	9	178
3	8844388685	3	857652749	3	116
5	988804552	5	487512417	5	6
9	1365691745	9	369366365	9	296
5	855491293	5	492282964	5	17
5	707749013	5	249370987	5	7
4	1393448350	4	495816496	4	7
5	611015112	1	313906322	1	33
8	1176777462	7	240147773	7	33
3	1364599491	2	2180600820	3	26
6	5460349918	6	1312034329	6	28
4	606353836	2	431907345	2	4
5	809934013	5	383029668	5	6
2	1893367401	1	684179512	1	16
6	1044154459	6	190295160	6	21
4	3878174173	4	749152961	4	271
4	426113303	3	310472826	3	3
6	1398339318	6	559661282	6	209
3	987157889	2	442659266	2	12
6	796183934	5	373372875	6	15
3	1204294261	2	811831038	2	5
4	244704945	3	188633153	3	6
3	3261929910	2	1383694810	2	11
4	179534332	1	184398125	1	10
6	4768713978	5	557040578	5	173
3	1735588261	2	554752192	2	100
6	2919801117	6	552429887	6	40
1	243217511	1	121383130	1	67
5	0	0	1233138638	5	5
7	0	0	614750248	3	2
9	0	0	1236205579	9	2
3	3043629106	2	794955963	2	24
5	2455955233	5	1299198844	5	11
6	2644921784	6	494420468	6	17
7	0	0	1000892730	7	4
7	0	0	796803791	7	2
4	1302441388	3	933508379	3	5
7	1044674708	5	251122372	5	8
7	1851356218	7	550720342	7	65
7	1851559075	7	928031613	7	26
5	692582805	1	563059718	1	6
3	2028729885	3	246343577	3	25
7	2676899577	6	1353026452	6	82
6	1001920127	5	245570429	5	247
4	979621911	4	310879257	4	8
7	1517075068	7	675741846	7	15
5	859478076	4	240361828	4	7
6	790340915	6	190431786	6	6
3	1735718375	2	1051969406	2	8
2	425647026	1	185356528	1	3
4	1980859615	4	753494825	4	8
5	917056221	5	310379254	5	8
6	1173023821	3	684708191	3	24
5	369741380	5	245661996	5	9
5	1301778819	4	612736102	5	14
3	854556371	3	319413905	3	8
5	857067702	2	424909432	5	8
6	2811390445	6	787914831	6	32
3	1521676792	3	368000360	3	13
10	1627922905	10	438320652	10	219
3	2033313498	1	935704420	1	7
6	1610290621	6	431677362	6	44
2	363031853	2	246698156	2	20
3	0	0	425610234	2	4
2	2604362928	1	1120191681	1	16
5	1112228345	5	552808205	5	17
7	1662609331	7	871116815	7	9
7	3163833674	7	1116528466	7	139
5	0	0	1405314617	5	2
6	602111445	6	365137052	6	7
3	0	0	985471308	2	2
5	5387819189	5	1135796742	5	70
5	3826168902	4	1672702355	4	17
5	0	0	870676791	5	13
5	3319455319	5	1480497211	5	15
8	669013430	8	249778762	8	35
8	2717733865	8	1243879919	8	31
5	2931096021	5	1368928267	5	27
7	797788048	7	189610313	7	80
5	314575042	1	376098505	3	12
2	1599332979	2	919834188	2	4
5	6806285956	5	1006162311	5	97
4	3199735907	4	1232432380	4	34
2	64767838	1	59839839	1	17
2	1259296238	1	866349564	1	33
5	1422311778	5	428555442	5	13
5	1769945770	5	559481931	5	17
3	1280592952	1	629020382	1	17
5	5276474640	1	1097207764	1	54
6	1654651603	6	546688130	6	12
5	565283074	5	252634277	5	5
6	496278684	6	185003250	6	71
8	2504745527	8	501271979	8	204
4	1369379842	4	1173971004	4	4
2	1302103512	1	305402965	1	30
9	2115955289	1	675634961	1	13
6	1163985632	6	243616216	6	98
4	3595015658	4	800540067	4	5
4	1415827449	2	568055465	2	4
3	3786636907	2	988512837	2	24
6	1245094091	6	372676723	6	107
5	825100536	5	314905534	5	85
3	0	0	1403118199	3	4
4	2483007974	4	629435251	4	13
3	811807997	1	368264176	1	90
4	889033683	3	249768831	3	49
3	2913918602	3	751019215	3	6
8	1456875199	8	622320992	8	14
5	1485678360	5	629410228	5	41
8	1245057532	7	245185115	8	21
