22	8247983680	22	613659607	22	857
17	13602473093	17	1118807647	17	560
23	9747290134	23	686841026	23	721
20	10294430097	20	872186934	20	736
19	5020843587	19	366892623	19	956
19	4013242592	19	427122376	19	926
20	12457986490	20	1048913443	20	1127
24	7498220168	24	681278818	24	621
19	6561136027	19	681474074	19	757
20	5262400011	20	302399107	20	990
12	4159497779	12	688201535	12	919
11	8212276922	11	670599073	11	479
20	8648406389	20	809432542	20	827
20	6030787279	20	813099461	20	727
13	3708452989	13	561854533	13	642
15	4496857522	15	689657232	15	446
12	2092797067	12	308834934	12	384
14	6966488467	14	1114041243	14	618
22	5560428062	22	807214180	22	1081
20	6812044180	20	1002455411	20	586
13	8784612375	13	1164701118	13	1110
25	14776141788	25	1486352822	25	1025
17	9752228113	17	820462607	17	503
16	9280286052	16	1236742079	16	545
9	6212269074	9	309964460	9	553
17	6007783051	17	502581064	17	602
14	4778819388	14	436482495	14	436
21	8940576005	21	811666920	21	906
21	5169916266	21	492271163	21	803
20	8235669198	20	620347530	20	719
24	19547726149	23	1494232459	24	1049
20	4114818810	20	193988086	20	636
13	5410584093	13	859866351	13	578
16	6179021176	16	755121545	16	751
14	11759137985	14	996039828	14	729
14	4651188733	14	246702548	14	938
23	9420081667	23	433984531	23	916
14	2331573954	14	253699166	14	835
22	7186740803	22	557116819	22	1213
15	5316297679	15	1064510786	15	1009
22	8426131597	22	812695902	22	794
26	16316106007	26	872590667	26	825
24	9123107075	24	314606537	24	856
18	8762090117	18	681605541	18	1033
20	7810151183	20	367630207	20	822
23	6857433194	23	366090688	23	726
14	5290989650	14	433651776	14	904
20	5935193534	20	367831270	20	1019
24	13053314570	24	992796931	24	958
17	10303516920	17	1240994089	17	730
11	10882863935	11	867214424	11	427
15	7056518965	15	367438725	15	884
18	10748582651	18	994410418	18	467
18	17186183529	18	492302647	18	784
16	8297907557	16	752854549	16	778
13	9795448347	13	1062843646	13	921
19	9947960690	19	790908951	19	1111
19	6218551970	19	251704105	19	901
19	8178097563	19	1050389612	19	841
11	17223921827	11	1547455726	11	543
23	19373017501	23	677373570	23	703
17	10592209655	17	1047623302	17	1140
21	4272514848	21	312453040	21	501
19	7247426945	19	679986725	19	769
16	6907748374	16	368182797	16	632
21	12365465701	21	991762527	21	983
17	6000481101	17	379248174	17	1005
18	8262047174	18	431891494	18	830
20	11769822455	20	491006241	20	836
25	5935530222	25	438036821	25	1058
24	17041644870	24	1117879472	24	1132
19	12055770327	19	861886885	19	563
16	4345952150	16	496560724	16	67
17	8817296590	17	802512674	17	717
17	8567955334	16	867457883	17	604
14	9972775292	14	804158419	14	568
16	6327314721	16	746190597	16	999
20	7518350108	20	617523341	20	1085
18	11130748532	18	875288725	18	1073
29	17880725231	28	863431273	29	1149
16	6762042696	16	809615235	16	298
15	17490873773	15	1193755859	15	1035
19	5363116491	19	621687257	19	1010
21	10358044560	21	242577768	21	696
12	6813050336	12	931874781	12	304
23	9956684772	23	867321920	23	759
16	4789344663	16	979126154	16	854
23	5521757888	23	862130879	23	901
14	6026605184	14	687918324	14	656
20	6547339019	20	874183192	20	1108
26	14166693784	26	494567503	26	926
15	5005015720	15	867724168	15	841
18	18637005207	18	812344884	18	688
19	7255470346	19	1238327001	19	113
15	8681463333	15	860125698	15	983
25	12978844204	25	1114334366	25	799
18	6051231458	18	675712722	18	687
25	6342884857	25	1047651294	25	780
26	9153959318	26	860148256	26	1058
11	6629545743	11	1012345510	11	515
20	6832702406	20	675613788	20	1067
20	5216074814	20	307794723	20	570
18	8920995379	18	811220077	18	891
14	5955375157	14	816816562	14	867
16	12682365559	16	1349787158	16	430
18	8973332559	18	1309048260	18	825
21	8421128490	21	1195097875	21	894
17	10676661584	17	1297517269	17	480
32	12665929901	32	307648030	32	779
13	6566700582	13	244531937	13	939
19	3788228124	19	556898658	19	621
20	3424691584	20	435764201	20	789
18	5398075915	18	1111596049	18	821
15	6213978641	15	864709439	15	1180
19	12234136516	19	1373315586	19	620
19	5324027253	19	618977423	19	577
20	11503644312	20	683711413	20	700
25	10314745825	25	800460120	25	1224
17	8416820624	17	556535938	17	534
24	12277466815	24	919945543	24	855
27	21870069967	27	1220756649	27	714
12	2311612978	12	553444582	12	338
16	7710678836	16	740974710	16	886
13	7083093691	13	1106440614	13	316
21	9366304230	21	1249354955	21	655
20	5354529693	20	872757148	20	1174
25	13715954304	25	1246046405	25	1018
22	3698932918	22	187571080	22	903
15	6564710328	15	923788078	15	554
21	6544917338	21	810709507	21	1075
15	11145724334	15	245410376	15	720
16	14153099512	16	1620031512	16	694
17	6187607053	17	619266358	17	809
15	11913782669	15	1174350762	15	1105
23	5711191242	23	242790369	23	928
16	8562592787	16	1494639654	16	742
20	8149110550	20	742812314	20	701
21	6655401088	21	800252467	21	866
29	9285142708	29	1107337584	29	743
19	6481536480	19	438639898	19	415
23	8920165915	23	726784987	23	969
22	4336286385	22	498101448	22	665
19	8542715015	19	610397874	19	481
13	4181744206	13	804713602	13	736
22	9766248749	22	621067959	22	610
11	10269868397	11	813587578	11	754
14	4930061218	14	803474952	14	709
19	9710913268	19	926413025	19	734
22	6522817457	22	304836247	22	928
23	6960060662	23	1108252241	23	1308
23	5794506280	23	617938628	23	1221
20	6061247388	20	628684253	20	1019
18	4494237512	18	434390993	18	896
22	8031890949	22	745290809	22	706
15	9973690684	15	497660130	15	748
12	3727053058	12	191093607	12	620
15	5966453658	15	621475426	15	278
17	4315488834	17	677482671	17	367
25	13698668707	25	628551270	25	1370
20	6725685032	20	679025373	20	905
22	0	0	934865622	22	7
20	8441333158	20	253450035	20	851
22	7673415188	22	426444667	22	986
27	15746842547	27	687632182	27	1011
17	6919994079	17	370350875	17	690
20	23487290605	20	926246133	20	651
24	11018336758	24	615372915	24	464
17	6362016144	17	868773743	17	1016
18	7434530133	18	556134952	18	755
15	4440717273	15	621804991	15	603
15	4137578203	15	612705174	15	1057
11	3813988308	11	247043542	11	1060
17	17294178682	17	862937967	17	730
18	10122792845	18	1117533595	18	561
19	8193770391	19	807644076	19	690
18	11016406855	18	1310120350	18	703
13	4045955879	13	433064530	13	667
22	10226468478	22	693103658	22	957
19	4247700074	19	306474157	19	664
26	11650102534	26	687554758	26	1081
23	10408498223	23	996773989	23	1143
23	15392194578	23	1121491699	23	777
13	11540827597	13	1050901444	13	102
20	10441428696	20	803910191	20	1011
12	3388452915	12	615053566	12	545
25	6567497969	25	1041285579	25	810
21	7254835669	21	806977190	21	781
19	7670646415	19	933381992	19	1180
24	6005304037	24	310722095	24	352
22	18444267526	22	812494648	22	880
17	5293420539	17	246006077	17	952
22	3607522610	22	246941222	22	850
20	20565039236	20	1170136604	20	1400
20	7913100941	20	1053575818	20	789
20	8102694799	20	556498125	20	859
18	6263125196	18	507995731	18	695
17	8003334823	17	797826870	17	661
16	10728442257	16	1233441374	16	926
20	5821372621	20	603476940	20	965
21	13447583640	21	742360253	21	836
16	6419358384	16	1178261990	16	381
25	8338730931	25	796867291	25	836
19	15885068708	19	249491189	19	757
20	8970664996	20	617812462	20	1006
9	10108941204	9	1433743183	9	774
17	9835574262	17	1175185081	17	922
25	6638765216	25	365004145	25	847
18	6180469185	18	550873312	18	819
23	9013160872	23	674203896	23	927
15	8930328105	15	1434169381	15	639
17	7404502555	17	985853692	17	704
27	7255578656	27	497506884	27	745
23	4797028202	23	809937465	23	924
9	10201723271	9	1173782555	9	879
20	7737250689	20	863834939	20	647
14	6839677464	14	868965118	14	957
15	7220993335	15	1109877428	15	1115
27	19020445793	27	438117663	27	597
20	5374374858	20	798666461	20	1084
28	16681660213	28	1134889795	28	739
18	6713036059	18	730268433	18	927
20	6252585022	20	790809276	20	933
15	8007237372	15	981045253	15	837
13	21839473307	13	1238729294	13	595
22	6988532736	22	924144237	22	736
21	4699349139	21	311067939	21	758
17	3146541284	17	369087727	17	635
24	12561285392	24	489747994	24	912
15	5577542938	15	1129425672	15	946
15	5255373795	15	929272880	15	689
20	9259340929	20	987935870	20	1089
19	8554682023	19	1057785238	19	881
24	6189120783	24	251362375	24	639
22	9115300655	22	916878771	22	1202
17	7496424344	17	1039454599	17	446
21	9967093823	21	920551927	21	891
15	10699396191	15	372330627	15	1022
6	19677385555	6	1223952196	6	649
25	8348198259	25	249280636	25	488
17	6364089594	17	315313184	17	733
20	6882984147	20	877216721	20	480
16	8749294159	16	501012586	16	1096
26	15156859164	26	986902108	26	1078
13	7523813387	13	1367212098	13	497
25	10545614849	25	623245711	25	890
17	12787553839	17	874996306	17	855
12	3711584395	12	801443216	12	1063
23	15868862804	23	994046732	23	850
24	7529204613	24	557371789	24	906
27	9290459117	27	756017443	27	1100
20	6674660244	20	861820415	20	1027
23	5609924170	23	750264140	23	941
15	15413424944	15	885629793	15	1123
19	12373852195	19	1602747514	19	785
8	3690092195	8	549012165	8	654
26	6911867417	26	996242015	26	1097
21	11756623718	21	925408958	21	959
21	6895515866	21	562137688	21	567
18	9981342194	18	751677177	18	1039
25	8043509095	25	624338887	25	1031
15	3848158793	15	552897429	15	381
23	5883994145	23	747330295	23	642
19	13891361060	19	1233966057	19	596
20	14694071985	20	806341218	20	916
12	3490315772	12	730242412	12	462
20	11555071726	20	249197192	20	856
16	8291763328	16	429941805	16	752
18	7046393034	18	1248499008	18	862
14	11644507706	14	1126672696	14	487
16	5247723251	16	688163321	16	944
22	10331858523	22	254701222	22	797
18	6267048583	18	371671325	18	800
16	4042203535	16	375203634	16	630
15	8345827944	15	1422644968	15	381
25	7874610887	25	495051815	25	741
21	9425093674	21	679715464	21	951
21	3465390268	21	490811047	21	920
16	12728493418	16	735320101	16	837
12	5892164296	12	368347244	12	606
23	9868270031	23	682092804	23	905
19	6393425147	19	494388332	19	731
22	11197979870	22	1060727782	22	1015
18	13380561349	18	1183798167	18	456
16	4643401737	16	558994786	16	625
17	9964006709	17	1115740337	17	964
18	9859794140	18	495990742	18	903
20	16679059089	20	738030931	20	749
17	12506716185	17	505041465	17	835
21	5416880658	21	245167095	21	642
15	4260283544	15	304401554	15	422
14	7573525489	14	312380683	14	759
19	11359437026	19	871085959	19	1115
22	10432904670	22	1292158429	22	1042
20	15508925132	20	947489351	20	1222
17	6351385686	17	379692134	17	204
18	6550052214	18	616709242	18	942
20	11108649604	20	249830931	20	583
13	8914455146	13	622269415	13	767
18	7689119075	18	1120721229	18	810
25	18758596417	25	1119102073	25	1075
26	12113831350	26	497885017	26	712
22	5742384375	22	371244998	22	703
19	4516885635	19	680133512	19	701
15	11274729008	15	554798279	15	922
24	10551835860	24	1036537426	24	994
13	6580809374	13	804070198	13	722
22	8002930443	22	737791247	22	835
22	15638602087	22	1248056909	22	450
15	10520928583	15	749125054	15	680
16	9537956940	16	700112543	16	1064
23	8951955269	23	690517595	23	945
21	8552695493	21	1060319664	21	679
22	7040284620	22	977618646	22	1008
15	7352634197	15	312741037	15	676
18	8202132166	18	1255183653	18	709
20	15499467550	20	752565244	20	1067
24	7301819632	24	1044038741	24	804
8	7111553351	8	851903740	8	482
18	9108462598	18	870638163	18	842
17	6509367691	17	492624287	17	586
22	7197561240	22	367849477	22	1293
19	3909131113	19	369601549	19	811
18	5308513134	18	249592737	18	934
32	19019551987	32	1245422968	32	697
18	3385848985	18	429428199	18	912
21	5706534680	21	374341541	21	852
19	7641934747	19	612516374	19	546
30	15122335898	30	875466879	30	787
22	4731561633	22	305592019	22	902
16	7140257130	16	876480129	16	919
15	6434268177	15	997324830	15	605
22	6236525935	22	818477613	22	1166
16	5909975557	16	1120689746	16	456
22	9012476952	22	616091900	22	1112
16	6964633752	16	745596450	16	626
22	4947363797	22	494415891	22	723
23	5887102121	23	312127000	23	781
14	6426305104	14	562751384	14	1084
14	10839889390	14	439960598	14	894
20	6058939667	20	621342047	20	705
24	11812791050	24	680157061	24	978
15	8938372686	15	544646470	15	747
25	16478936353	25	1182687479	25	586
20	10299136843	20	436419882	20	781
14	4815901083	14	616710766	14	1046
22	7832995278	22	924047336	22	1183
16	4832781269	16	439529584	16	867
12	3841610903	12	864067884	12	769
19	9380597108	19	1310839130	19	742
24	16594162581	24	1163747930	24	654
20	7149255579	20	561226238	20	850
19	0	0	1110723511	19	14
12	6231771391	12	796057318	12	715
30	9551673551	30	616267106	30	1163
12	4333615683	12	546440993	12	315
23	15234043518	23	1166046611	23	1000
14	2228992158	14	315585605	14	598
16	5264456464	16	439430251	16	863
22	12102004793	22	1429776643	22	1080
22	5833319679	22	987825031	22	965
19	6147137291	19	929158950	19	1257
21	10868992122	21	866218035	21	1007
22	8519634154	22	315296873	22	689
25	12412789974	25	1043820913	25	838
19	10210759958	19	803032489	19	938
12	3744084415	12	370995095	12	508
14	12589302523	14	1052514066	14	778
16	7437113775	16	804027149	16	1096
21	12656059467	21	1189582994	21	997
21	6842408425	21	936146852	21	1121
21	12026584718	21	1554788835	21	809
17	6043578221	17	679505891	17	609
20	12664417341	20	1103004303	20	968
21	9210866468	21	939096219	21	927
18	13531097858	18	1370366528	18	738
20	7581299713	20	931301109	20	1004
21	8564109782	21	675122169	21	713
24	16022835219	24	432478141	24	887
14	4886487998	14	497887805	14	594
13	3916198361	13	617720957	13	772
26	14017956718	26	864841634	26	793
24	10736075571	24	989665961	24	1110
21	9047452926	21	497006272	21	639
14	4906214836	14	733922756	14	824
15	7468169020	15	868991155	15	848
21	14913745649	21	731650981	21	815
21	5140600329	21	499925858	21	463
18	3118743901	18	371894171	18	698
9	8705378605	9	1042014387	9	508
18	8357050762	18	990667959	18	1086
18	13249203250	18	755722220	18	1041
9	9824702415	9	1358645559	9	653
14	5293912688	14	539766915	14	1037
15	25909368030	15	1108320287	15	1038
19	11137372847	19	308749531	19	899
16	4011893579	16	253479609	16	485
21	11659225238	21	1181243466	21	773
13	6192426510	13	811225758	13	250
15	5570094512	15	369964684	15	796
12	10867604624	12	1119171113	12	561
15	3046249597	15	378476494	15	780
23	15201150758	23	1117067046	23	448
23	13586618795	23	931708926	23	859
24	15161682916	24	1297250144	24	698
23	8612978969	23	314195832	23	932
19	7310198905	19	562192814	19	309
25	11166004391	25	930648605	25	759
28	5789772593	28	572534571	28	614
16	12173663811	16	620371918	16	1073
20	9823109958	20	869376957	20	533
19	5974849709	19	935494498	19	772
20	13477135548	20	1190521653	20	957
11	7808861822	11	1114893607	11	832
19	13673247630	19	1120527113	19	695
21	4918744124	21	432276939	21	554
22	4555136819	22	438009885	22	778
27	20427506564	27	861345718	27	620
25	6383443146	25	920803314	25	573
10	4247320965	10	1053800868	10	440
21	10856034191	21	629931582	21	991
20	10587491015	20	1238330033	20	990
21	13917652964	21	241794002	21	695
17	16984086975	17	689364752	17	852
16	10723009874	16	1681121041	16	620
18	11028868107	18	674615129	18	843
20	18691397138	20	931257075	20	966
21	20139689435	21	436104459	21	944
21	13709777519	20	491413420	21	1086
17	3505524741	17	620855986	17	813
21	16938803056	21	1362559313	21	697
16	9687259597	16	1172097818	16	769
20	10962616574	20	1545190059	20	880
21	12421122271	21	1622345562	21	541
19	3506428464	19	431958301	19	606
12	8393230032	12	988594811	12	839
24	8950522873	24	927370184	24	894
26	7986823770	26	1235480846	26	1037
26	9355575134	26	994275904	26	1017
19	13789558700	19	930863215	19	752
15	7581598488	15	803734129	15	860
16	5696723706	16	625097462	16	1072
15	26135855586	15	311159297	15	985
22	11030461163	22	617820020	22	589
11	8896104311	11	1183641289	11	983
21	4048152883	21	499963938	21	655
19	8180759876	19	372426177	19	432
11	4179902485	11	492485828	11	729
20	7635978175	20	560670703	20	1063
19	8946161991	19	807804769	19	186
22	15106553670	22	866440002	22	556
20	3173668681	20	368609834	20	762
19	17723447894	19	932418592	19	548
21	11386726486	21	944303061	21	658
18	7461934689	18	677866179	18	482
16	15118596120	16	541891656	16	695
27	6304138756	27	436106508	27	726
24	7679865380	24	885243490	24	932
21	8965831707	21	989188069	21	785
14	5215043064	14	931353341	14	562
25	8315593472	25	808575022	25	856
13	4934944778	13	1063297564	13	569
15	4777207497	15	803852143	15	721
18	5924120679	18	1131932516	18	544
10	6787836594	10	933430728	10	644
21	7528720044	21	928056160	21	1120
17	6225298242	17	679439786	17	541
19	11095921291	19	1242708786	19	978
13	6616183807	13	995548089	13	507
25	4392309028	25	310700361	25	816
14	6083962158	14	1309049624	14	676
22	10041413357	22	366406232	22	978
19	7882444306	19	862388767	19	329
23	6696448327	23	603756102	23	770
20	12653350422	20	991251828	20	927
19	17722505185	19	878401772	19	1220
14	4960259209	14	808269242	14	476
18	8362684055	18	926928181	18	1190
29	16745216305	29	741634128	29	1121
21	16862194171	21	872386610	21	609
16	5849706885	16	929304252	16	649
24	9276379107	24	743701765	24	967
14	10490130867	14	926489223	14	767
24	3437773407	24	245188143	24	1015
21	7560982002	21	493171343	21	952
19	7250560877	19	617873715	19	547
22	7993981774	22	554224416	22	1087
22	7442960677	22	723581582	22	795
25	5863176853	25	624863244	25	909
19	5494916317	19	1051048325	19	1010
31	12593091637	31	987199118	31	1095
17	4627570401	17	558619232	17	350
26	12049869891	26	792365032	26	1002
19	5894671733	19	737639940	19	1036
17	7635517147	17	430998727	17	542
18	5961802874	18	1117966662	18	509
28	7440775229	28	249456422	28	933
16	7442705774	16	942968127	16	749
19	4364530754	19	680338647	19	515
12	11728321102	12	994079040	12	446
22	13020342061	22	1110881863	22	1270
12	8605345488	12	934169925	12	593
25	6141736065	25	815637831	25	967
24	8484212218	24	436882451	24	868
30	9044600336	30	551720976	30	1074
19	11319414561	19	1361460797	19	903
16	7907917469	16	1033610307	16	831
17	10872501665	17	1232593693	17	815
16	10716439368	16	1106659380	16	1255
16	12986880608	16	748861818	16	923
12	8778360836	12	1104836345	12	631
23	4527190174	23	426897891	23	795
17	6216760562	17	988635182	17	583
21	8033991447	21	1122694785	21	906
23	7102777473	23	1069071867	23	946
16	10052991041	16	1219603653	16	908
18	6219246787	18	243877041	18	838
16	6560094835	16	679563746	16	953
27	21338091592	27	1005644780	27	823
22	12175419490	22	1042293451	22	849
18	7300601493	18	805057926	18	908
17	5865375727	17	428469286	17	934
20	3864507169	20	190939892	20	661
22	5437445646	22	561462595	22	464
19	3975596113	19	438632896	19	900
27	25098756936	27	1051983494	27	1327
22	15777211064	22	993060664	22	951
22	4952060565	22	865887222	22	955
25	24537783390	25	920757342	25	599
19	9296691038	19	493537981	19	521
19	5054777638	19	304206546	19	728
20	22684268022	20	1611451384	20	700
21	8899928738	21	924431576	21	1093
18	4910683216	18	675202277	18	725
15	5063008419	15	795147246	15	825
26	7931146888	26	482599933	26	763
16	8098721939	16	376812264	16	468
20	0	0	562846904	20	5
16	7461444719	16	432394375	16	811
17	7510817982	17	1123477006	17	410
18	10548381270	18	981256704	18	881
19	5808833864	18	1729263932	19	143
20	6364876618	20	487457995	20	934
18	8005211285	18	940962313	18	1159
16	8704880974	16	744910278	16	500
11	3486829039	11	250686023	11	633
20	4659479112	20	555445014	20	732
13	7899754089	13	1059530985	13	586
23	9876475212	23	751112978	23	598
17	5052115266	17	490582393	17	897
21	3522069375	21	808446279	21	376
13	7831752446	13	504607718	13	465
18	8166178500	18	808023141	18	787
22	11640144103	22	310785100	22	744
20	12323947819	20	878725257	20	669
21	17918352528	21	1118960162	21	853
29	13593087236	29	555405512	29	996
18	8345383725	18	551690682	18	1078
24	8725365371	24	553695150	24	921
14	7991733337	14	992637881	14	555
15	7848978672	15	931573628	15	235
25	13718916498	25	737835921	25	987
15	10377963666	15	563119984	15	695
17	6223921703	17	743573678	17	601
17	17898130406	17	1051979272	17	998
18	15240997982	18	1004070315	18	682
21	26967329357	21	984249207	21	1152
19	4925174375	19	877549964	19	1328
24	14398091014	23	1481668484	24	931
11	9632781559	11	866112165	11	930
20	14254250992	20	363149562	20	765
14	8819015261	14	1045760890	14	1020
23	17039621920	23	625654985	23	804
12	10131492235	12	860209792	12	963
17	15505780849	17	1450675220	17	504
21	8796430754	21	1186969772	21	854
18	4308197583	18	627461481	18	553
24	5056753086	24	507998390	24	625
26	9349654158	26	987672359	26	1229
17	21095163926	17	875383795	17	964
24	11974720289	24	1184310813	24	981
21	4317099445	21	373190728	21	936
14	15728972139	14	1237344858	14	615
17	9080784096	17	620401743	17	801
17	4612790644	17	429117817	17	597
20	11172550587	20	1231221426	20	575
17	8393083675	17	867606132	17	1020
25	9738196534	25	255196806	25	593
24	10289495544	24	561071150	24	740
18	7417707917	18	608060447	18	833
22	7646123952	22	1163627193	22	1077
13	9068765814	13	1117634929	13	862
14	4377007607	14	735077069	14	1137
11	7743999246	11	611921753	11	828
17	11284241484	17	180573498	17	622
12	4929330095	12	620298406	12	555
22	10955646744	22	1176898506	22	893
13	3226896158	13	677827838	13	656
23	9531962923	23	491386360	23	1047
9	1408668069	9	306616147	9	280
16	8558526236	16	1060995952	16	948
29	11282730264	29	809975362	29	693
22	10224855452	22	1231880917	22	1065
23	9471061152	23	675226670	23	770
15	5506973720	15	619609719	15	1155
17	5663031263	17	811549467	17	746
15	5193275464	15	1001966402	15	705
22	17625710807	22	435434310	22	762
17	7292104094	17	1419130823	17	454
11	2295529514	11	620429194	11	21
23	8314529751	23	437670255	23	642
18	16265057879	18	1243268310	18	443
19	6758793574	19	488495045	19	350
17	15987481289	17	1241696604	17	793
17	4333178875	17	862038199	17	709
17	12037233454	17	248814816	17	776
27	9790951113	27	431654147	27	613
16	12294077498	16	688803784	16	850
28	13104081331	28	684758209	28	665
10	3769470807	10	372169993	10	667
17	3266303341	17	241883584	17	810
14	6676606240	14	1179691160	14	720
16	13523065044	16	1421914248	16	516
26	6133521734	26	482912841	26	1061
13	10917691070	13	1422949537	13	708
13	4879331738	13	791792197	13	849
18	8060591501	18	625290973	18	903
18	5939113241	18	559482624	18	972
25	18901564766	25	1307046560	25	1188
17	4862191740	17	728358281	17	670
21	5307248002	21	1003575379	21	685
18	24740740893	18	313480207	18	977
16	10175503785	16	1043522146	16	1054
22	7931461860	22	495641514	22	990
25	6321756417	25	684705837	25	1171
23	5268351144	23	247287450	23	771
22	8967052727	22	920980852	22	908
12	6259832644	12	929408897	12	909
17	6275113513	17	1319836075	17	598
19	8563657855	19	1120201567	19	449
29	23813116307	29	1062295023	29	744
31	14582967203	31	1037847647	31	684
14	11829741265	14	1046754169	14	751
17	8590271550	17	1109558999	17	906
17	2870215904	17	373103417	17	568
24	19547726149	23	1494232459	24	1049
15	6378958524	15	629022013	15	811
17	7205708141	17	1113121054	17	907
18	9782043635	18	679116854	18	601
23	10231539574	23	559968009	23	1054
15	7365777163	14	1292220278	15	707
20	12237347349	20	622348560	20	536
23	15270477318	23	620778996	23	879
21	8285384638	21	560540266	21	886
22	9977301442	22	1554148844	22	1366
30	12773120559	30	1100896661	30	880
20	11205104795	20	1173018138	20	735
20	4267032232	20	620819454	20	766
25	21823967567	25	1039204387	25	1017
12	2058624926	12	250371563	12	118
15	6208462546	15	1051708407	15	663
26	10150430833	26	1108247767	26	647
19	10370886632	19	997098532	19	683
15	18524104568	15	928872742	15	571
21	13395323814	21	302363203	21	1021
19	9854790398	19	1110595678	19	928
13	6855897466	13	1059433622	13	780
28	8647516485	28	1173188468	28	611
21	4928819126	21	489961324	21	634
24	8636534339	24	618471642	24	861
20	5768837536	20	1127626586	20	925
15	3934529815	15	372382357	15	531
17	7150927758	17	739923773	17	713
18	3179591673	18	243907182	18	1110
14	4458578633	14	784936965	14	448
15	7488973892	15	1180169072	15	782
23	5246658114	23	631729018	23	1030
24	9397071799	24	1490901335	24	327
18	6572592567	18	307739618	18	656
15	8221359846	15	182006277	15	867
21	10996624592	21	746246637	21	850
14	9783699918	14	985361791	14	1168
22	8993981563	22	1369635258	22	767
17	11915746932	17	1058530143	17	816
19	2925699493	19	191966309	19	814
15	5605283774	15	616262833	15	583
23	9446612335	23	1062851648	23	539
21	4961881879	21	299427581	21	694
19	19026462051	19	1218032497	19	1006
24	17304914569	24	1311368487	24	1215
21	8002499171	21	928717348	21	878
24	4860309117	24	312042316	24	831
11	4363944156	11	674596202	11	51
23	13889371697	22	1491401971	23	524
23	8629296541	23	920398577	23	1014
16	7868745692	16	492268632	16	1029
20	9565139978	20	988952731	20	946
19	10637093341	19	1119569946	19	681
21	6762905101	21	736244881	21	635
26	8092094561	26	748492284	26	783
23	9031359816	23	991668383	23	1280
12	7730759356	12	856803908	12	626
14	8265580278	14	628953745	14	796
24	7979300674	24	932860809	24	1083
18	11271409249	18	1063225441	18	768
19	2412941712	19	183554232	19	891
16	8470248827	16	491352036	16	449
15	5998769522	15	991345404	15	552
17	10868706848	17	672589243	17	1020
26	9140757207	26	1071008809	26	1117
25	12612219816	25	1125654492	25	871
13	6223193347	13	554544107	13	453
17	9529065709	17	739304205	17	701
9	10208491299	9	1121172311	9	965
27	12725373882	27	1183824490	27	1166
17	9116678528	17	561579308	17	1099
17	9876090414	17	978838704	17	823
18	6795967083	18	1237341095	18	959
22	6113243078	22	754946371	22	604
26	15315421319	26	875523558	26	953
21	10410644944	21	991524077	21	1177
29	13373221538	29	1050429320	29	838
19	8398292559	19	867291478	19	352
23	17075738727	23	556795143	23	933
27	8313974634	27	379113350	27	1010
21	10683106142	21	860379621	21	861
21	13562384873	21	944742852	21	949
14	7851064553	14	626822574	14	829
18	3884173226	18	504639087	18	435
19	7085169868	19	250185520	19	833
18	13431954614	18	1621479452	18	1117
22	5739046113	22	246545817	22	913
19	11922816541	19	1179382538	19	787
24	24706884637	24	865985075	24	775
16	4257158491	16	739733051	16	755
18	7625852732	18	1173062614	18	637
10	5173241000	10	561131558	10	616
19	7589302656	19	819702368	19	880
17	7466447134	17	561043645	17	690
26	10477073256	26	1361214415	26	1094
26	10249301800	26	793006825	26	1169
14	7444465097	14	977315596	14	551
20	11807662227	20	496091973	20	926
13	7289343583	13	1250469941	13	651
23	4159507940	23	501456363	23	900
18	8656500238	18	1301296426	18	1209
16	5153010348	16	1050449830	16	49
18	9782129621	18	801065061	18	1031
13	6855895983	13	1111660597	13	990
16	7537513638	16	188625011	16	686
22	12142483242	22	733158696	22	888
20	9269498032	20	559509755	20	678
13	6821578164	13	566374318	13	687
18	8599351311	18	1362159582	18	796
20	10432190217	20	1044741169	20	735
19	8976005120	19	871102355	19	1064
29	12944373469	29	745614648	29	1036
18	6604242910	18	370784788	18	717
18	8492768217	18	1058044752	18	1188
18	7663062375	18	978379896	18	1312
17	10989981315	17	1041248792	17	707
13	2469640720	13	308665878	13	481
21	7731025886	21	994956881	21	1098
19	4110678151	19	563562988	19	780
23	13390682662	23	694515069	23	626
12	5926765891	12	312203096	12	340
27	11369425468	27	865930492	27	331
24	7453311777	24	868531322	24	1223
19	10490240553	19	1048229301	19	1301
10	3271686427	10	502921343	10	635
15	6291861540	15	687585412	15	616
17	13432234865	17	1116684829	17	972
18	4653040997	18	566250420	18	779
26	21125854762	26	1300802314	26	748
25	15141464450	25	564981556	25	688
19	12286393481	19	1314356425	19	984
21	0	0	682903740	21	5
17	3104022325	17	430601291	17	1086
11	8712917517	11	1671360468	11	360
18	5543338131	18	689521847	18	1134
17	4472302057	17	613009233	17	844
13	4350534006	13	613504267	13	1019
18	4765715838	18	306448838	18	968
22	11920052727	22	1477161379	22	713
15	5435590105	15	1122549335	15	935
10	5554707884	10	496836929	10	574
29	6528518633	29	247065129	29	668
19	7597239309	19	489238966	19	843
24	15829431582	24	1000737589	24	1365
22	5601713690	22	430359237	22	930
18	6211941673	18	924146820	18	915
27	20534118978	27	1240303558	27	957
18	2980523779	18	372372967	18	722
15	5206679830	15	554737301	15	826
15	8658245518	15	1241372715	15	594
22	3719074997	22	242855274	22	830
12	9754489445	12	920410057	12	748
20	12247841639	20	1241692387	20	926
24	4950367925	24	799376918	24	910
22	6616914945	22	435930816	22	978
18	8843233295	18	940887471	18	1048
17	13089760196	17	1247374686	17	722
18	4361204692	18	369234015	18	546
18	10148658092	18	734052602	18	606
19	6962883175	19	627345196	19	831
20	10019897550	20	1370801143	20	489
23	15050905645	23	985193303	23	667
20	12809298952	20	936352069	20	991
18	5101819921	18	614225819	18	873
22	5415668803	22	245293597	22	681
24	12374935421	24	1047935843	24	866
21	10140550483	21	493256378	21	667
16	4621599161	16	681065574	16	723
24	12010653831	24	804339038	24	575
24	14045372592	24	872792084	24	826
15	7890233868	15	736579134	15	582
19	10789691133	19	1111690860	19	1010
18	13574281062	18	1367437863	18	409
22	10187235841	22	1118760292	22	1073
18	8045760829	18	435922025	18	681
22	5725177604	22	489650741	22	1033
17	20007436185	17	915152436	17	622
15	3891825997	15	249400226	15	633
21	7815556982	21	489952201	21	938
22	20306356668	22	1504620972	22	714
27	8434340548	27	932592407	27	385
11	11097970920	11	1355321932	11	638
15	4849508963	15	810785051	15	492
22	10451599011	22	244927297	22	681
17	4537245905	17	986190581	17	612
15	4861092874	15	489479111	15	682
21	9417211908	21	1051160283	21	1264
17	11623179437	17	1239664090	17	868
17	10334004464	17	998821965	17	1209
19	6297474180	19	305759073	19	822
16	5853393883	16	798898394	16	1089
25	10625443216	25	626681809	25	955
27	10962113927	27	1057554720	27	1373
21	6385212768	21	558531822	21	666
15	11484534606	15	676325531	15	646
18	5540471679	18	926354855	18	784
13	7805215571	13	612083677	13	490
21	7651059288	21	1356233217	21	1290
17	4294589108	17	817172931	17	44
14	11023420287	14	739005249	14	478
24	5108457513	24	497556700	24	1155
13	11972465765	13	872287935	13	1002
19	5877663377	19	565335479	19	584
25	6179241681	25	564778984	25	773
23	0	0	1222668614	23	29
18	10181474593	18	884473061	18	821
19	3798231984	19	252595990	19	777
18	7677151574	18	366550318	18	649
19	10528372621	19	745043565	19	859
17	8914653501	17	319647552	17	1009
18	4022837013	18	427409123	18	805
12	10420616027	12	685526172	12	357
20	10538471996	20	316743676	20	833
24	13241737127	24	1416998221	24	1141
19	7885450035	19	1503294832	19	767
23	12653715983	23	241643027	23	740
21	5468208396	21	814340444	21	771
17	6185700107	17	249556975	17	553
15	6334536730	15	1167548945	15	1146
19	4862313157	19	305083643	19	915
14	6219017919	14	921530799	14	934
15	9157720177	15	797699048	15	376
16	4744894720	16	693331861	16	924
18	11512381838	18	1249570210	18	788
16	6069985247	16	815862776	16	1048
22	12997607436	22	1238747480	22	784
19	12672597132	19	744834019	19	1000
12	4470857834	12	251671993	12	481
17	10003226036	17	1117888757	17	1182
12	9777248162	12	1492642858	12	708
18	3558935205	18	188212254	18	1056
13	6712224690	13	491470359	13	801
23	15299646923	23	307148957	23	557
14	7249406258	14	673629591	14	410
28	11048141959	28	620672951	28	1233
22	9249618402	22	740599064	22	1341
17	11256191140	17	934329458	17	866
14	8252125843	14	179558053	14	1022
15	6806417431	15	373302239	15	669
29	10137947603	29	866308648	29	854
22	9750486032	22	491435961	22	856
18	7744511187	18	873813378	18	943
19	10871269898	19	994701203	19	1040
18	13253670360	18	991731605	18	884
17	7892169748	17	931179163	17	914
17	12186745923	17	820606345	17	239
17	7123758521	17	1657012755	17	622
21	15635969008	21	1218388324	21	891
15	5151013709	15	684274671	15	858
16	16429243993	16	1054086672	16	665
20	6778870393	20	1234574512	20	901
27	5298787073	27	372049197	27	883
23	14807885594	23	1237363995	23	666
19	6008650042	19	687951259	19	965
24	5268924797	24	991602478	24	766
24	11086134238	24	746335918	24	1051
17	10611239541	17	749607793	17	695
21	5621879476	21	431944929	21	689
18	7532276972	18	863058096	18	849
20	9019657715	20	1046161748	20	1032
17	15413431483	17	813088506	17	815
19	7552868450	19	799275376	19	1076
22	9297102231	22	926741703	22	642
17	15241395459	17	739361259	17	880
18	7972270799	18	549689795	18	598
15	10236065375	15	1369602911	15	722
17	6297035674	17	737364365	17	618
20	8267353532	20	862859773	20	855
14	6056648772	14	735417478	14	1229
24	23833228515	24	184887778	24	893
17	7663320318	17	756439233	17	1031
20	16790352671	20	921516061	20	677
16	2764080071	16	252248132	16	512
18	10464174057	18	853329819	18	1090
17	17957544889	17	1226948221	17	1228
19	8003604006	19	431457578	19	847
22	7603634835	22	428425600	22	1186
19	9483470853	19	611978515	19	533
23	16664736481	23	745020136	23	1062
13	6883467401	13	746722751	13	911
20	12140675388	20	438649876	20	1214
21	4574449751	21	317477040	21	952
15	3925543620	15	246472752	15	972
15	5517277230	15	746989687	15	1009
22	14695873889	22	1180086150	22	642
13	7647537443	13	1132888117	13	401
20	9664555275	20	1115005255	20	1136
25	12351673965	25	992824194	25	1100
12	6604740147	12	1301444664	12	620
14	17395458539	14	818522063	14	530
17	7868763589	17	932909630	17	897
25	17353140071	25	1298786892	25	1277
17	9939399797	17	1361366625	17	957
20	8907337737	20	798610021	20	737
16	5069884055	16	687123218	16	807
25	11197268735	25	1247600147	25	961
20	11602928710	20	1000816221	20	594
21	14025196463	21	853940729	21	1083
21	6520594595	21	372365837	21	902
17	5448960375	17	434945461	17	1093
25	14863874239	25	988014741	25	1362
19	4951996114	19	365413736	19	608
15	5289337202	15	738804117	15	414
18	6406019782	18	937305738	18	701
17	8707101287	17	377328432	17	707
24	9808715580	24	983398646	24	959
29	9996160925	29	249674003	29	839
10	10077023247	10	1287773333	10	422
27	11982556117	27	253349915	27	672
25	9454256020	25	682518525	25	1075
20	11065326819	20	368164322	20	683
18	3779052170	18	623707573	18	708
23	9379523041	23	373489604	23	922
20	13854516022	20	619974240	20	1040
22	11805010539	22	796468134	22	966
18	9870111014	18	997858647	18	625
21	9592887243	21	982765629	21	686
13	8707689304	13	1111340740	13	855
18	8653906251	18	498098360	18	659
24	12550726276	24	753720374	24	1074
24	4958224396	24	988812646	24	726
18	5641161683	18	735800543	18	822
21	6125998592	21	801928073	21	647
26	6264773169	26	378260234	26	893
17	3529448471	17	628147195	17	808
17	8923036067	17	1297266211	17	628
19	9002581403	19	551920733	19	668
17	7379878970	17	989307820	17	836
17	7190947989	17	434551933	17	586
15	15397608499	15	1054766155	15	677
20	3847192798	20	245533777	20	868
21	9715245056	21	1361259829	21	586
23	8996891407	23	489709735	23	780
14	9255754278	14	1182769528	14	336
14	5519186326	14	550434958	14	769
32	12399024366	32	558491660	32	1009
22	10108468223	22	927775777	22	999
18	4777301200	18	555975468	18	716
18	6632755020	18	752502479	18	780
12	4791179929	12	933761496	12	378
17	4569970853	13	882510154	17	88
23	13040075133	23	440710579	23	855
20	14604442388	20	558606165	20	915
10	9866969384	10	1106048113	10	106
14	8716930497	14	495952229	14	569
22	7689481832	22	1309456495	22	808
21	3773944670	21	428013328	21	870
20	11109863502	20	1245004815	20	865
19	8519183379	19	1103953384	19	548
17	0	0	691179105	17	11
23	12732707027	23	795819137	23	994
23	24104309395	23	995618866	23	939
13	5769652986	13	923960651	13	738
26	11116999966	26	426837560	26	660
16	4091840739	16	750495223	16	671
27	6913502440	27	310971445	27	703
11	4838995425	11	254852384	11	839
19	8541098605	19	981371398	19	945
11	2721637599	11	429233073	11	530
17	7152113650	17	818252306	17	1055
21	11077335380	21	1436282093	21	906
22	11004635325	22	688702396	22	1076
