6	1021056361	5	557584601	5	6
2	61747789	1	59996830	1	5
4	509101485	3	121735501	3	14
4	544535470	4	377721322	4	6
2	127065227	1	64923915	1	8
6	680874637	2	434537956	5	7
4	742086804	1	308833282	1	13
4	184663699	1	117505954	1	22
4	789654030	1	432163124	1	5
4	1357442381	3	1056451045	4	9
2	437456947	2	121002619	2	7
6	1997299739	6	244112562	6	77
5	554206946	4	125557941	4	35
7	3114821199	5	558463022	7	7
4	363385074	1	124553430	1	2
7	3378899932	7	564943996	7	177
3	63938463	1	62914639	1	6
6	499431331	6	245025525	6	5
8	3111589109	8	250140634	8	243
4	314303895	3	182315758	3	4
5	548335180	1	248567881	1	41
3	183373220	2	183944214	2	5
7	362497128	7	191537473	7	5
4	986277305	4	187007465	4	21
2	432115036	2	376895706	2	8
2	428713873	1	309005300	1	6
3	739481416	3	246624916	3	12
4	2176007087	4	863689375	4	32
3	194058510	3	59854433	3	3
2	1596964859	2	243348592	2	5
3	0	0	190897996	3	3
5	556081253	1	433646078	1	4
3	737769966	3	558621643	3	9
7	1060377745	7	568400878	7	10
4	59375534	1	61395222	1	12
3	243720552	2	122098086	2	4
5	802838707	1	553364866	1	6
5	562231555	1	559503572	1	3
4	1128754598	2	298627329	4	3
1	0	0	926414667	1	2
1	0	0	690755558	1	4
4	944861803	3	504138529	3	12
6	189448396	3	129912041	3	3
6	748429625	6	310119168	6	47
5	1738446879	1	372438315	1	4
4	861697609	4	684074565	4	18
6	426653194	4	245580787	4	37
5	860586249	1	688301833	1	54
6	247910342	2	186211201	2	3
5	437459293	5	247017560	5	4
4	260500682	4	186142166	4	3
5	3815587745	5	310675389	5	23
3	561309123	2	249675020	2	4
10	2588100418	10	247074107	10	57
5	924380621	5	251051524	5	191
3	122390831	2	59250130	2	3
6	1897574501	4	688291530	4	30
3	243049803	1	187909798	1	15
7	1171712491	7	185711230	7	174
4	431453060	4	128574160	4	5
4	435198620	4	372089542	4	2
5	547930767	5	186407440	5	16
5	1185071127	3	876377669	5	9
6	430595525	6	125602949	6	6
5	420378105	4	188503408	4	9
4	301590703	4	252252383	4	5
6	309243376	2	183877640	2	3
5	2622388733	4	305509252	4	53
3	240250784	2	128761591	2	2
8	614897114	7	239857453	7	67
2	811370420	1	617447165	1	10
3	808139143	3	244964569	3	8
7	933705798	7	250003896	7	9
4	823898879	4	371315912	4	44
4	184128837	3	187047308	3	1
2	949462286	2	188768149	2	5
5	1769306278	5	495254351	5	26
4	571380367	1	242193495	1	35
5	442667295	4	312011648	4	68
3	250015646	2	182821993	2	2
6	628366102	6	375450721	6	9
6	188273111	3	126165991	3	2
4	309380106	2	124482043	2	3
9	2682911103	9	378100666	9	263
5	189573057	3	121301305	3	2
7	1121403434	2	369979646	2	8
4	1115326964	1	374428368	1	19
3	681556250	1	243818064	1	68
2	304607658	1	310999625	1	15
3	492160611	1	442502255	2	13
2	2563412616	1	562210411	1	48
4	265490392	4	119940253	4	8
3	484823515	3	248476190	3	26
9	1949864998	9	370884447	9	10
4	632264922	4	312291532	4	101
2	124586917	1	62328054	1	5
2	2793674459	2	859342410	2	10
3	182988109	3	62330126	3	8
4	571380367	1	242193495	1	35
3	247750814	1	187704484	1	12
5	370730607	3	122222059	3	3
4	562697390	1	245500809	1	21
4	682565794	4	305759264	4	46
3	301226881	3	186390686	3	7
6	633592287	6	190010044	6	57
5	746100468	4	314005299	4	20
5	64977265	1	319347070	4	9
4	303537545	4	122864943	4	5
4	2205226935	1	367353761	1	4
3	3167300994	3	492051346	3	16
4	507188269	3	123112530	3	5
2	124660329	1	128168977	1	4
2	64251413	1	59131828	1	1
5	0	0	248551762	1	2
7	0	0	800398832	7	5
4	760228594	2	434766641	2	16
2	1055669171	1	680810838	2	9
4	1520388053	4	670846923	4	8
2	64546674	1	126543824	2	3
4	242365707	4	125526845	4	4
2	987310270	2	616259067	2	13
3	939883316	2	431504379	2	23
3	2670624117	3	742660813	3	34
7	313513841	5	124780092	5	4
4	1503826118	4	674771923	4	29
3	0	0	621564092	3	7
6	373377211	4	185497249	5	7
2	1102078006	1	624367656	1	93
2	59493614	1	58620694	1	1
5	1810768618	5	431520401	5	8
5	3101407237	1	366453201	1	10
4	322137655	2	124142816	2	4
2	366737416	2	124769853	2	9
4	747005287	4	245729937	4	8
7	630440998	7	191997104	7	12
7	495148915	7	248880747	7	23
3	127463230	1	65350462	1	8
5	870718928	5	489335092	5	40
3	1365702245	3	1049064873	3	4
3	976182229	1	553994273	1	17
7	240598887	1	123139190	1	3
5	310031753	3	125373325	3	15
4	0	0	370576279	4	1
2	429822123	1	312475465	1	8
1	182156931	1	58849618	1	4
3	190089553	2	122788043	3	7
1	872556369	1	559725861	1	3
2	486828196	2	431371684	2	6
2	571091484	2	431723806	2	5
3	65214948	1	60867066	1	33
4	375766351	1	126275759	1	8
2	379086262	2	185940733	2	5
4	120818521	1	61051590	1	2
6	657503364	6	441991866	6	4
3	651431446	2	257747990	2	4
4	1047135711	4	613356354	4	11
6	2797053270	2	615806691	2	4
4	734770464	4	250038132	4	6
4	430423887	4	122222587	4	38
4	366596532	2	307861655	2	3
3	306871515	1	245265572	1	5
4	256134681	1	64619440	1	5
3	371166934	3	370500777	3	1
4	256796550	3	129491964	3	3
4	3253630247	4	739497539	4	40
3	929247377	1	427406684	1	15
3	748839428	3	373907996	3	46
4	767311024	4	248131366	4	52
4	1599927884	4	432249773	4	50
4	244356234	2	122375411	2	5
6	1039108650	5	377435903	5	13
4	678234654	3	126254371	3	26
5	2463642996	5	313580024	5	14
5	1065390060	5	435230753	5	15
6	311653112	6	245269759	6	57
5	937513047	2	251601782	2	6
3	2542312171	2	868788716	2	10
2	122243222	2	127739975	2	1
8	1154008655	3	921565641	8	5
4	1553890019	4	924192516	4	7
5	494442957	5	253598154	5	16
4	925558496	2	748777774	2	6
2	186421533	1	124049195	1	14
4	182337428	2	183503259	2	5
12	1481168682	12	314187338	12	231
4	64239780	1	61019767	1	7
3	751868466	3	247369474	3	64
3	913465726	1	440253464	1	15
4	247505254	3	127900635	3	92
1	857645933	1	190221190	1	12
2	245956764	2	120204818	2	11
5	599262659	5	245613557	5	26
4	539727781	2	308194560	2	35
4	627352606	4	309273408	4	11
4	250073797	2	61657486	2	6
3	124480222	2	122913251	2	4
4	502498387	4	244884364	4	15
4	1108609704	2	558500354	2	135
3	1245737482	1	813875236	1	4
2	936269647	2	692581549	2	4
7	1382727602	7	368251844	7	162
3	4452144051	3	616014534	3	31
2	802310219	2	437789936	2	5
3	436502163	2	185257523	2	20
2	0	0	444533983	1	2
4	313960272	4	246999525	4	2
5	902246128	5	247028156	5	32
6	487354587	4	126900837	4	8
7	689494012	7	562643829	7	25
4	874194724	3	370272715	3	165
6	483482999	5	194643517	5	9
4	791448852	4	736777322	4	6
4	0	0	1235314679	3	2
3	754976545	3	190171997	3	7
7	1176052352	7	432125689	7	14
7	2721798001	5	250335012	5	28
5	3401336013	5	437781410	5	204
4	316485996	4	193834479	4	3
3	878378249	2	632144112	2	4
4	1549762504	4	862289042	4	14
2	65184069	1	59241487	1	2
6	974798290	6	493859936	6	21
6	1522999470	5	368574985	5	301
5	514079641	5	364545147	5	4
3	674628861	1	622553836	1	14
3	125536407	2	62205213	2	2
4	990245717	4	181202833	4	8
3	1880280214	3	429626292	3	76
9	942308893	9	252630359	9	79
3	299702409	3	124695970	3	4
3	60121248	1	60999105	1	3
3	248009750	3	188384411	3	5
7	2995893661	7	246018522	7	319
4	923904337	2	618325040	2	3
2	120714227	1	61088021	1	12
3	737104313	2	119546287	2	39
3	425549897	2	307598333	2	6
5	920156552	3	435027321	4	11
5	2352920124	5	366026230	5	15
3	449963289	3	240163559	3	8
4	249826172	2	127581782	2	3
1	59642605	1	63601484	1	2
3	187675939	3	122693265	3	2
5	613979530	5	312348923	5	6
10	936868117	10	306498662	10	37
2	123467273	2	63979106	2	2
3	189018062	1	182596773	1	13
3	948828466	1	304429976	1	19
5	121306751	2	124200890	2	11
7	1069061945	7	685389755	7	7
4	308059088	4	185941773	4	23
3	617823661	1	504684342	1	6
7	762235852	7	307786588	7	19
5	853335370	5	370742981	5	24
4	861871007	4	508057789	4	22
4	377537852	3	247257004	3	5
7	742092608	6	434637966	7	46
4	376729102	4	246108084	4	21
5	1489089775	5	316767908	5	67
5	1854444662	5	435231327	5	8
7	2719794715	7	187253525	7	76
8	618842872	4	245709612	4	8
8	1120739703	8	300853575	8	70
5	371895579	5	311395990	5	2
6	247478741	3	194289286	3	20
4	674015541	4	495591578	4	6
5	3644423869	4	912799082	4	149
2	181677398	1	185365318	1	4
4	582060464	4	251076745	4	7
4	679695618	2	487956104	2	4
6	851321600	6	430827508	6	70
8	3215229880	8	815387005	8	58
3	498674547	3	303657751	3	4
2	805335653	2	190068456	2	7
3	740194254	3	432187545	3	9
4	947613881	4	190999622	4	28
3	1299561229	3	123990363	3	27
1	1728984110	1	812896467	1	39
3	912120523	1	367944710	1	30
4	254834178	2	120955870	2	7
6	383376221	6	123089072	6	9
5	950291803	5	429532143	5	8
3	307454438	1	247233729	1	10
4	0	0	498828395	3	2
3	981634206	2	431667394	3	11
3	0	0	499106197	1	3
5	367878948	2	128253599	2	7
9	1606358545	9	186862509	9	116
5	1047016727	5	307632055	5	164
5	302614873	5	128233459	5	5
3	0	0	744496622	1	6
5	747207730	5	241196617	5	43
2	618097787	1	312630120	1	3
6	1101209205	4	806049583	4	18
3	2225437165	3	367654001	3	5
4	671492446	3	311744237	3	8
3	431654581	1	123221537	1	7
2	2539404158	1	565984402	1	10
5	122067684	1	59766282	1	4
4	3108887055	2	378127687	2	4
5	365663015	5	181814191	5	7
5	126876423	2	121800144	2	2
5	1817340104	3	127229028	3	10
5	436355729	5	185962544	5	7
5	1214028684	5	800543767	5	5
3	681632159	1	123319660	1	13
5	785739110	3	124795029	3	34
6	749699213	6	251282747	6	25
3	755313122	3	495263111	3	4
3	1305757788	1	991833667	1	3
4	2649560742	4	492792952	4	6
4	620898420	2	379002792	2	26
3	427281662	2	300447679	2	5
5	923691810	5	615592344	5	5
5	242995915	1	121658420	1	69
4	376569427	1	252060991	1	4
6	1811902603	5	1039218883	5	18
8	1432704049	7	683909015	7	10
2	61684591	1	61324526	1	6
3	884268174	3	306576351	3	4
3	244851665	1	191021953	1	25
3	60210327	1	65260010	1	1
5	572994328	4	252055892	4	10
4	121947001	1	127055224	1	16
2	752750367	2	431841634	2	4
3	58580884	1	64592188	1	3
1	808700304	1	430460198	1	4
7	3248712163	5	363354403	6	10
2	357891751	2	127484021	2	7
3	684397210	1	690453044	1	4
2	313879081	2	188923514	2	12
2	1783908635	2	366233439	2	6
2	61885114	1	64018865	1	1
3	181799282	1	185117646	1	1
3	309215286	1	255522929	1	6
5	1182051321	5	865004602	5	8
7	3911303373	7	680804221	7	18
2	182540047	2	193111025	2	4
3	510326239	3	185677484	3	4
1	2534610418	1	309065683	1	3
2	63394673	1	60861594	1	6
3	451346447	1	118169750	1	37
4	2202874118	4	1135336189	4	9
2	946259098	2	437934687	2	15
5	549454864	3	124559732	3	4
5	433685505	5	243955798	5	64
4	265986492	2	125983952	2	3
7	1534486564	7	431569828	7	20
2	120982899	2	122725169	2	1
5	562656945	4	305808088	4	18
5	1546300996	3	493554982	4	4
6	485263055	4	188297162	6	10
4	127026630	2	128806191	2	3
4	444903657	1	191942305	1	6
4	759653309	4	365191359	4	11
6	3220579105	6	557950039	6	35
2	502723434	2	124083831	2	3
4	504029575	4	118467263	4	9
3	1161847450	1	875225273	1	9
5	1463067759	5	554219479	5	9
1	179866621	1	125036021	1	42
3	336895146	2	60877693	2	5
5	0	0	562136091	5	2
4	370581100	4	314522440	4	4
5	1042116502	4	557438053	4	4
3	623246331	3	311602345	3	12
5	1103514051	5	619269675	5	106
7	1567651562	7	813197992	7	61
5	1331077564	4	318319745	4	65
4	392503964	1	185336225	1	3
4	951242572	4	187465051	4	38
8	748243913	8	185086499	8	32
4	0	0	686710594	4	6
8	831913113	8	250275546	8	28
4	484745770	4	181019404	4	8
6	310014011	4	307820144	4	7
1	311576812	1	59954693	1	11
2	692609444	2	306637843	2	7
3	121049806	1	184361549	3	7
2	616111384	2	442437084	2	14
6	3905565404	6	555932935	6	155
2	304178110	2	125278879	2	47
6	2572349598	6	242476964	6	84
6	434071918	6	119120014	6	75
3	387727219	2	124163287	2	6
4	253158865	4	125753338	4	10
3	187284612	2	129233754	2	2
4	0	0	239777660	4	1
2	926619401	2	617903159	2	4
3	450629138	2	304379332	2	8
1	0	0	247687539	1	2
5	123000979	2	117818133	2	3
2	122897383	1	124233292	1	3
6	0	0	681365504	6	4
3	1365406139	3	250778079	3	65
5	1238902414	3	432439632	3	175
3	62294325	1	60464406	1	10
2	678215761	2	312210148	2	22
4	683536719	1	494779710	1	9
8	4146968961	8	439071471	8	43
3	616963590	3	125581408	3	6
4	181209216	2	126255372	2	12
6	1042414829	5	434246523	6	14
3	1437620216	3	929212635	3	11
2	120061577	2	128276432	2	4
8	1236091245	6	668296941	6	11
3	370591706	1	251983855	1	8
5	3920233512	3	928768080	5	20
5	752856822	1	733947161	1	5
4	318425676	2	187398548	2	4
2	887560333	2	560043504	2	6
4	249622814	2	125224289	2	4
8	1077408070	8	434543546	8	171
6	1145855234	6	551431983	6	8
5	934963814	2	370270566	2	5
2	1312726962	2	373231006	2	7
5	495151313	5	125079828	5	20
4	124916707	1	61671241	1	4
7	2222306003	3	987519713	7	17
7	416759244	1	246778479	2	7
1	308348523	1	312900449	1	26
7	612312348	7	247303541	7	7
5	953158385	3	438843653	3	6
4	243687630	2	121144716	2	3
5	485744264	5	247818441	5	15
2	387193113	2	187550730	2	8
3	0	0	681359642	2	2
4	2255327742	4	1112515249	4	78
5	182645568	2	122328228	2	3
6	308348474	2	122526044	2	11
2	180222330	1	121871761	1	89
6	1197826496	5	492512911	5	9
12	1673848469	12	187929880	12	280
3	249866322	1	183243242	1	3
4	186031765	2	125087448	2	4
7	617785262	7	253827469	7	6
1	764958168	1	306021362	1	30
4	388576376	4	182035817	4	14
3	1169897062	1	685719966	1	9
6	0	0	692833013	5	2
9	2511170903	9	934070216	9	73
2	700829908	2	373301966	2	4
2	2931316635	2	755765612	2	14
3	570970957	2	491418467	2	11
9	1213751872	9	245174582	9	163
3	119368572	2	123854103	2	44
4	181476012	3	123730417	3	2
5	879710763	5	500452098	5	16
4	2254474042	3	436675545	3	7
1	382537503	1	246682262	1	14
3	496271424	1	188902683	1	93
4	244924453	4	248022875	4	2
6	793339821	5	557615175	5	10
5	247375197	4	183229663	4	81
8	1289884927	8	439473672	8	11
3	992029643	3	560888828	3	8
3	809203362	2	551924408	2	3
4	181005998	3	128039596	3	21
2	507422465	1	246882677	1	4
2	60678834	1	60538286	1	1
8	737688035	7	243075728	8	14
6	566121147	5	315732733	6	13
5	981372310	5	373991387	5	147
6	794156259	6	434936547	6	8
5	2083938282	5	740840379	5	36
5	2656904551	4	677319324	4	28
2	0	0	748763906	1	9
6	7726899753	6	1252624552	6	179
6	2045803289	6	369857830	6	40
2	60760107	1	62175009	1	92
2	391399001	1	182200016	1	4
2	126212703	1	63466182	1	8
2	61108239	1	64355146	1	1
3	1426277089	3	676208612	3	7
5	181253368	1	188803310	1	1
8	0	0	631485331	8	2
5	895203512	5	492755357	5	7
4	370711401	1	249618145	1	2
5	494212893	4	315022293	4	4
7	549857563	7	250422241	7	182
2	1083003273	2	183028537	2	10
3	1186896708	1	497063062	1	12
3	799891158	3	253374503	3	10
2	426560088	1	121949668	1	7
5	2092111752	4	504360272	4	53
3	552006169	2	379335202	2	18
4	508691860	1	182138892	2	7
2	0	0	315885063	1	2
3	570242250	3	184986881	3	61
4	0	0	1103158360	3	13
6	1248727458	6	623687385	6	129
3	436036734	2	129873584	2	7
4	1482610215	4	374606463	4	7
2	613193902	2	313660706	2	3
3	186785970	3	182398294	3	7
2	1047226512	2	497566423	2	11
4	502134490	4	239335541	4	4
6	688499487	4	361926900	4	31
5	0	0	992396272	5	12
6	616157236	6	305484859	6	6
7	553698299	1	365521489	1	3
6	587512234	6	245461920	6	78
2	372314080	2	123634964	2	13
2	125587451	2	121238587	2	1
5	1546046133	5	867366187	5	43
3	246577023	1	244162020	1	3
3	244030137	1	122861535	1	5
3	252320281	3	252262121	3	1
2	312808408	2	242673811	2	11
3	637727330	3	310704674	3	14
4	248003545	3	124982178	3	3
2	2956406177	2	497785675	2	16
2	187807627	2	120093497	2	3
2	1372909014	2	502181642	2	9
3	188341687	1	123958584	1	4
4	123431131	1	61725167	1	35
1	458778238	1	372339849	1	6
7	1265687875	3	565730103	3	9
2	307664849	2	305330071	2	6
6	1257231227	6	490451295	6	70
6	254296597	4	241019679	4	1
4	378607842	1	244633803	1	3
3	1062421823	3	249671003	3	8
2	2432678416	1	552955457	1	14
4	1603155621	2	309804016	2	17
1	992319369	1	379436810	1	43
3	632084951	2	312155950	2	39
6	1802303486	1	749721357	1	6
4	2994264961	4	556799065	4	103
2	237973643	1	119524109	1	4
3	1174433506	2	689734860	2	8
4	306716042	4	186440400	4	15
8	3407569155	8	498294267	8	33
7	2178087791	7	365896710	7	13
5	976037366	5	739369331	5	5
4	314036547	4	189576438	4	3
2	2421985166	2	863212749	2	61
7	3127000342	7	862410677	7	83
2	738950088	2	432055054	2	4
4	1236331795	3	363519877	3	46
6	180692301	3	189238711	3	5
5	439978838	2	189039412	2	3
4	441618078	3	318378271	3	3
4	1248996952	4	497410987	4	67
4	612257588	4	249924475	4	6
3	2271969249	1	741514035	1	38
4	1103138941	4	491567081	4	14
7	1453390067	7	690144313	7	15
2	0	0	430913017	1	6
2	62027681	1	65018458	1	13
1	491289476	1	362870612	1	11
7	734338972	7	188825916	7	55
4	509940695	3	251721654	3	16
4	872418784	3	126166013	3	19
1	243058490	1	60884323	1	3
3	129598372	2	126208451	2	2
6	666379042	2	370738246	2	9
4	124996544	1	59365857	1	8
3	180243261	3	123513339	3	8
6	0	0	806116299	3	2
2	746113619	2	179611643	2	6
3	438351085	3	377586977	3	5
5	868413684	4	554630198	5	5
4	615571871	4	183078471	4	8
1	875390739	1	550388926	1	10
5	2427418578	5	181291788	5	123
4	390151460	4	245808255	4	17
4	311022347	1	124855400	1	74
7	499676939	7	245318185	7	59
2	493587457	2	430312557	2	37
5	372702962	1	307990323	1	5
2	1037298218	2	569424305	2	18
2	485888055	1	181479784	1	23
1	62277867	1	59908328	1	4
6	1161765383	5	363741930	6	10
5	926356846	2	491697418	2	7
5	1524026176	1	739265595	1	6
5	4878891943	5	795596916	5	117
4	428770761	1	182219102	1	111
1	266477516	1	58585994	1	2
5	552315784	1	310654828	1	36
3	1497280001	1	1111907549	1	4
4	191092862	3	183570020	3	2
4	309755947	1	61745994	1	3
2	673161224	2	243107155	2	50
4	1133882412	2	366558977	2	145
4	0	0	859657114	2	2
6	490379124	4	184588529	4	28
5	1095152586	2	559585854	2	35
7	4141974521	7	795813371	7	48
9	1362629426	9	557166016	9	15
3	939959127	2	364795285	2	5
1	1288438141	1	502671490	1	39
2	246103215	2	123518532	2	3
6	820128504	2	188740160	2	43
2	1638809819	2	674420114	2	16
6	578922113	5	247398594	6	12
5	2345236069	5	303266092	5	40
5	1349493065	4	612998509	4	15
4	2126407831	4	369846302	4	21
3	188327595	3	119211413	3	6
2	801073676	1	247621033	1	8
2	420462989	1	183576341	1	11
9	2744596551	9	684602942	9	107
5	1168857471	4	435951035	4	60
4	2416476779	3	927827317	3	3
2	186011890	1	121478152	1	3
3	728382770	3	254637607	3	5
4	371539635	3	309389279	3	4
2	615790711	1	375421768	1	8
3	2419992005	3	303700224	3	12
3	937130741	3	378433943	3	14
3	123392369	1	123281778	1	8
3	64625114	1	125967409	2	11
4	1379200787	3	434956638	3	92
4	127167688	2	124549310	2	4
2	2115510719	2	311948834	2	8
1	1508936072	1	559737957	1	3
3	1226158446	3	438186996	3	32
3	1425040092	3	563830289	3	6
2	369318628	2	252196789	2	15
3	61639419	1	62426565	1	1
2	315155282	2	309750938	2	1
5	608806993	2	307900113	2	7
2	870341763	1	490960265	1	15
3	59459190	1	65329079	1	1
3	123606621	1	125591757	3	2
6	619890656	6	442192723	6	16
6	1111406252	6	558195467	6	8
4	318316859	1	309218979	1	1
5	60066161	1	61388566	1	3
7	705790487	7	64361030	7	23
7	2293755830	6	551263825	7	54
7	311405568	3	119606288	3	9
3	183955581	1	124000231	1	10
4	371856814	3	128416675	3	25
4	0	0	747908672	4	2
2	245485954	2	125707736	2	4
3	557695620	1	246824399	1	120
6	953215891	3	748792836	6	4
7	127430845	1	62940279	1	2
4	63290407	1	59399455	1	3
4	65122816	1	59573292	1	10
4	982553896	1	857840600	1	5
3	3022486937	1	1372104710	1	3
13	984018421	13	253503391	13	124
4	1899753462	4	989582887	4	12
4	185001326	2	123447715	2	3
1	0	0	246577841	1	2
6	494430780	1	190108511	1	3
5	0	0	677566899	3	3
2	3505331641	1	990965406	1	22
4	363674949	4	186214898	4	6
3	245615027	2	128125106	2	14
3	2721644868	2	554472786	2	11
4	1376472172	1	1058285518	4	5
4	1647457570	4	912602680	4	20
6	497692476	5	252337861	5	20
4	1112123154	2	363400256	2	72
5	182917425	1	180257471	1	4
3	246973651	3	120777070	3	6
4	1357410747	4	309909759	4	10
4	549563698	3	562546681	3	3
4	1004048062	2	243441515	2	11
2	64827006	1	63814133	1	1
3	365655224	3	120292449	3	68
5	1938296038	5	674213997	5	30
4	704120453	2	192414226	2	35
8	934256960	8	241190505	8	12
5	575807074	5	371623128	5	34
3	0	0	500612064	3	2
4	3233175069	1	367660897	1	3
2	126267510	1	64350197	1	2
2	803211517	1	239802022	1	9
4	867303015	4	303256501	4	8
3	190288914	3	185613142	3	1
2	946259098	2	437934687	2	15
4	363561013	2	369254088	3	5
5	60817167	1	307049303	5	14
3	190746329	3	127793950	3	2
3	314377890	3	59194783	3	3
4	121723467	1	64996998	1	11
5	483363142	5	368538987	5	11
4	743140702	3	482008881	3	3
4	499454214	2	251203431	2	9
1	0	0	373452575	1	3
4	621601871	2	309414005	2	57
4	620071155	1	244564811	1	4
3	121011728	1	124224388	1	6
8	1446784889	8	310895899	8	21
5	306351313	4	179744593	4	4
3	0	0	998163358	3	2
4	2958779829	2	873730564	2	11
3	187124928	3	119848252	3	8
2	0	0	1006801099	1	2
3	2534110382	3	681888640	3	66
4	186364466	3	63903005	3	4
5	550432293	5	187599854	5	20
4	1232144894	2	1190583928	2	4
3	733645201	2	560959139	2	9
6	726766089	6	250209785	6	9
7	429577321	6	244771504	7	9
6	61936860	1	308927713	6	3
5	428055280	4	121148626	4	40
2	3219883184	1	1108395138	1	15
2	369339243	2	248617827	2	4
2	65100814	1	65107726	1	6
4	761930766	4	620462161	4	3
2	309522154	1	180455222	1	3
5	1372888729	5	615844555	5	58
3	1321370834	1	439988835	1	14
2	441397614	2	123924365	2	5
4	760209804	4	373112654	4	30
2	121411913	1	61531658	1	4
3	501235209	2	243638792	2	4
9	2051815528	9	747237868	9	149
4	878627291	4	367607347	4	31
6	1758207474	5	481965378	5	40
3	551943739	2	312214663	2	25
5	679174781	5	248894978	5	150
1	60452688	1	61591358	1	1
2	370137291	2	190024512	2	8
5	677492227	4	189497062	4	12
2	61822416	1	63354373	1	29
8	1914997566	8	494575919	8	22
3	3612419429	1	801544716	3	7
4	445908280	4	122007403	4	6
6	641542737	6	374032665	6	8
8	2030087757	8	490279738	8	8
3	126007202	1	128488277	2	2
6	1413663569	6	380264919	6	31
8	921138020	8	182121574	8	35
3	492911521	3	179628916	3	20
7	1465963999	6	497324260	6	89
3	307168165	2	122942156	2	26
5	804259093	5	437841281	5	13
4	122407630	2	121210254	2	4
3	681135610	1	188654386	1	10
2	60736108	1	62922602	1	1
5	368999416	1	311855631	1	3
3	244059072	3	123351156	3	3
3	64474356	1	63926306	1	93
5	263219198	2	121796806	2	4
2	566674512	1	304642516	1	14
2	183330620	2	122653608	2	39
3	365718578	3	317425783	3	4
3	870362134	3	801663668	3	3
2	437779420	1	308417123	1	32
7	495351523	7	313864672	7	11
3	180699414	2	124228573	2	3
3	1796282270	2	556931393	2	10
5	256476195	1	125946451	1	4
1	126585140	1	119875479	1	11
4	58556709	1	65330916	1	1
2	198066265	2	125542597	2	3
6	461231955	6	126465575	6	12
4	1731633088	2	745497775	2	97
5	1584306807	5	559211750	5	15
2	1121692906	1	493872095	1	6
4	374226223	3	249112453	3	2
4	194580388	1	122760787	1	3
7	1487216456	7	808449996	7	40
5	1546300996	3	493554982	4	4
6	648752234	3	307936805	3	5
5	563830161	5	313537842	5	102
7	865064649	7	377768385	7	39
8	2790884252	8	440357262	8	25
4	636557660	4	371758173	4	4
5	118856075	2	125137610	2	3
7	746794942	7	305042161	7	121
9	806738216	9	436019597	9	8
5	1371640978	5	683638548	5	13
7	65250021	1	58528723	1	13
3	124653703	2	124219320	2	1
4	501703217	1	370616086	1	10
4	364668110	4	128923558	4	5
6	430387294	6	304661377	6	17
6	766030435	6	299951502	6	8
4	188165610	2	119838765	2	4
7	1829285650	7	865016172	7	68
5	448625883	2	120268476	2	38
4	1045697510	3	628806688	3	65
7	3594615629	7	368744194	7	10
4	1798540473	4	304948906	4	6
4	1171661341	3	307458734	3	17
4	882960039	4	482998851	4	53
6	380034546	5	188576945	6	6
7	376940696	2	308585357	6	9
4	931516065	2	686462793	4	8
3	673585930	3	125399790	3	17
4	683810316	4	123793096	4	11
3	0	0	616699694	3	2
3	448487081	1	312762389	1	6
3	1556792481	3	990770889	3	3
6	929836202	5	126805068	5	263
8	2910118764	8	684043921	8	68
3	808913094	1	304473288	1	21
1	1372782874	1	807416775	1	3
4	188529074	1	125951825	1	3
5	2429270597	5	129537744	5	9
9	944464416	5	305951925	5	42
5	370969115	5	193260937	5	4
3	371193201	3	184837782	3	5
8	792822988	3	437536409	3	50
5	491459915	3	314807106	3	5
5	948741883	2	238885680	2	14
4	448522972	4	242789995	4	14
2	437674424	2	184479235	2	4
1	558117311	1	492200659	1	11
2	1865934837	1	675885302	1	17
3	550070248	3	365811699	3	4
5	432856356	5	250594607	5	4
6	2860086831	6	990418431	6	11
2	2416096525	2	739688692	2	4
3	616058758	1	310998031	1	4
3	1188581173	1	552729232	1	110
2	861223752	2	490485926	2	105
6	2545701536	6	244555569	6	78
5	636999231	4	424439913	4	4
6	2938789079	3	125464886	3	9
2	191892314	2	122495109	2	2
2	330265039	2	121547409	2	20
3	0	0	933726037	3	3
8	1042204207	1	368178003	1	100
3	884250903	3	558405118	3	10
1	0	0	607702118	1	5
5	0	0	489142911	4	3
6	1192927493	6	304865652	6	64
4	248660154	4	128911614	4	3
3	188405819	3	120356311	3	2
5	546863363	1	246716153	5	10
5	59941185	1	65294742	1	5
4	1366850026	2	795507955	2	25
3	2170596126	3	862673930	3	25
9	2513407915	9	498046350	9	114
4	373098777	4	121735124	4	6
3	128138791	1	120382960	1	4
4	2978822904	3	564256799	3	9
6	771832402	5	304345189	5	11
5	683003141	4	301936512	4	16
8	1143942231	8	250596334	8	252
6	1039642219	6	374924527	6	55
5	1716825897	4	1240124872	4	5
3	192445287	3	130031618	3	10
4	3242848444	4	123247882	4	19
5	442040657	5	127747784	5	22
2	127361842	2	126650362	2	1
3	482439574	1	307446107	1	7
3	184544688	3	118899837	3	3
2	1023135823	1	563407108	1	16
6	555214641	6	184219591	6	71
6	549849791	3	437240727	6	6
4	977195687	1	119641802	1	6
2	327890636	1	246827879	2	3
6	296933309	3	123903402	3	6
2	62733942	1	59178660	1	4
1	677716523	1	374435248	1	8
4	373543739	4	315599688	4	9
5	1421172095	4	488369510	4	38
4	432771856	4	244198099	4	17
1	246114466	1	128341265	1	11
2	1178566379	2	369865845	2	32
5	438863172	5	309240403	5	3
3	183538858	2	247073769	3	3
5	1495300788	2	437484164	2	11
5	425194637	1	440732748	1	3
1	310396300	1	185984112	1	3
3	0	0	378132741	1	10
6	737217875	6	371096385	6	39
6	513599585	3	188600053	3	4
2	799526479	2	311406503	2	18
6	497206368	6	183989209	6	8
3	122137852	2	60461242	2	4
4	916885696	3	306691317	3	8
4	819363071	2	544541145	2	8
4	615005042	1	621158431	1	1
3	490241221	1	307313248	1	6
3	1688056148	2	559641168	2	49
4	60299637	1	65100438	1	1
5	64105618	1	59819919	1	1
4	982749201	2	246275438	2	11
5	882265950	4	559133352	4	27
6	316835276	3	122678713	3	8
6	1801938975	6	309397264	6	85
3	1321200561	1	681312394	1	12
4	248127875	1	308186813	4	3
6	1313892912	6	309554216	6	32
5	371488429	5	184217202	5	7
3	120471273	1	64850406	1	4
5	707114236	2	433847355	2	4
5	248643654	4	121317277	4	3
3	64448665	1	59427687	1	3
3	1364826581	2	1115434436	2	5
4	0	0	630685229	1	3
8	921138020	8	182121574	8	35
9	2004113253	9	314171658	9	62
4	1827872628	3	548919890	3	5
2	60997488	1	58868762	1	2
3	120801470	2	125717975	2	2
2	436238040	1	188233145	1	5
4	423971195	2	315410843	2	8
4	315966518	2	125641179	2	4
3	3538432634	2	732331756	3	6
6	1078903141	6	307033320	6	26
3	868860396	3	561345535	3	4
2	1260022473	1	308376072	1	5
3	739463976	1	433542096	1	18
6	185530231	1	375632510	6	5
4	2564952094	2	618904288	2	13
4	450624865	4	120237803	4	10
4	774231998	4	368909776	4	64
9	557479937	9	239977885	9	11
3	124978889	2	130571102	2	3
5	1834474153	2	308813243	2	4
6	375009427	6	244473485	6	20
7	803563829	7	182314620	7	230
1	121581173	1	59066513	1	41
8	240528130	4	125413901	4	43
1	183053816	1	187857185	1	1
2	2390903661	1	377825557	1	57
6	1546480209	3	243297610	3	5
2	60652500	1	62622282	1	4
9	1929302348	9	565131636	9	45
5	252370589	4	122051917	4	3
4	0	0	556838057	3	6
7	1494711595	6	670425841	6	18
5	303418210	4	126340002	5	5
7	767229261	6	440452560	7	8
7	1750808429	7	182554296	7	18
5	1431118822	4	374344624	4	14
2	948943965	2	493103694	2	9
2	203033552	1	63497754	1	7
4	882787673	4	491705766	4	20
3	64229900	1	59112474	1	4
4	1296880447	1	759950185	1	12
3	307454438	1	247233729	1	10
5	1392482074	5	379220726	5	69
7	487676540	7	122248271	7	43
5	0	0	670748831	5	2
9	1571900157	9	181339844	9	229
3	123373368	1	63937698	1	2
4	2158401610	4	1046506140	4	7
2	1185071266	2	682301351	2	8
4	1117856531	1	429296780	1	18
4	628821862	4	180122638	4	58
5	302603073	5	178910050	5	35
7	1183927518	7	422367964	7	18
3	126180940	1	120391187	1	1
7	873860899	7	496940771	7	70
5	551811782	3	123408697	3	45
3	128528670	1	61924810	1	2
2	62527083	1	60122282	1	28
5	743825765	4	306042321	4	9
5	125972771	1	120002370	1	3
4	445844747	3	120623797	3	8
4	0	0	497837215	3	2
5	129032300	2	121055836	2	11
4	3821961774	4	310757526	4	11
4	310867035	1	241161031	1	6
3	1108257941	3	487439495	3	28
3	696120655	3	370655873	3	7
3	60780794	1	62285498	1	3
3	429825255	1	62970720	1	6
7	1121197790	7	248651851	7	95
3	125030838	1	63250158	1	2
3	124915419	2	61259135	2	3
5	508973907	5	124650229	5	15
1	316778580	1	127316046	1	22
4	373521558	4	255536393	4	4
7	3755237662	7	316650972	7	89
6	612099518	6	249415364	6	7
2	62004571	1	63170785	1	6
3	1013072996	2	696762642	2	6
5	551476902	5	426326271	5	6
3	1985973661	3	437224963	3	17
3	1317665958	3	560578682	3	102
2	60738188	1	60675772	1	1
3	0	0	556662738	2	2
7	483661222	5	120781713	5	146
4	2782817454	2	743729596	2	92
4	363705658	1	251231276	1	4
4	446277959	4	188517624	4	25
3	547799366	1	315386591	1	3
4	0	0	560924088	4	4
2	428312851	1	305238759	1	12
3	918282909	2	438207273	2	12
5	61262722	1	64300055	1	14
5	0	0	615192522	5	2
3	191025300	3	122405135	3	16
5	428290637	3	313715283	3	6
3	433203659	2	180599899	2	53
4	247207461	3	128129483	3	3
5	1069560533	5	551960730	5	12
3	812724961	3	364782481	3	11
6	701777965	6	371253928	6	17
5	365483470	1	124816356	1	5
7	554680804	6	190355337	7	9
5	388919960	5	191525937	5	14
6	309089482	1	247078785	1	7
3	1371704411	3	495330477	3	37
7	510877859	6	245249770	7	6
3	370019160	2	124908031	2	6
2	2179577918	2	432290143	2	8
2	443515506	2	123319931	2	15
7	431983193	1	549663763	7	5
6	1187880755	6	499551088	6	23
3	311383172	2	127257289	2	3
3	3159664355	3	552357609	3	85
8	864523327	7	431019296	8	17
6	486070551	5	306181653	5	5
4	731193293	3	431703054	3	8
4	1206862554	4	441067976	4	27
5	911372647	5	247479727	5	71
2	1179308150	2	251554297	2	186
6	943629443	6	364772529	6	28
4	488956266	1	184915357	1	10
4	247601084	3	126541340	3	8
6	572156047	6	245433695	6	92
5	301965604	2	124694611	2	2
5	861656855	3	364518571	3	82
3	864855725	2	309528301	2	10
2	126319121	2	127210532	2	2
5	435050205	4	372505759	4	8
3	2115666284	2	983160335	2	33
1	127233067	1	61749499	1	14
3	64963409	1	429797999	3	3
3	555952636	1	181983051	1	27
5	865281891	3	688947598	3	8
2	122597401	2	124693612	2	5
3	814727018	3	552098529	3	4
7	1679447011	6	252060978	6	147
2	119733350	1	120996689	1	1
10	1352577223	1	58611668	1	21
3	58569823	1	65183986	1	1
4	743041651	1	493098432	1	18
4	245726513	4	181776728	4	5
4	310932987	4	128147588	4	5
3	241305888	3	127891523	3	3
3	1182895602	2	621319938	2	10
4	376102424	3	126264759	3	30
5	1000247511	5	185705185	5	88
6	615576381	6	257516465	6	9
3	61336996	1	60941290	1	1
2	0	0	372989011	2	6
5	1023194990	3	697007127	3	8
7	995278815	7	497110326	7	18
3	0	0	245864865	3	2
5	1406839765	1	675930066	1	13
