13	3658591915	13	741109121	13	309
20	4837488689	20	307262246	20	989
21	9572464258	21	487059885	21	763
21	6248985791	21	620167610	21	824
21	5535958975	21	810048663	21	740
29	12923893394	29	1182552202	29	767
14	6274248075	14	688301637	14	545
19	19309965658	19	858454401	19	482
24	20363612444	24	1169721249	24	1005
15	8464406163	2	1618686884	15	230
14	10558858105	14	1162625547	14	535
31	27837055135	31	245370081	31	856
20	4318659339	20	378405359	20	755
21	19093957398	21	1596488668	21	757
15	5437043460	15	870408235	15	1126
21	7656696520	21	878979706	21	1028
22	9030184041	22	435199417	22	1238
17	3165858771	17	688271929	17	548
15	9001553447	15	749563299	15	196
14	7168749780	14	1293241741	14	493
27	15234929828	27	674004553	27	1090
18	9987367437	18	617889945	18	788
25	8584250116	25	256349032	25	670
20	5612485427	20	917395845	20	750
30	20201664160	30	1064434811	30	1075
16	10441210741	16	938107213	16	680
21	10202438465	21	244055111	21	812
20	11970548861	20	1177936681	20	948
16	7889251006	16	742016568	16	658
17	9027963792	17	628387551	17	1041
22	7067227385	22	248429314	22	861
22	9441005387	22	806222142	22	842
21	6819143194	21	747559123	21	1010
21	20401933816	21	1061110578	21	1012
13	13603834133	13	1291131973	13	353
19	7814201617	19	679863230	19	1023
25	11495736479	25	929860177	25	819
21	25022919047	21	1102751287	21	975
24	13495377888	24	1246490273	24	1172
16	3631513756	16	440550901	16	919
23	8659860638	23	997490470	23	755
14	7757057010	14	1104745214	14	791
21	8487652063	21	1058624010	21	1280
25	10002585492	25	189010190	25	1179
20	6696151152	20	624917508	20	814
18	8281300365	18	816672383	18	909
19	6641520632	19	853317174	19	349
17	11665775193	17	488809254	17	950
21	7331194727	21	1107885518	21	242
17	7548568123	17	852267279	17	888
17	12795824642	17	745089294	17	599
22	8168510419	22	309470723	22	803
31	9957308608	31	1420857877	31	927
16	5308668826	16	677855547	16	917
24	9100419009	24	498114585	24	823
17	10380184864	17	984008509	17	1123
17	20175290619	17	732998760	17	1039
14	2492197854	14	186471805	14	859
17	7899752602	17	560763227	17	788
18	10139403531	18	372196063	18	1010
17	11705514941	17	930938730	17	736
16	7603825064	16	982363516	16	1188
17	8325013005	17	862396482	17	1018
21	3848060881	21	436227492	21	796
23	4561515966	23	736820100	23	716
28	10260392006	28	1177632448	28	979
19	7294402754	19	741440986	19	757
18	15090433676	18	557182024	18	823
19	7976130204	19	919759695	19	754
23	8554651339	23	738795409	23	1140
24	22846442139	24	1098232174	24	890
24	10852566878	24	1302890669	24	828
15	2850906259	15	551579425	15	577
19	11569742572	19	863037174	19	1187
28	10401373080	28	804260618	28	1259
20	4124794127	20	502197552	20	428
13	6662054332	13	248103825	13	955
18	5760337559	18	687477866	18	883
28	14726226295	28	620651666	28	1009
17	8108764903	17	1050215056	17	371
14	5915078736	14	441803639	14	1135
25	12373370030	25	246947694	25	768
15	4557599560	15	633378296	15	464
25	11827439245	25	1107792657	25	990
12	5145235057	12	305206507	12	756
17	5671584194	17	552331306	17	501
19	5629747384	19	245291353	19	1044
17	5284095547	17	373912815	17	662
21	9888267986	21	936393112	21	913
31	7010501435	31	420772713	31	708
14	9352576617	14	1137185890	14	1022
14	8482678531	14	804987005	14	675
21	19822367261	21	998316639	21	770
17	7176285058	17	551487589	17	979
17	7127833819	17	687028933	17	1185
24	8003478183	24	245846980	24	1025
27	20511702271	27	805705343	27	1188
14	5644394953	14	620196936	14	839
21	10358194614	21	1220925001	21	1084
28	11542014180	28	378382150	28	916
23	8431875592	23	928276897	23	823
21	8974385490	21	688235264	21	895
14	11703988695	14	1234364709	14	873
20	14888314832	20	1049270766	20	994
23	10158299201	23	1293773160	23	846
17	14068549828	17	248156931	17	614
25	19490674726	25	793136697	25	1029
23	14134580397	23	1245236473	23	1058
19	12401115762	19	881211035	19	867
32	14083912557	32	1353779146	32	1322
16	3224831761	16	550365241	16	1031
28	22360513153	28	1439024667	28	893
16	5323264539	16	806611920	16	1110
23	15147905064	22	1297464137	23	530
22	6817494000	22	505169495	22	640
20	7248844264	20	1235084377	20	572
24	19537437303	24	247356879	24	860
20	15603362609	20	867651272	20	1130
17	5449153842	17	743748505	17	614
21	9921713262	21	811266176	21	773
20	10891208315	20	1046571174	20	791
23	12771281990	23	866240234	23	959
16	9017486020	16	1004353023	16	611
15	15888950052	15	1034316589	15	776
20	9016405135	20	804157345	20	920
35	11486703753	35	442281436	35	897
21	10032940805	21	926452931	21	927
16	5848309356	16	503092228	16	700
17	4831476465	17	756809013	17	1100
25	7991600450	25	305953906	25	792
17	8919410131	17	986069388	17	1091
18	0	0	1134272169	18	30
16	9699243174	16	1607134687	16	530
15	16643854803	15	1171929534	15	792
16	7399674155	16	495854788	16	855
13	2935954257	13	238734318	13	583
12	5318919050	12	491675970	12	635
23	9192498329	23	993806735	23	1206
24	15962538396	24	552297209	24	872
24	13584646817	24	559276555	24	903
22	9648040366	22	866231721	22	626
26	9207310581	26	1158779557	26	1197
21	8980492892	21	856502761	21	1042
24	10242507727	24	669680119	24	925
29	11170851252	29	1111296490	29	1052
15	9755573340	15	812839322	15	982
24	9783164642	24	733664335	24	688
23	6162929956	23	616841148	23	963
19	6162781190	19	558769438	19	898
19	6825491322	19	505248249	19	354
18	11126325231	18	1427700696	18	619
23	13035899444	23	500348427	23	972
23	23927364657	23	1357678323	23	1175
20	8967657986	20	1185080623	20	676
16	16779951085	16	1165464925	16	1038
19	14505000704	19	1300274659	19	1116
13	5540263605	13	799523698	13	589
20	18260441557	20	1122010206	20	1043
17	7823166673	17	925041157	17	995
24	14615084555	24	863166322	24	1073
29	9404747798	29	931091543	29	1102
19	9123505076	19	678355751	19	616
21	22605009166	21	614357306	21	788
16	7830981273	16	560488701	16	1000
24	11661436592	24	1296604247	24	954
19	4562939477	19	689344406	19	943
25	7161878747	25	503718106	25	1067
21	4228824980	21	675033295	21	846
21	7371378100	21	670145260	21	976
20	7041695776	20	871221651	20	907
18	6023361979	18	929801631	18	804
17	6118433770	17	1212171491	17	784
23	5742573800	23	743196075	23	1173
19	8430630814	19	1127915616	19	953
15	12289905077	15	1358688490	15	784
30	10275441543	29	631867819	30	732
30	24365926476	30	978500178	30	827
22	8042738605	22	376931713	22	555
20	3825877571	20	253829525	20	532
29	13944672591	29	1185679930	29	1097
22	5869065771	22	187948039	22	661
25	5915908171	25	249491923	25	881
13	6035293794	13	741342444	13	313
15	9355847630	15	553527298	15	629
14	3682325972	14	438192919	14	444
16	4519895169	16	552975672	16	882
16	5838942959	16	429679491	16	926
12	2380774789	12	487002908	12	53
23	6381996467	23	812191922	23	583
12	5311435594	12	795365786	12	773
19	10352698857	19	492968050	19	659
19	12195899229	19	677669847	19	964
18	15852214604	18	495609343	18	673
21	10823853167	21	800908028	21	941
24	5761609041	24	303926754	24	981
12	7697332442	12	611893854	12	501
19	6333841383	19	481986467	19	955
23	9136596942	23	569251548	23	789
16	8002220048	16	863682509	16	851
21	5211569713	21	926680298	21	391
15	7080877422	15	927532636	15	887
27	11002150682	27	942482662	27	1028
18	7411143430	18	605309420	18	820
22	12002247041	22	1179450643	22	1074
21	10269312562	21	503926930	21	542
30	10550198479	30	876217134	30	753
23	10116804940	23	672024665	23	1069
20	10439897961	20	668040049	20	725
15	8224718416	15	666102148	15	1203
18	4777918368	18	616629175	18	785
28	6001473985	28	247052711	28	729
20	9353376196	20	1441141926	20	757
25	13808386093	25	995471425	25	851
20	12289847345	20	690390468	20	1109
20	12627375250	20	614809995	20	576
19	15044928385	19	1258893868	19	1206
29	7474894803	29	253775428	29	855
17	4695209512	17	877025942	17	1018
32	10167795108	32	247554190	32	790
21	7440973910	21	749951856	21	862
21	8363391855	21	1303637093	21	1051
14	7950749807	14	1169648517	14	1190
26	8394485698	26	1116138025	26	1032
25	16515297440	25	806914342	25	839
23	8066293270	23	1315992086	23	1048
21	6602142109	21	685162467	21	1041
24	11489074504	24	1110003075	24	695
19	16150190086	19	748845696	19	985
23	12081525479	23	873346615	23	904
19	7626761390	19	808413760	19	1190
27	15260418823	27	736963705	27	1022
22	14323959169	22	809597894	22	1002
18	10571423254	18	622651211	18	730
17	8352858388	17	673916328	17	808
23	6599549754	23	986510961	23	654
16	4633996726	16	557168944	16	656
17	4335920899	17	248396147	17	293
15	12906903887	15	928464482	15	958
23	9367316896	23	1064898557	23	987
22	19766249999	22	1060087783	22	1030
15	5581104242	15	935697801	15	742
23	23463483446	23	1127843055	23	1064
20	6690869411	20	441271710	20	722
16	10492257702	16	1040602718	16	1050
19	19228453802	19	997764706	19	1212
24	6785051749	24	753757920	24	900
18	7312773292	18	247555690	18	1005
19	19519495645	19	249200915	19	794
16	8137510239	16	1301058242	16	966
27	11159153982	27	734490206	27	739
20	13253311470	20	864799512	20	371
28	12694692661	28	491457883	28	975
19	10230939223	19	614084179	19	1078
17	7011126716	17	749936670	17	678
21	4870888047	21	439291416	21	771
31	23856745401	31	369774227	31	855
28	15347105616	28	936926790	28	901
19	7669354119	19	740953981	19	707
17	8438254708	17	742695795	17	730
26	14299689173	26	1175242764	26	1021
19	3790913440	19	564808345	19	809
35	7743348821	35	246525547	35	917
22	6613302019	22	733236351	22	978
17	7726341001	17	796632231	17	741
17	6679597715	17	363297893	17	807
18	7600868799	18	368226222	18	827
18	12803744123	18	997365018	18	872
18	7892057100	18	243436756	18	966
21	6165735921	21	241699738	21	821
21	7585804521	21	668611590	21	886
24	9843397610	24	686931154	24	829
20	9386942377	20	381483267	20	1040
17	4963754777	17	554307028	17	916
24	16038122603	24	685635835	24	968
19	11118038507	19	875159298	19	862
23	7147034765	23	925669741	23	907
19	6266203791	19	433380098	19	881
25	10390446470	25	1272990088	25	996
21	5311773016	21	560507166	21	753
25	5458530971	25	251125157	25	593
25	8523148235	25	551136935	25	572
18	5393708232	18	493108330	18	843
22	9365761066	22	739789488	22	877
22	4902866001	22	441035466	22	688
32	9835904673	32	673698915	32	880
24	11886625020	24	918857279	24	809
18	13700754127	18	1239092035	18	853
21	8045277542	21	1120485606	21	901
21	25248010399	21	242683736	21	593
19	5129458713	19	816057609	19	708
17	5252191277	17	1052840813	17	620
27	10914832482	27	858641619	27	1042
14	2932719413	14	250614331	14	688
22	2817088619	22	241074412	22	925
21	6791500061	21	685353256	21	1375
29	24178182226	29	1238058890	29	1066
17	6796686007	17	993519547	17	296
18	5016859162	18	367907160	18	955
25	10925690568	25	981777435	25	1105
23	8697074570	23	552989573	23	1048
18	7279510648	18	925056974	18	1035
17	8927094297	17	994293952	17	1154
26	12970611642	26	488170983	26	822
24	12241392602	24	678627923	24	762
19	5354061745	19	560850799	19	690
31	15312061279	31	1187617490	31	926
17	8163597889	17	995646361	17	1053
17	5158885338	17	732474967	17	918
27	17541968367	27	926523447	27	1183
23	10231647255	23	1123579940	23	1429
19	9555196795	19	751917334	19	587
22	14768764657	22	1177642522	22	967
18	10109822414	18	1181718805	18	1142
27	20341863762	27	1433072407	27	893
20	9489396317	20	748884472	20	1761
25	13064242600	23	680908421	25	919
25	0	0	1005643746	25	10
21	8527923540	21	822846556	21	655
11	4924400679	11	738771818	11	426
12	5618592938	12	975559837	12	436
19	4832987692	19	495227689	19	651
21	11573404533	21	507159123	21	960
24	18899030547	24	990597423	24	645
19	13255143552	19	1237187042	19	1049
16	3915409163	16	862181339	16	516
17	13353308567	17	677002618	17	1127
18	8043042030	18	1058517363	18	887
16	16256211019	16	1231638657	16	812
19	8619542171	19	301445204	19	831
22	8952462703	22	684798381	22	629
12	9628779553	12	925705272	12	749
13	10885616054	13	1353729182	13	621
19	10121879957	19	681900120	19	784
22	9069533540	22	742795219	22	665
17	4450891434	17	376305822	17	435
27	6322473630	27	552487004	27	876
19	4989272974	19	371023082	19	926
13	5306987891	13	748837951	13	854
23	10937123350	23	800776298	23	838
14	4008273855	14	565980054	14	524
23	10013752927	23	558919530	23	783
26	11399855274	26	792953246	26	825
16	23710432762	16	865503514	16	841
28	11096014612	28	699430761	28	1097
20	10818292557	20	554800742	20	925
20	11133942077	20	428304638	20	705
21	5278796250	21	371389229	21	917
17	8305379435	17	861419984	17	895
22	8608732401	22	187108857	22	892
24	10405195425	24	491681487	24	1033
22	5973757306	22	860124640	22	948
14	3458283959	14	610130189	14	784
20	5771425430	20	627954984	20	339
24	16075415663	24	1367576967	24	869
18	5608174202	18	568276051	18	598
22	5414825549	22	306976760	22	642
22	19892282227	22	493872307	22	781
15	12335903540	15	1380144474	15	1102
22	9412623840	22	859875876	22	537
19	10459203119	19	1055884125	19	733
30	10123086779	30	992896617	30	979
22	6411937841	22	987531356	22	1042
25	7892045233	25	1048251105	25	619
16	6850247658	16	820180063	16	711
12	5313558791	12	498101289	12	747
23	9674455192	23	368859561	23	1132
20	12488642341	20	972848387	20	896
13	7512619824	13	736158551	13	580
25	3744897965	25	246383797	25	648
23	11968240503	23	428629792	23	966
14	3729699805	14	499211714	14	657
24	6528857854	24	603480381	24	1005
21	9000543289	21	606388826	21	1243
21	5773445567	21	860467209	21	1060
22	6698439083	22	858518609	22	614
13	4379795547	13	426471841	13	534
13	3540378781	13	311875986	13	687
20	8957517542	20	435157123	20	1039
18	10781652197	18	1186555422	18	608
22	3455529918	22	247341299	22	853
23	3216839810	23	618589256	23	754
15	3327510527	15	754105171	15	745
21	7339944285	21	802460608	21	878
20	10524840575	20	500000624	20	760
21	10120822387	21	866217816	21	1170
26	15666859671	26	1101258391	26	988
22	9482946833	22	307979360	22	997
28	11909106591	28	929862087	28	1278
19	8526703674	19	1173342654	19	529
16	12681912590	16	755558304	16	1045
16	3289305502	16	494811318	16	653
23	8782516008	23	568613082	23	703
22	10092337722	22	741373574	22	995
15	5860109700	15	999279456	15	578
22	6791656436	22	381011902	22	621
28	19320294516	28	919030750	28	1092
10	11022787986	10	429317648	10	362
11	6543681192	11	857602431	11	1015
18	12904423885	18	927116974	18	908
17	11294123245	17	242594082	17	833
27	14731627159	27	788416222	27	1031
22	14684194389	21	800869372	22	1089
33	22265627707	33	865418318	33	839
21	10716370578	21	1174325137	21	623
12	9854104865	12	1277496806	12	1275
15	7590046063	15	1177548082	15	992
26	15424009096	26	550779051	26	938
23	3241546464	23	239633384	23	432
20	12117051510	20	860003974	20	1059
14	4639692164	14	379887085	14	957
17	17392072442	17	995782453	17	838
16	6542096710	16	1106784308	16	653
19	7215895350	19	1245639068	19	719
18	7343746122	18	794043983	18	1398
20	8539860104	20	740301793	20	980
25	8760163162	25	980741931	25	850
18	5418003246	18	802959905	18	1071
11	6843579857	11	805444311	11	304
23	5367716663	23	249148397	23	628
16	2898732808	16	250589984	16	729
20	7057140160	20	245009153	20	687
23	6828577730	23	608940566	23	603
23	7920654865	23	868742574	23	1050
21	6910651332	21	1104928824	21	1198
14	13833096521	14	1247866762	14	1084
15	5906750834	15	748748439	15	903
27	9382878510	27	1172673883	27	705
18	8241311032	18	432483956	18	575
23	23591534743	23	942739887	23	1255
19	5595162967	19	561564069	19	1207
20	15416947621	20	1116722115	20	426
21	12240592662	21	1046268773	21	839
19	21745417664	19	503302289	19	1232
17	11142951155	17	754347218	17	662
16	8471471035	16	1417137247	16	957
18	8446044801	18	856513367	18	923
23	9587019117	23	369853698	23	1041
18	4324457163	18	756384943	18	928
26	7713043308	26	617421005	26	1203
9	2312349292	9	365265082	9	588
20	8656159340	20	939695496	20	639
18	5870838062	18	682247117	18	1198
33	8604828463	33	491023168	33	1115
14	14398804658	14	746626362	14	762
21	14699285715	21	1050649473	21	984
20	9650743082	20	988700081	20	1048
29	8259304624	29	609838017	29	729
15	6313076644	15	609435502	15	313
11	7757586269	11	728451157	11	794
17	8541794766	17	311306206	17	653
19	7199061087	19	684861230	19	480
14	4110802547	14	566337260	14	905
18	9990870175	18	673026140	18	1208
23	4198476557	23	561509196	23	788
10	4262661211	10	746684452	10	734
22	17634170516	22	561031644	22	886
20	10406631528	20	1110632979	20	932
22	5670111294	22	674912062	22	1163
11	6978517331	11	425878179	11	884
18	8958608925	18	1369124097	18	902
20	5522419734	20	382311175	20	980
15	4216518459	15	747075347	15	1212
24	7195061557	24	679595600	24	1092
16	6100280135	16	809584305	16	1059
22	6204938144	22	729070320	22	987
18	5010436438	18	307922094	18	976
14	7546770242	14	1604181375	14	860
16	7408982220	16	557395227	16	847
19	11906158708	19	432075804	19	1121
27	17220765713	27	880924224	27	1131
23	2879382770	23	189912204	23	969
21	15214132697	21	749827845	21	893
13	5804724126	13	1108446664	13	658
20	10550522618	20	249278792	20	638
25	9481383034	25	789703648	25	1049
19	6630101997	19	940746587	19	1159
28	9898716511	28	498236538	28	662
14	6568720265	14	987393030	14	1026
26	10715454007	26	740598060	26	1119
21	3371861558	21	365313609	21	961
15	8263146071	15	492463355	15	906
18	9200550833	18	731938764	18	798
20	7627674163	20	1240045637	20	535
16	0	0	1674775477	16	31
13	3230889866	13	617126087	13	645
16	3313674956	16	310717568	16	845
26	6231284014	26	430190928	26	882
23	8669353162	23	616516471	23	628
20	12825541020	20	874966241	20	846
23	6452930427	23	252042892	23	656
18	7299246903	18	679974682	18	826
28	15908468022	28	1375011740	28	1138
23	17113336748	23	1305009363	23	674
23	10273430207	23	793290068	23	1058
20	9794579686	20	689109085	20	499
23	23741803991	23	919896001	23	995
15	6031434650	15	619110287	15	770
17	5648975984	17	425670640	17	1057
23	9180275699	23	860129284	23	1005
18	5819964023	18	736821125	18	864
19	7817906649	19	555030984	19	951
18	9335723626	18	742786021	18	535
25	8244168118	25	1301564232	25	844
20	10321163510	20	998113081	20	972
29	12072749685	29	251562146	29	936
15	26306884262	15	1112790062	15	1094
21	7756555873	21	984730439	21	451
26	11081750600	26	191050320	26	953
22	14194172263	22	1105570909	22	1106
19	11886225032	19	699452879	19	999
15	0	0	1233881989	15	14
13	7411985913	13	869281415	13	793
16	6669343898	16	551893580	16	806
27	21961787642	27	1239795746	27	924
18	10979808372	18	1484288791	18	805
19	8750663019	19	941578937	19	616
19	11864276032	19	1064352607	19	1266
19	8521208200	19	1493247249	19	410
20	0	0	863523127	20	17
25	7598561248	25	686585783	25	1064
14	9255288255	14	809367851	14	750
18	12200026323	18	929075351	18	834
22	9794240599	22	848913338	22	1245
20	5990117187	20	742722481	20	1143
18	13981894843	18	611273349	18	911
19	15161340505	19	1180936671	19	673
23	9576162395	23	440126944	23	362
15	4825549754	15	933804449	15	606
24	8906481517	24	792849107	24	1474
30	12901119778	30	730117196	30	1292
21	7555867512	21	860656017	21	977
21	9544814025	21	560725552	21	890
20	7217816856	20	552829222	20	782
18	8651926273	18	1191158071	18	1334
26	10453448689	26	679231880	26	1062
11	6995077283	11	1235529441	11	759
21	10716547679	21	928003158	21	961
14	6345330435	14	621348854	14	895
14	8903548580	14	858876800	14	658
17	20430352662	17	804601142	17	615
21	5673357317	21	683140936	21	1066
20	5103722940	20	675553726	20	883
31	20855949536	31	610916377	31	664
19	7075969603	19	794923224	19	976
18	10850437789	18	487103068	18	1045
20	10118173241	20	748766886	20	797
24	21323214434	24	805027094	24	912
24	11484016153	24	807605493	24	947
20	10000904193	20	243946721	20	934
21	5621098212	21	675567331	21	769
28	10546077427	28	691740225	28	1111
22	16895933141	22	870873712	22	710
13	6207826293	13	1172074011	13	347
21	5847532652	21	370409217	21	450
15	9114384346	15	432995238	15	781
21	11111406073	21	868619407	21	848
20	7483959508	20	500264139	20	1026
25	19094218527	25	1064535031	25	735
22	6707000396	22	1238911316	22	996
19	5394128534	19	613606376	19	729
20	22403302197	20	810264471	20	994
18	10801471073	18	1420986114	18	604
24	5401580434	24	430147625	24	997
19	6278392204	19	869312564	19	784
22	5135307680	22	1002182813	22	345
22	9964964386	22	1363716062	22	1291
20	14401602486	20	558066573	20	994
17	8717744186	17	795861974	17	563
20	5691099210	20	864129759	20	554
22	10486452585	22	1043439521	22	862
18	5319420323	18	430759967	18	837
20	16628334231	20	429971670	20	1107
22	16566783361	22	745799274	22	717
21	11556916672	21	1370454217	21	380
26	13119989000	26	738438603	26	911
24	8103869195	24	556477675	24	1094
21	13227225145	21	431072944	21	774
16	3172882034	16	436272440	16	544
23	16345024928	23	994311353	23	795
23	13225066246	23	936179967	23	1016
19	11037327839	19	1002239566	19	940
17	10361385059	17	428083508	17	619
21	5029226756	21	243837506	21	967
23	19810877584	23	491567549	23	522
20	14318316798	20	1688372403	20	911
19	6320735209	19	368085377	19	327
21	7162517461	21	633820101	21	494
19	6917349183	19	938317889	19	827
13	20868962074	13	1101594430	13	790
34	13955076216	34	876227582	34	1094
14	3682609258	14	495475683	14	458
23	13131215011	23	1181375581	23	767
21	8334061485	21	560567502	21	1217
21	4062886469	21	489786501	21	605
18	6297385226	18	429271362	18	758
25	10462270794	25	875353376	25	885
18	19842069271	18	553398324	18	1026
23	7161435281	23	490345432	23	748
18	11608184727	18	739378922	18	1047
18	10996535436	18	797090103	18	1280
15	6329875769	15	732337702	15	775
16	5267982378	16	426689907	16	639
16	8530125154	16	753202232	16	1088
22	3668949158	22	307552095	22	965
19	14894629114	19	1110894331	19	928
12	2117712648	12	186295682	12	692
18	6686494195	18	799517130	18	561
23	10670366873	23	441258855	23	637
18	7953045173	18	374166629	18	979
15	6029916337	15	746952927	15	1106
12	3471160251	12	434609973	12	434
14	2403711946	14	241187132	14	992
15	4462410406	15	750272294	15	768
21	10361237113	21	370931325	21	752
18	9074005869	18	914156282	18	1134
18	5875378117	18	609828884	18	1157
18	7100449987	18	1356074470	18	966
24	5571579956	24	806275892	24	761
17	9250062661	17	1048945515	17	911
25	10097327243	25	246116966	25	838
27	13298377408	27	1294776843	27	1243
11	12171444446	11	1312994847	11	698
23	7413279669	23	306446740	23	848
12	7681976752	12	1058139357	12	533
20	5056579442	20	671238050	20	803
18	4792976442	18	497973530	18	1161
24	5626126196	24	367265568	24	841
16	14154065209	16	996884770	16	1087
17	8151939127	17	1223517252	17	809
22	7838994831	22	620435959	22	1178
12	9644064987	12	1288068931	12	913
23	7172630679	23	486181088	23	652
21	10301027744	21	1111861329	21	537
23	4832030434	23	247025887	23	744
19	10293429386	19	189058470	19	623
18	12794637090	18	991163665	18	1320
25	22789113005	25	1042124625	25	1091
23	10648732981	23	1178713898	23	846
22	8144688938	22	747038052	22	1103
24	8747479364	24	1176034731	24	993
24	6420016607	24	562288320	24	782
20	7213867937	20	430758283	20	694
18	7499257587	18	940302482	18	458
21	5972969798	21	800959057	21	997
24	13220857922	24	1171302015	24	533
19	11418662357	19	615086428	19	729
21	5948735824	21	865790031	21	773
18	4789543173	18	426096268	18	734
17	8883019128	17	931756170	17	784
24	12786049356	23	866725012	24	670
24	3654751457	24	368729516	24	582
24	4082319229	24	120336046	24	938
22	8690913514	22	1246600879	22	1272
28	7694663743	28	307189387	28	939
16	6473152600	16	746535307	16	1000
18	6747755850	18	687559534	18	857
16	10481222659	16	984386960	16	761
14	9130248693	14	803722602	14	638
19	16452290000	19	1242078982	19	642
22	9062944561	22	920307769	22	1120
21	10086570684	21	976893513	21	961
14	10582505260	14	1298019618	14	594
28	14276845006	28	1241884431	28	782
19	7170711546	19	754936133	19	743
22	13167254054	22	1243875977	22	1015
16	7435420828	16	871529778	16	1302
31	12937710633	31	1360624122	31	1091
21	8143180183	21	746326291	21	429
26	10824861783	26	803466553	26	1016
24	6373794879	24	434706867	24	1007
16	9147562935	16	736896315	16	715
24	18754791883	24	495739398	24	907
17	5105685173	17	363343271	17	885
25	20454070146	25	1048035122	25	894
23	9396653110	23	748563422	23	1096
27	11088266191	27	433404916	27	744
18	10086951285	18	622251616	18	1173
18	6051505625	18	681651550	18	762
22	6954156164	22	255354017	22	728
19	9746791224	19	306167810	19	639
18	16072287958	18	1113544794	18	776
23	6874554043	23	567901488	23	719
26	6875411127	26	427256843	26	1009
20	10301366967	20	492055204	20	656
15	5302972102	15	435563782	15	564
15	7759260118	15	804511462	15	744
21	11782721525	21	736787111	21	1056
16	7462214539	16	990507187	16	156
22	5864690438	22	801801388	22	876
16	5424725458	16	745855201	16	1137
22	9043431751	22	742728786	22	684
14	6310839516	14	749824460	14	1010
25	12442969009	24	868197616	25	796
18	6603950691	18	799941843	18	606
23	6616745787	23	554981053	23	704
14	11544073822	14	986573478	14	854
12	8006795029	12	680861358	12	736
21	9964865231	21	371494724	21	818
19	16339560499	19	1368380800	19	938
19	18366398626	19	1006448155	19	741
15	4644472714	15	365442686	15	541
24	9534337268	24	952177727	24	1077
22	9259865736	22	1236091526	22	921
17	16764191755	17	1047778063	17	440
26	6939932479	26	984320104	26	697
26	6612161157	26	1051163765	26	607
15	9038176626	15	243427578	15	701
25	6320232261	25	253289522	25	940
18	9841444518	18	1178608633	18	810
18	9864189320	18	1152059614	18	1270
32	6319534881	32	747452711	32	1408
15	8097482988	15	795396360	15	66
14	8969677900	14	928110561	14	685
25	14792468548	24	931887897	25	1011
14	4944137206	14	495289621	14	847
22	11147445590	22	497578656	22	992
26	10959407059	26	1107099295	26	845
20	4186894786	20	506425794	20	965
20	5153046477	20	679823643	20	1290
15	8571980701	15	629151807	15	698
19	7638865762	19	690425371	19	1089
16	5249757968	16	1129248341	16	798
27	17760905433	27	1172527398	27	1024
19	8061624319	19	558566133	19	1039
24	11693853399	24	1045782647	24	581
28	10779720218	28	991559271	28	968
25	10391103385	25	745280976	25	1079
26	12945024559	26	688248353	26	975
19	15719594129	19	1234445259	19	666
25	21152653345	25	928565158	25	911
25	7598561248	25	686585783	25	1064
23	10816473488	23	818594214	23	643
26	8068720354	26	248790768	26	685
24	11173990871	24	687603600	24	706
17	9008204502	17	1129546169	17	1027
20	19694263134	20	310561904	20	851
20	8350347049	20	1178786027	20	958
24	11174088825	24	730829762	24	1080
13	2562245721	13	491257682	13	1023
17	9478324470	17	492543270	17	714
14	12953805914	14	1299653399	14	370
20	6635236852	20	674321797	20	780
20	8177334468	20	815810472	20	645
20	14011941741	20	678937313	20	787
18	10709488218	18	914251424	18	941
28	11123829401	28	1181592889	28	1308
19	8373493523	19	568533375	19	969
10	4922817532	10	670084429	10	957
24	9267527898	24	624391455	24	1007
16	23683015091	16	743481459	16	587
18	16363224588	18	1237979316	18	1047
17	3413193149	17	367687062	17	680
26	10819964486	26	917526756	26	931
24	3994711898	24	497636282	24	739
22	6179488338	22	612346441	22	965
18	10689644771	18	872941694	18	1103
18	9804808513	18	1057068726	18	938
24	16558706422	24	984835452	24	655
25	15495305926	25	565994368	25	865
27	21671877058	27	1364893311	27	1052
19	13884156081	19	794093460	19	1218
16	7825128058	16	879729312	16	978
23	10116511611	23	610355165	23	699
25	0	0	1184219069	25	37
18	7118020044	18	616333749	18	663
24	8641297364	24	1174576907	24	782
24	9580116673	24	613494254	24	716
24	5940372956	24	678130758	24	769
16	9586627353	16	1108558620	16	922
18	15524055231	18	1046990450	18	1032
16	10729103145	16	1379119799	16	780
20	7007499679	20	1110483485	20	756
18	8156109431	18	986299447	18	857
21	10032230817	21	626974252	21	996
10	3313538713	10	308511831	10	620
21	16265180155	21	678525068	21	949
11	12835279266	11	1064840292	11	780
15	5839631820	15	856310035	15	654
26	12336855190	26	882952749	26	853
19	10263383594	19	908292619	19	449
24	8927667942	24	916764455	24	728
25	13974264564	25	744040821	25	854
18	7119360547	18	370770447	18	531
14	13592442636	14	919738656	14	1122
26	11933804919	26	679627056	26	928
15	8350614545	15	1176356505	15	464
23	12266987648	23	564198836	23	867
22	11369626532	22	681519808	22	783
18	6321791226	18	433193686	18	1131
16	7310006315	16	1116893013	16	451
18	6518706763	18	1063086501	18	742
26	12535367161	26	1675004218	26	693
26	9158957370	26	744172719	26	1067
26	14920507856	26	1231274784	26	898
23	11028479863	23	1047803073	23	1061
20	8975963932	20	618554551	20	1145
18	4627679052	18	556196584	18	579
25	9587906896	25	877455547	25	1094
19	5590397687	19	309147584	19	784
15	6617669382	15	501390721	15	682
22	5384535808	22	630987819	22	646
22	16541164571	22	999496240	22	950
20	5079551579	20	371273217	20	763
21	7582221574	20	622896526	21	1078
26	8902022421	26	1293101323	26	653
24	11382286417	24	429414687	24	966
18	7074379770	18	1298799774	18	781
23	12004281665	23	921357385	23	726
24	18670969569	24	557346310	24	912
22	5078142846	22	497294140	22	779
23	5437100826	23	315013485	23	955
25	11215194557	25	429090772	25	891
18	6441585552	18	931657745	18	1154
29	12093981188	29	493885228	29	732
24	7598921980	24	672659065	24	640
23	10393236408	23	863879444	23	668
22	9237619290	22	1242899254	22	845
21	11447442081	21	735108272	21	747
22	7819516490	22	799470719	22	1046
17	6038009738	17	817341148	17	652
23	6964456111	23	374362047	23	905
12	12110450257	12	1417466000	12	595
26	8687130455	26	554802789	26	1027
30	11761241882	30	431312711	30	914
21	10602708285	21	876407257	21	1105
19	6626658335	19	992355865	19	525
32	8180770928	32	374934914	32	949
29	11167664632	29	620294084	29	507
27	8144558150	27	555710368	27	1100
19	8526295103	19	1192756039	19	841
19	11037347967	19	1300128113	19	1064
21	16957573277	21	1108722131	21	1123
13	6448367767	13	990095775	13	1124
15	8852239549	15	1288416358	15	550
20	6343276582	20	857180000	20	841
26	9988653332	26	1182991634	26	1351
18	22738384848	18	1178105225	18	944
24	10834624681	24	800721298	24	844
23	12668109211	23	367006939	23	922
16	4344103053	16	617352563	16	706
23	6493137556	23	1048625110	23	954
18	8456235401	18	1005200276	18	1048
24	6621111953	24	806227183	24	1004
26	7059694885	26	372447260	26	960
15	7229701493	15	489828599	15	744
20	5213527578	20	867492947	20	773
23	9225387602	23	867359605	23	1108
24	4112277201	24	368121546	24	875
28	16237858581	28	783008714	28	1197
17	6523281613	17	736447063	17	495
20	9366398515	20	1161300554	20	891
18	8585427196	18	804119875	18	894
29	6899730771	29	429881003	29	984
21	19036724087	21	622140178	21	967
19	10544916776	19	753016177	19	1153
23	17275332299	23	1541172629	23	844
19	11434503861	19	379325497	19	1032
24	13944210180	24	1245862257	24	781
16	6810524837	16	805394223	16	995
29	6801976909	29	679436058	29	834
25	0	0	792667977	25	13
19	7356224328	19	559152381	19	930
22	9355009838	22	998143198	22	839
26	13917595950	26	1001426354	26	906
26	11025481152	26	368439247	26	883
27	8341098148	27	985905484	27	435
18	10203802310	18	748531020	18	1077
16	11418266192	15	1236531658	16	686
19	4421262704	19	491533748	19	692
19	8425543752	19	561687822	19	722
18	7860916881	18	791354921	18	955
20	13568034499	20	1120473958	20	1151
16	7161503064	16	630103768	16	767
28	15135826380	28	1048612645	28	1174
10	13058531988	10	988453164	10	910
18	6838506707	18	985861471	18	896
23	7511133812	23	1307500731	23	958
26	7388486787	26	808008831	26	771
16	7605680529	16	1359660414	16	810
16	9095436341	16	1289934442	16	460
14	5663304735	14	557382267	14	825
15	8555195049	15	940381531	15	946
24	11026501343	24	1001444194	24	1031
22	7268052657	22	374655297	22	880
23	3811908868	23	383477455	23	765
19	7197310481	19	867470118	19	1097
28	16979125883	28	248598466	28	683
22	12831690235	22	992895234	22	821
18	10208538222	18	1668108784	18	870
16	7944941264	16	423817624	16	692
24	12908083866	24	815995465	24	1188
14	5399137354	14	550989635	14	961
25	10303350628	25	681114054	25	1176
24	6483867642	24	920251079	24	836
18	5605931535	18	741668491	18	776
17	8034833372	17	614596949	17	508
15	5021842408	15	926917205	15	372
26	16944470429	26	1492736164	26	943
16	13571402493	16	1050121482	16	909
20	6133602656	20	1003263567	20	644
9	9760499166	8	1868408063	9	414
27	11092831135	27	860442419	27	1007
27	3381510933	27	252215710	27	591
21	9112986548	21	1246428707	21	960
20	5829793031	20	312156217	20	1074
19	9879208535	19	484696150	19	849
19	3536651426	19	496873977	19	729
21	10470912321	21	1065500542	21	1204
23	7834310447	23	623055226	23	1157
18	7148407628	18	819197703	18	446
30	12366704794	30	866649742	30	798
21	11944125772	21	928592584	21	834
22	9863747611	22	496727963	22	865
28	17422288433	28	306453029	28	1090
17	4655441586	17	250139402	17	638
19	7392556593	19	924358191	19	982
20	7618944734	20	244299784	20	696
25	13101366735	25	1053872822	25	807
20	7115532703	20	912818975	20	1176
23	5373332741	23	627981745	23	1099
14	7936233585	14	1122904232	14	465
14	10084442739	14	1440877219	14	344
17	12365170056	17	1305718852	17	848
20	7449531556	20	1050920695	20	1024
14	6461639843	14	491114741	14	642
24	15477554506	24	313518246	24	928
23	13045454228	23	607661715	23	624
14	7724655831	14	982886200	14	708
22	11151642923	22	616918417	22	986
23	27852250167	23	437264410	23	791
29	9836272297	29	118539114	29	706
18	6643926056	18	621421871	18	813
32	7322468450	32	735781638	32	1000
18	6838631144	18	494188175	18	667
17	9507267289	17	622132868	17	476
21	13156069305	21	371587813	21	872
14	5999649155	14	1234769643	14	700
18	5554120625	18	485525583	18	351
24	9942443175	24	1161332538	24	1159
19	12903566236	19	1116679057	19	1031
21	8007004545	21	930322320	21	928
16	6184832085	16	434524154	16	766
26	7387721356	26	988494551	26	1203
13	6469846843	13	795181576	13	406
24	9990517746	24	1294553395	24	787
19	12020629319	19	610200798	19	738
16	6079963150	16	741416484	16	893
24	8274350829	24	801165270	24	1111
23	12234574207	23	1423453921	23	514
22	17768445313	22	1114461490	22	1137
17	8526153489	17	689235567	17	856
20	6921998539	20	189159559	20	536
18	22361883172	18	1054503784	18	705
18	9369767596	18	1063173653	18	886
19	6107125579	19	619171368	19	1148
14	7029931169	14	1179152765	14	898
23	17517031320	23	1176060874	23	1151
14	8934603689	14	1538441291	14	652
22	9970967854	22	314505687	22	768
19	8430402772	19	674362660	19	700
23	8865713193	23	1046894927	23	608
21	18404737225	21	807847257	21	1032
23	13187047812	23	1113400211	23	775
15	7587206012	15	371544293	15	845
25	13226616662	25	1106106970	25	1259
19	8576471212	19	682218290	19	876
19	8901937530	19	987871766	19	552
15	4801459355	15	373464723	15	787
17	6146571995	17	982297596	17	925
15	8819641973	15	696293109	15	336
13	5669699684	13	629109017	13	1100
25	9156754677	25	625260793	25	808
21	15176693089	21	1176556661	21	1002
17	15219426316	17	990225771	17	870
21	7208715448	21	371842552	21	614
22	3979004117	22	433901612	22	537
14	5208301028	14	868379929	14	736
16	0	0	1118541284	16	12
12	6635148819	12	1059081610	12	974
30	22385521430	30	1119951841	30	841
17	7384396552	17	496056331	17	913
23	20955416743	23	497754255	23	571
23	3525532587	23	251646473	23	1100
23	9799547243	23	556024391	23	1062
13	2803557594	13	565236402	13	642
25	4615731565	25	187051014	25	886
28	6106137238	28	368956163	28	810
23	3850262712	23	627630442	23	697
19	6321699684	19	624095676	19	947
18	8502599959	18	1158589630	18	947
21	5678009070	21	432389057	21	486
26	8354760219	26	303454223	26	933
22	11531857736	22	751787166	22	1060
14	7283956731	14	437571171	14	747
24	11830359020	24	937727534	24	855
27	10506600927	27	740514256	27	1027
25	10573291570	25	313261884	25	746
20	11468697659	20	1174864500	20	925
26	12614241850	26	371333681	26	1066
25	14804483023	25	1248002785	25	1073
24	9277147119	24	925657449	24	1198
22	8095441585	22	251108223	22	841
22	11115747888	22	1284256562	22	1075
23	7483087303	23	615455059	23	798
18	5729268323	18	982085772	18	284
25	8413352951	25	802673116	25	902
37	14147370168	36	868672812	37	1060
23	7730321476	23	685838158	23	883
