12	7656404498	12	813646494	12	860
17	4366704879	17	743260952	17	1008
17	5349403347	11	997976750	17	82
17	6837687833	17	501595615	17	850
11	3583368526	11	621095356	11	517
16	5551782057	16	754423732	16	696
9	8893811337	9	976999832	9	485
23	10708255563	23	558003556	23	506
9	3717730036	9	933188018	9	533
13	7603522671	13	999309785	13	395
11	3625860195	11	432936165	11	371
12	8763051216	12	999346300	12	808
14	5539038784	14	1062873309	14	647
13	3111596736	13	863369380	13	447
8	4536120847	8	499035997	8	847
14	5661375528	14	312720364	14	551
22	5167232457	22	978965162	22	558
17	5085870095	17	750877514	17	772
13	9389099346	13	618369517	13	973
6	3783194918	5	873502979	6	111
15	5437390937	15	802861033	15	1022
10	2370981016	10	308652074	10	782
14	2506679221	14	245208397	14	507
12	5324469404	12	556203474	12	506
12	4644135848	12	616577633	12	318
8	7235147647	8	1176208316	8	708
12	7616617392	12	1358419879	12	462
21	10668936907	21	488787379	21	857
18	4602825261	18	672780924	18	579
17	3963939449	17	255149897	17	834
14	2565283262	14	243706587	14	362
12	5455281686	12	695195358	12	514
12	4437376803	12	375154236	12	421
21	6177394853	21	492108924	21	1071
16	5581719529	16	1114778716	16	583
15	7546567334	15	618024085	15	828
9	2098039642	9	749448617	9	208
10	5978070006	10	940813657	10	516
10	2698675189	10	250560438	10	639
14	7602655570	8	1188989858	14	70
17	0	0	992364838	17	12
13	11594041977	13	1240592822	13	619
15	7033343649	15	373159128	15	827
12	4529468218	12	795334313	12	390
11	3829610647	11	128642022	11	335
15	10548188094	15	1179333861	15	433
13	4814773203	13	749394672	13	541
13	4535470569	13	1113554753	13	765
19	5230924483	19	250207402	19	731
18	5551813636	18	867818980	18	517
8	2937561763	8	732239615	8	507
13	11470430408	13	1234340448	13	320
8	4702111972	8	727184121	8	266
17	6811504120	17	993622806	17	528
12	4350554444	12	630657627	12	822
18	8538738879	18	814405765	18	641
14	10770127691	14	1344602726	14	394
13	4872333954	13	732680525	13	416
11	6829967916	11	557678511	11	549
11	2167726381	11	433607830	11	200
14	3864847399	14	556111963	14	436
12	4772219842	12	931340339	12	361
14	4284127765	14	315617235	14	343
17	4856660161	17	315738175	17	521
9	5967393351	9	1056171335	9	278
20	5288458991	20	439093712	20	865
17	7811151896	17	1181742543	17	322
13	4980674341	13	935010909	13	476
14	1708054582	14	254099608	14	455
14	8006455252	14	1174742245	14	779
11	3771797376	10	821285836	11	33
8	2657173682	8	747480738	8	159
14	8216682985	14	306971626	14	862
23	11162244202	23	802396623	23	833
18	18213833537	18	1117343746	18	815
11	7288677760	11	1064040784	11	480
17	5805756275	17	1228916114	17	698
14	9682281080	14	246465816	14	348
13	6177249532	13	997062382	13	825
13	5177399786	13	500364120	13	128
16	8172863084	16	740849959	16	363
10	4354056375	10	1056702314	10	447
11	2318470027	11	486853518	11	420
9	2246433399	9	374693890	9	22
16	2433338518	16	306603503	16	764
10	2141065944	10	430568996	10	432
8	2813495093	8	437984367	8	359
17	4411712232	17	1176686348	17	863
14	6549032040	14	983105411	14	571
15	6612818027	15	1107563347	15	345
14	3621653528	14	627594114	14	670
13	4773748690	13	802010668	13	372
21	0	0	757884512	21	13
13	3447494649	13	308750563	13	866
15	11704373175	15	987146056	15	404
13	8410366943	13	745457327	13	637
21	0	0	757884512	21	13
8	0	0	1247351051	8	14
7	4125669685	7	1160534713	7	510
17	7000152642	17	1110847364	17	683
21	0	0	867908712	21	9
18	9128782543	18	801984879	18	568
14	8352656870	14	915820907	14	310
11	4722246446	11	1064645238	11	490
17	4350116748	17	430175406	17	449
22	3570501232	22	432513958	22	506
13	3044795407	12	991652355	13	68
11	2913922408	11	428470404	11	459
9	3891172943	9	617905473	9	381
15	4566840840	15	870840484	15	354
18	5869211494	18	933073200	18	528
10	3410503440	10	496792544	10	753
17	8604245586	17	1227804069	17	616
15	5553876375	15	615054623	15	952
12	9113626444	12	745092827	12	555
12	3752208072	12	602582577	12	681
12	6235326923	12	1360873306	12	398
11	1273960637	11	442012879	11	848
18	7409654889	18	920607257	18	852
12	5263082294	12	680768769	12	248
19	6955188051	19	1032540894	19	574
19	5159332163	19	619992837	19	909
10	4661587723	10	1055140559	10	458
18	10339322985	18	937515165	18	798
16	4720054930	16	242132318	16	678
15	3385653164	15	311008299	15	878
12	3432200085	12	381862869	12	366
16	3767931480	16	244968877	16	495
13	2103209218	13	314718046	13	847
20	4236933377	20	700275369	20	474
13	9533461204	13	249278722	13	331
15	3743371970	15	507321406	15	806
15	7153467131	15	942846456	15	796
16	7066024689	16	307631534	16	535
15	2731793240	14	311440959	15	31
16	7425652444	16	745345879	16	490
11	5650518291	11	1061345129	11	330
13	5638439275	13	994346829	13	743
13	3572916909	13	243712522	13	245
12	7946318012	12	993740692	12	684
18	3743745678	18	620275721	18	638
15	4527525664	15	924927538	15	781
16	3761038022	16	432997671	16	332
11	6111107745	11	920976153	11	539
14	6104721670	14	986495247	14	687
10	2097311724	10	614441374	10	504
14	8646667715	14	1179215463	14	411
9	10054158791	9	1231709056	9	409
14	6468325903	14	629656775	14	553
16	4807918543	16	876857298	16	658
11	2386586536	11	492762855	11	370
15	8907039894	15	445594942	15	801
15	6760663997	15	433910800	15	854
13	6090665872	13	1002534250	13	630
17	3298548443	17	491970495	17	875
16	6524194667	16	1231932150	16	73
14	7014215925	14	933925216	14	497
18	5864066818	18	866120694	18	364
14	8590387099	14	1420375051	14	339
6	3874831448	6	1057380564	6	42
10	6057331565	10	922713688	10	490
14	10624840951	14	1292690370	14	1054
10	4452365926	10	1122512694	10	123
19	11784922739	19	873142251	19	708
19	11818354353	18	1505245251	19	250
13	6676720012	13	981528508	13	627
10	4569875255	10	923180957	10	89
21	10194129754	21	248750900	21	571
13	3000419335	13	383353965	13	511
16	8566703791	16	982826132	16	598
10	2818665564	10	425095628	10	746
13	6110172720	13	429837666	13	510
9	6879015421	9	442252307	9	565
14	3679014034	14	855168547	14	539
11	13405419155	11	1059647364	11	403
15	6238963716	15	752832810	15	949
14	6505472207	14	744172953	14	609
18	11302130040	18	621605648	18	237
18	10596447909	18	872348646	18	821
14	4403612487	14	799594027	14	811
10	1773313170	10	494262332	10	746
9	3279824825	9	747837280	9	427
15	7295258204	15	744946927	15	550
18	10803300020	18	1435584595	18	836
18	5107262401	18	622974939	18	865
15	11569449329	15	622661890	15	389
16	2455066520	16	438381670	16	509
19	6992261867	19	673011184	19	545
17	12177225089	17	499800881	17	303
14	6384826584	14	861616287	14	612
16	9658211264	16	869854248	16	731
11	8132618796	11	814383466	11	442
14	9260245958	14	1041395907	14	867
19	6735209603	19	1050370548	19	711
13	3742374307	13	622050325	13	739
14	3356232850	14	619351746	14	1103
22	7211492056	22	812903377	22	1141
11	6017645207	11	1177413833	11	166
18	9132329348	18	942389257	18	619
11	6174534330	11	819772245	11	778
12	12572163816	12	1097493984	12	728
20	6585673539	20	807361561	20	707
14	12053655450	14	558228751	14	517
17	4902925917	17	610605646	17	680
8	3058797075	8	560411156	8	303
15	5730047874	15	617935599	15	341
11	8221047348	11	680669250	11	717
12	12397811401	12	932732148	12	637
12	4123309703	12	495293127	12	498
15	9762578679	15	1179581274	15	712
17	4364817640	17	732551538	17	741
14	13868496865	14	873759943	14	293
10	2453194108	10	368393764	10	729
12	4735702280	12	994891823	12	600
6	6245113895	6	996260638	6	520
14	7490020805	14	1233053004	14	242
19	5651722998	19	687079979	19	686
14	3210156027	14	554127615	14	761
12	4743728935	12	504486247	12	455
17	8988604657	17	618560613	17	1040
12	3313080447	12	562604473	12	407
17	6087571855	17	860584417	17	1106
13	3475206116	13	926475154	13	29
20	9268623112	20	999379784	20	854
18	4590697670	18	674602509	18	744
14	5350443575	14	488729370	14	341
13	3743298069	13	684650116	13	85
14	6078143651	14	376761176	14	336
16	4027109710	16	549639726	16	213
15	4167026655	15	742158548	15	517
12	4616031094	12	1004610582	12	268
15	11874813629	15	998755731	15	513
18	9980735102	18	1228570050	18	637
10	5168963943	10	986922785	10	543
16	4412300859	16	615111411	16	212
18	4917869429	18	492151109	18	771
18	10278282563	18	1056431591	18	495
14	4559055668	14	747472921	14	914
14	8425577666	14	1242131740	14	609
14	5693175844	14	741192592	14	842
14	6351969398	14	1001021826	14	707
18	7483498704	18	618597551	18	312
16	6036758896	16	616291572	16	517
18	6378839795	18	433168337	18	664
8	3607986680	8	489745921	8	721
18	4266605025	18	556533264	18	905
22	10230943673	22	812510672	22	993
14	9246293489	14	430121163	14	600
13	3507062216	13	431934038	13	628
11	3628843579	11	796408076	11	717
17	10338870656	17	1241686018	17	526
7	3066528981	7	555556108	7	506
5	2457984553	5	563555364	5	480
11	2770685664	11	795568190	11	615
15	5182998468	15	730774030	15	737
14	5881207523	14	744786336	14	587
16	7087852067	16	185412381	16	591
13	2719819260	13	500613355	13	353
8	8817413815	8	1058554994	8	701
12	9021271724	12	1358650658	12	264
10	3319432915	10	869806280	10	78
21	7886653977	21	1187844946	21	952
17	6985139999	17	1352089410	17	540
13	3775755439	13	441514318	13	657
15	3818992630	15	611406848	15	198
18	3558811039	18	251993432	18	453
10	5723422041	10	919879212	10	280
14	5818576392	14	1181561949	14	651
18	6838653056	18	803567961	18	563
9	4094448392	9	609217108	9	529
16	8814541871	16	1186322532	16	889
16	2942373159	16	436051540	16	562
15	6548113157	15	613964601	15	735
14	7069951339	14	429780513	14	549
18	0	0	1249995761	18	19
11	3502177651	11	865900181	11	605
14	6863922976	14	864713730	14	171
11	4564764573	11	928168053	11	667
11	6759757000	11	1427750230	11	376
15	7625581374	15	863677326	15	212
16	5029635545	16	560954510	16	703
14	3103361784	14	305394524	14	502
15	8375158179	15	988562308	15	786
18	9668848603	18	1303997958	18	983
15	8594023294	15	690277502	15	358
15	7512856944	15	1108225289	15	152
17	5527427399	17	1044257652	17	373
13	4661397827	13	994592578	13	778
16	4608929163	16	371416490	16	231
18	9530317164	18	995032050	18	548
17	3854919049	17	305316842	17	707
22	2815499592	22	551733109	22	533
12	7143191964	12	426226824	12	251
20	7115128549	20	1365670259	20	618
12	4973237840	12	487046768	12	621
8	2421828369	7	813524021	8	49
19	4026538479	19	610330354	19	832
16	4733692062	16	603558543	16	646
13	6643846102	13	925252570	13	871
15	6377905332	15	556005144	15	948
13	3771211027	13	995929710	13	185
12	3516559418	12	558946749	12	532
20	3781142214	20	379494953	20	706
22	10947858174	22	746471475	22	811
13	5482524460	13	1098856399	13	498
13	7224505302	13	376359778	13	799
15	4556435951	15	487291805	15	846
14	3699854353	14	988497565	14	376
22	7381294909	22	1248042712	22	713
17	11592696371	17	917975871	17	584
10	8051173975	10	1187477555	10	598
11	3383537728	11	854061991	11	307
19	4927432109	19	793550814	19	967
14	12389957931	14	864437765	14	703
15	7240313680	15	1362993471	15	254
15	2335627260	12	747335395	15	27
18	5939275631	18	918273137	18	809
9	4959686719	9	1009410907	9	438
14	3883413517	14	680625679	14	487
14	2543014734	14	501051897	14	372
11	3908479010	11	436956792	11	984
9	3472338150	9	1189528880	9	28
17	6765640597	17	607933540	17	1018
14	9533639613	14	426626438	14	489
15	4075181569	15	686129010	15	730
11	6142168039	11	1111070146	11	429
13	5826054754	13	1129042731	13	466
21	4054104135	21	628488298	21	1087
9	5617160820	9	630481915	9	384
9	5001278282	9	818011854	9	534
13	3058311776	13	372627869	13	348
12	1582093576	12	306888400	12	484
14	11679920474	14	1182614523	14	340
14	3997681391	14	1182087904	14	594
13	4066130381	13	748687128	13	413
19	3818287001	19	554424488	19	724
13	3801315601	13	549878691	13	713
15	4031854502	15	810527431	15	642
8	5948161011	8	1222471208	8	413
18	11582429392	18	562515806	18	892
13	4432569422	13	301075044	13	845
9	3143914328	9	671839465	9	360
13	6491586819	13	667395488	13	1035
13	2007719784	12	427579426	13	40
16	9312415437	16	819117753	16	589
16	4904218773	16	608997808	16	509
12	3880902466	12	438044822	12	470
18	5964483537	18	737777494	18	1167
12	6167693996	12	1231402808	12	354
14	4863296460	14	1060025165	14	693
14	5523317410	14	624187369	14	417
12	9593497339	12	871362822	12	477
7	3535057802	7	922770518	7	214
16	5409699195	16	806684409	16	838
16	8111788811	16	859520069	16	1046
11	6386790595	11	1056896510	11	652
14	3942704848	14	744290058	14	374
8	3394725068	8	871967721	8	509
17	4644541581	17	494834865	17	524
11	5310881083	11	494883246	11	777
13	2008650408	13	498546025	13	278
5	2598095176	5	799519866	5	208
9	3183393584	9	805963408	9	459
10	7236115832	10	621619883	10	578
17	8121403450	17	501807346	17	371
12	15133450899	12	1422860180	12	540
12	3520819369	12	558077087	12	605
16	7118064079	16	811977337	16	452
11	5622650348	11	1164361136	11	463
11	4832408455	11	1068243200	11	647
12	3401757195	12	822518811	12	487
9	807716839	9	245096952	9	18
15	5027906203	15	995877966	15	865
15	5230990644	15	559570593	15	418
11	7413427605	11	556284202	11	596
12	2964166490	12	677329085	12	193
13	8269715127	13	676984267	13	379
14	7481226874	14	933649682	14	636
16	7906013014	16	798057835	16	800
17	8294062295	17	1037279129	17	663
21	9818248110	21	1246958680	21	856
19	8787135456	19	872052265	19	910
19	6213832109	19	1229057938	19	482
16	14187428206	16	798284356	16	671
15	7688256601	15	862270409	15	186
15	3096857784	15	627090139	15	615
19	4073284466	19	676539182	19	855
9	6319382640	9	1167218076	9	984
12	3689084541	12	183501237	12	476
12	1909415783	12	373359109	12	680
12	2742761101	12	559908266	12	970
12	5022399054	12	737197613	12	393
8	6949428050	8	746176723	8	418
20	5721966920	20	1049292967	20	709
12	3928753489	12	867427198	12	619
2	3160130981	2	867801232	2	145
14	3291398216	14	613972313	14	891
16	8561479195	16	1258182466	16	1019
17	7348159993	17	1243959396	17	329
19	8995622086	19	745225542	19	794
17	4299671016	17	254336022	17	541
16	5418845617	16	1307268784	16	947
14	3866529709	14	738721185	14	710
13	7120534689	13	819562800	13	415
13	8537533246	13	366023403	13	458
8	3209613212	8	623735557	8	700
10	3954527669	10	726845790	10	320
14	5241340600	14	740637373	14	947
15	0	0	672106763	15	8
11	0	0	922801814	11	2
10	3151132242	10	562594202	10	480
18	7129699989	18	437842820	18	872
6	1411627610	6	309612303	6	450
15	6329865248	15	494784198	15	722
11	1880878264	11	313753248	11	488
15	6605639700	15	939366744	15	741
12	4718733521	12	249826585	12	688
16	3461948340	16	244908371	16	656
21	7172282572	21	736691486	21	665
15	5356602925	15	1055136350	15	771
19	5690180250	19	675084652	19	913
17	5765347892	17	377905127	17	712
11	4655308842	11	1382118526	11	405
13	4557106904	13	490452548	13	503
14	3011412755	14	744894316	14	424
15	4966386275	15	813227149	15	473
8	6189335545	8	928371821	8	136
20	9335196377	20	1000973090	20	976
13	4927557096	13	798246898	13	389
15	7919340504	15	1055383081	15	766
8	3487614962	8	756336934	8	560
18	9141737633	18	1177894609	18	229
13	3870167640	13	1110704330	13	173
14	8523040675	14	991932967	14	605
14	9799597312	14	679851815	14	297
18	5416953336	18	436594655	18	534
19	11318589486	19	973629713	19	1207
18	10562677060	18	495257411	18	511
8	3405233656	8	747062243	8	114
13	3825910411	13	745814081	13	599
13	7318058177	13	308384321	13	500
14	9330787325	14	981419792	14	719
16	3903440502	16	242224360	16	825
17	5918979839	17	863115297	17	218
18	15976428695	18	807420620	18	842
16	1995261838	16	313992906	16	389
10	3052434689	10	933947102	10	456
18	7802976760	18	784628922	18	1021
12	5544077941	12	687812849	12	338
11	8185761416	11	244802664	11	709
16	8321173313	16	668054989	16	673
11	6534329021	11	1059385175	11	361
19	9080588214	19	246747144	19	814
14	3681310971	14	878562385	14	516
6	4262186318	6	118896991	6	545
17	3296238322	17	374895711	17	187
9	4317184461	9	872303884	9	144
16	5666707769	16	747146610	16	610
16	7428380623	16	1239504448	16	747
9	5827222748	9	735208448	9	277
12	6526011603	12	862835581	12	376
13	0	0	1041087381	13	10
11	5742805722	11	431436639	11	368
11	4748380960	11	1053613643	11	243
8	3044534000	8	1112977713	8	56
18	13702108370	18	995439571	18	736
16	5308830447	16	499447094	16	843
16	3627664440	16	497105731	16	640
19	4678445848	19	875121946	19	635
19	18441042743	19	430014342	19	861
15	8881012642	15	681787712	15	759
14	0	0	1179478468	14	57
15	6545981421	15	618130948	15	445
9	3393319705	9	370885683	9	177
15	11141198949	15	679738268	15	457
13	5919585530	13	380927502	13	831
12	4357893413	12	444958257	12	514
6	5214598422	6	1115125624	6	204
22	12397195438	22	493096328	22	502
13	6254609780	13	616464372	13	265
16	5106359225	16	569152217	16	248
6	4192454463	6	315386104	6	309
18	5660786504	18	918445992	18	589
15	6839131768	15	922558471	15	502
14	5834571302	14	1178706054	14	549
14	6440654313	14	924503239	14	361
11	5385276136	11	852887682	11	494
11	6737004080	11	1230841462	11	322
12	6137576257	12	985216011	12	715
22	5631361141	22	494660090	22	599
11	3514197244	2	1477342745	11	357
15	7495345629	15	1104492486	15	992
13	3976373769	13	749676084	13	303
16	14339063916	16	737785291	16	823
10	2336180941	10	367165114	10	477
18	11296507541	18	687825292	18	1026
13	6109139988	13	868137186	13	415
14	4928671724	14	689001710	14	317
16	10566507496	16	1162554760	16	547
21	4900400334	21	562465356	21	1015
12	4737299086	12	617178352	12	329
12	2653316530	12	434428412	12	249
10	5064631074	10	1237595344	10	761
10	6413153554	10	1182441344	10	408
17	5312874247	17	741012173	17	552
18	11602118172	18	1299815874	18	473
13	2948158348	13	312846254	13	703
17	4262579271	17	873849612	17	486
8	4512603145	8	938097532	8	944
11	4464123888	11	1171910932	11	446
18	13061451676	18	1055020222	18	885
20	8509798871	20	986353273	20	794
18	11507932033	18	1435223142	18	762
11	3581034948	11	555643043	11	521
19	5346902259	19	307134934	19	634
10	4105716136	10	365361118	10	639
8	6438966724	8	982021882	8	426
21	8552030082	21	551156762	21	726
13	4901181662	13	867905327	13	669
11	4723238958	11	617539511	11	783
14	11466094045	14	1173582426	14	776
12	5965784609	12	1061474020	12	588
16	6016083515	16	1175755502	16	51
11	4877556142	11	496187952	11	453
12	2922541269	12	490377107	12	199
19	7862548555	19	744371764	19	815
12	6186608708	12	372326790	12	301
16	5973030397	16	810347355	16	654
19	8844009450	19	1343813037	19	567
10	5608749619	10	427173147	10	774
18	6173105987	18	615660080	18	661
10	5662474366	10	687635225	10	713
17	7605337644	17	1871222220	17	473
14	5730923057	14	1050339452	14	642
12	3354723810	12	689590099	12	755
9	6991643496	9	1350112012	9	112
12	5511853503	12	745892313	12	709
12	5129561924	12	683891270	12	594
10	5830684117	10	557928171	10	419
14	2214699545	14	436490876	14	852
14	4893786298	14	751286826	14	748
19	5213110492	19	684090707	19	670
16	7815899616	16	675361420	16	889
12	4556291879	12	861965759	12	576
14	4228834815	14	502627328	14	384
11	2765535708	11	940792837	11	398
18	7400865327	18	810353920	18	766
17	7553966838	17	1013997180	17	969
11	8099694051	10	1120021408	11	170
9	3054695766	9	551772099	9	810
13	3823917376	13	438190119	13	694
15	5657754837	15	1119705701	15	799
10	1461445441	10	124837530	10	201
13	6386982245	13	877494934	13	513
14	5320756629	14	1116218159	14	411
14	7611731359	14	489915915	14	524
13	6076450250	13	1112853663	13	353
8	6755593776	8	747691044	8	153
19	3250851600	19	242392467	19	609
13	3258132790	13	746596207	13	487
20	7994522584	20	1046797842	20	1183
16	5240245704	16	733886618	16	592
15	6687584015	15	931225010	15	566
16	4045908074	16	367789334	16	491
10	6306003536	10	620988028	10	364
9	7650212345	9	995643724	9	562
10	2396730640	10	488615837	10	437
11	8478451866	11	1118134632	11	531
14	5402592627	14	1053565264	14	343
11	3753224613	11	735524367	11	421
17	6257807759	17	923830825	17	599
14	7061827833	14	435323300	14	627
14	7205165060	14	1290035195	14	364
13	5294433552	13	979940986	13	845
19	8145349031	19	691859889	19	578
12	3248694425	12	675723299	12	615
12	8869570532	12	622007548	12	593
11	2740773470	11	433925016	11	478
16	10491540233	16	246552316	16	805
9	2444280600	9	563525650	9	233
11	4063924514	11	989362649	11	561
20	12936679877	20	1043135782	20	871
16	4907631034	16	614990872	16	564
15	7152779000	15	861377900	15	369
11	3775892749	11	312262314	11	365
17	11015173499	17	1000014874	17	714
13	6071089522	13	687512805	13	805
13	2823639524	13	814969985	13	225
17	2462380156	17	315024130	17	752
13	6172529258	13	679001387	13	452
20	8561565287	20	745218245	20	1176
11	4192097511	11	682226048	11	372
16	8275677842	16	910756488	16	450
15	2170187571	15	433593166	15	690
15	2995520266	15	499999900	15	879
15	0	0	927014910	15	10
14	3407020550	14	308204456	14	399
20	6540011989	20	250351998	20	544
15	5545837106	15	813948647	15	701
19	5037326758	19	1127501968	19	495
12	4048905142	12	245923858	12	289
14	6114855875	14	1286383185	14	522
14	3618962737	14	493311653	14	570
12	6010834145	12	867171199	12	480
10	4798227665	10	374179041	10	538
9	5268181782	9	431743116	9	522
6	3722535620	6	1052434482	6	446
17	6535282147	17	1243695762	17	450
13	9324411470	13	669411539	13	721
12	5779141951	12	421382634	12	711
17	5095594457	17	246313838	17	841
16	5508766104	16	688037380	16	691
17	7420854814	17	615388581	17	499
15	5847684953	15	1115972887	15	444
9	3560757388	6	1493367601	9	41
16	2797870168	16	559662754	16	288
12	6897633017	12	1119124640	12	482
9	2096354500	9	492423733	9	178
14	12027868016	14	868227156	14	455
14	5701974833	14	493630325	14	702
6	2829282268	6	801200722	6	257
15	2292417332	15	249396038	15	257
13	2126378650	13	550268133	13	273
11	7409419631	11	491859005	11	379
12	3610736914	12	247277193	12	617
8	5373251948	8	565492594	8	322
13	6061903025	13	930266999	13	290
19	7779650753	19	918478093	19	843
21	9761681582	21	185712135	21	895
20	6346177722	20	927328797	20	672
13	3393269497	13	753335973	13	633
11	7386830821	11	1178571793	11	309
13	2672045059	13	615805487	13	713
18	0	0	501794630	18	4
14	9962394883	14	1353475442	14	662
14	9688936240	14	251026777	14	725
14	4202265860	14	560374180	14	691
15	3267208488	15	923998601	15	407
12	4888566204	12	1100757952	12	391
12	6644886711	12	556716363	12	528
18	4981082695	18	438110117	18	822
12	6635355456	12	493499021	12	809
12	4587394995	11	244800799	12	218
11	3917078643	11	743023167	11	611
18	9674890633	18	616310410	18	943
13	6027446065	13	801931084	13	893
9	4136551459	9	368784116	9	284
10	4928086524	10	685188773	10	734
17	4299610143	17	244172377	17	765
12	5373986992	12	1172483658	12	217
7	6116467552	7	876994913	7	180
14	3660883301	14	627241421	14	811
20	9389057693	20	1064567883	20	439
15	2936873152	15	753597300	15	432
15	5988869198	15	680821540	15	701
13	6221831739	13	740842691	13	776
13	4109763212	13	431729559	13	616
15	8814293853	15	737455546	15	709
20	7392998965	20	677234655	20	402
16	5896219418	16	621274033	16	437
17	3762911636	17	379929805	17	849
16	3000856522	16	313765530	16	710
17	7488536833	17	1240345893	17	139
17	6707999799	17	1191044856	17	545
18	5647181627	18	505433958	18	651
13	7072978432	13	1102856794	13	462
15	9029154140	15	814022960	15	539
11	6841209742	11	1426088426	11	638
11	2255461832	11	554438912	11	537
21	4704748457	21	613106160	21	303
14	5367724521	14	985082179	14	860
15	3076753129	15	560136673	15	308
13	1592692922	13	247187138	13	348
12	2962827470	12	434219340	12	532
11	7133208879	11	984272086	11	704
12	4460703704	12	311470636	12	830
13	6923418455	13	1365055748	13	608
25	14325264577	25	989639537	25	516
8	2793743394	8	618641230	8	509
11	4332387034	11	864056150	11	525
13	0	0	618972051	13	2
14	4405560394	14	738025031	14	501
8	6240285672	8	1170039475	8	758
15	3848878592	15	618300066	15	751
12	2759496245	12	247519644	12	530
13	5724316301	13	1043328337	13	1044
11	6845988473	11	736673354	11	335
14	2803163017	14	422781127	14	804
10	2555415051	10	430944228	10	448
14	9546011108	14	673971343	14	546
14	16795805436	14	1244514941	14	275
17	4804402222	17	436654671	17	1056
12	2429645957	12	810545466	12	283
14	10155253038	14	436923102	14	687
18	3138455520	18	508576645	18	781
13	6525501512	13	873807225	13	631
15	6503975568	15	375847020	15	567
17	4083748807	17	682498877	17	375
12	7731815128	12	1120578127	12	544
12	6415089390	12	996035666	12	531
7	0	0	811703930	7	24
14	8362753845	14	623615642	14	546
11	8312916081	11	741282103	11	686
17	4283509942	17	806516302	17	547
7	2627854174	7	313867300	7	23
13	5348036447	13	438589342	13	624
17	5730812895	17	605223987	17	316
9	2744958544	9	798515452	9	212
16	6439844791	16	988021107	16	531
16	4393273009	16	692292738	16	594
13	3578248351	13	683441497	13	73
13	3732492382	13	926722732	13	315
14	8444713365	14	554198476	14	318
11	3211108111	11	308243663	11	335
10	2917207791	10	434672006	10	162
13	5189539121	13	615147192	13	514
11	4725660411	11	1053750847	11	184
10	5822756993	10	999802006	10	354
7	4514672532	7	1176208681	7	628
16	5131162476	16	1105062740	16	498
8	1789222309	2	743797359	8	37
19	11443110396	19	1364477213	19	280
14	4841332589	14	556990794	14	259
16	4366422016	16	495955104	16	545
12	5905728118	12	610782864	12	705
11	2336851729	11	312424133	11	472
19	3035783274	19	441879835	19	549
14	3469210984	14	315382898	14	592
11	2891433023	11	862612275	11	174
22	7658950845	22	1000286680	22	843
16	6129085119	16	249290908	16	501
14	6689080655	14	1246716373	14	589
11	0	0	869752588	11	5
16	6413466104	16	1178206508	16	398
16	6144748705	16	498160583	16	385
13	12023562796	13	741935240	13	409
9	4311783909	9	487786947	9	247
11	3980659958	11	426672081	11	779
11	5194358334	11	982086623	11	548
11	1879900477	11	683419758	11	15
13	3894221121	13	728868682	13	685
11	3568893571	11	753885071	11	520
15	6015282189	15	785608182	15	973
15	8250564899	15	1099308716	15	440
14	5408020526	14	555814614	14	612
14	8316468904	14	625769127	14	572
9	1295848150	9	250595774	9	309
15	7931670052	15	994878209	15	835
19	7966392050	19	1250190425	19	568
11	9128473105	11	1290703311	11	477
11	4110444993	11	805353674	11	522
11	1584717268	11	301803972	11	252
16	3439469224	16	373635570	16	838
17	1938251519	15	191474245	17	27
13	4777280061	13	1048891560	13	255
10	3079455722	10	445273888	10	616
16	1787163371	15	614967112	16	20
14	5525353987	14	550343677	14	367
10	5650290822	9	680001057	10	751
10	878491655	10	251552505	10	692
13	4104264984	13	683166309	13	343
14	6255367795	14	875112894	14	699
14	6370206245	14	1493164224	14	163
13	6095711170	13	249500882	13	863
10	4575229227	10	622598900	10	261
15	8221777009	15	441704820	15	1001
15	15980697364	15	1294512429	15	886
14	8879533534	14	877342449	14	700
14	7542433894	14	752655394	14	558
10	5373208924	10	754265410	10	861
16	5332334793	16	1094265956	16	385
9	6841078970	9	857483234	9	264
5	3056281702	5	625959130	5	371
7	5684979504	7	1238728351	7	231
18	0	0	1307285824	18	13
14	7439651926	14	677446320	14	683
15	5239276004	15	557962456	15	488
19	11172430555	19	253254173	19	891
14	3836687215	14	490497055	14	888
16	6861544775	16	1188082257	16	852
11	3667430366	11	688197377	11	346
11	6954419881	11	1035773875	11	256
12	3570586792	12	619946095	12	731
8	6027457539	8	1490522318	8	114
17	5071438175	17	798515907	17	405
13	5779857705	13	1051186267	13	82
22	6986278224	22	740743422	22	771
13	6578003823	13	1116680118	13	509
11	6455857784	11	1058730809	11	118
11	5956563873	11	980537470	11	94
12	7920158558	12	1125355757	12	521
16	5589803953	16	505150109	16	187
3	2403331431	3	1002989561	3	176
10	6538403971	10	1051679875	10	778
15	6265002750	15	794573546	15	1093
11	3196383043	11	246723631	11	951
14	5733872668	14	990991900	14	546
12	3221838976	12	496536813	12	506
9	4638662544	8	814383396	9	46
16	10289407270	16	1242458587	16	681
17	11870627964	17	810959303	17	647
15	5545976463	15	1113738935	15	665
17	5134543763	17	991150738	17	454
12	10541540730	12	1190396347	12	518
15	11315696773	15	1234792196	15	541
15	8048091586	15	1302750118	15	713
14	3041318440	14	684802764	14	685
16	9414010735	16	938436730	16	1025
18	2816928208	18	304607822	18	302
12	3917143351	12	433221510	12	392
9	3200593157	9	750886108	9	373
14	4803812373	14	611992243	14	790
18	4607308241	18	550899241	18	614
16	6428978342	16	625982337	16	795
9	4871217600	9	619900549	9	537
16	6131646457	16	672629658	16	604
8	6882749437	8	1305496330	8	483
13	5511529877	13	430677282	13	494
16	4677784937	16	808928776	16	719
12	2575196923	12	248284292	12	400
14	9013428846	14	1042054869	14	127
11	2849332526	11	245816011	11	589
17	2544846167	17	244268537	17	610
12	3659999696	12	625104310	12	538
16	7586755528	16	306444494	16	783
14	9543182508	14	739821616	14	532
20	14035504338	20	1238362860	20	585
21	6896188543	21	998632049	21	1063
8	6865514895	8	433533447	8	533
17	6947130193	17	427927372	17	592
13	9017368240	13	860272376	13	176
11	5474767836	11	745381164	11	626
13	4996763880	13	435891904	13	716
11	4468053695	11	1177960440	11	441
10	3686895171	10	504004432	10	636
7	6075175845	7	1067976964	7	543
14	3528169352	14	311895744	14	873
18	7988230479	18	1062735445	18	805
17	7091998603	17	1177629704	17	535
12	3815746322	12	369245028	12	579
17	12561891818	17	941257247	17	716
10	5428400195	10	1240015789	10	475
15	5115237212	15	917912794	15	583
12	4062925429	12	919493496	12	540
15	6839677552	15	1174381160	15	763
16	6708190930	16	739082330	16	972
15	0	0	856713493	15	6
13	3329562451	13	616123714	13	543
15	7768471378	15	747638985	15	765
17	8212753769	17	948760055	17	956
15	21708459109	15	751702813	15	845
12	5044957240	12	367615664	12	807
15	12445426269	15	1299147270	15	471
18	6649600040	18	491186438	18	580
7	1085454410	7	182071061	7	289
17	5112497781	17	432214310	17	613
15	6292131922	15	1067646518	15	918
9	5384518392	9	1559667775	9	458
19	4717787464	19	927381124	19	490
14	3957891325	14	678953467	14	450
11	4489008835	11	870319481	11	120
12	2000646836	12	251923520	12	550
14	9225685801	14	995198135	14	591
9	3437156072	9	690211341	9	108
11	6338646998	11	870534298	11	224
17	8547228320	17	1243147088	17	418
17	5284090090	17	810903058	17	527
15	5257886661	15	923650164	15	433
11	4324712544	11	812944925	11	437
23	6049903531	23	937243989	23	763
9	4232312930	9	1306678830	9	243
15	1397760154	15	307918434	15	492
10	1894772422	10	248551929	10	617
13	3255994442	13	440769524	13	234
15	5827922301	15	741643039	15	829
22	9414915036	22	1061386933	22	671
18	8589240264	18	612531154	18	933
13	4425633425	13	944027849	13	584
12	2936541435	12	429034618	12	517
16	8007187481	16	1153053872	16	652
19	4587039527	19	981582154	19	848
16	7821951772	16	1065995924	16	700
16	9481279021	16	1117741156	16	1029
15	10954919209	15	745884559	15	867
9	7465387024	9	557847999	9	116
16	7978149537	16	1192015976	16	393
17	3206555132	17	927380321	17	196
15	4840409286	15	1228761103	15	175
12	2421350685	12	438886703	12	107
19	6946403185	19	677999203	19	506
21	7518186772	21	555931189	21	467
12	10437429667	12	1364315816	12	513
9	6645583227	9	552511297	9	700
15	6033440860	15	937649558	15	473
12	7461693949	12	560600648	12	370
14	7116658605	14	680300355	14	788
16	5101917913	16	930886222	16	753
15	6184567109	15	806257845	15	519
21	6448500417	21	1105953056	21	511
8	10586326685	8	1111739845	8	412
18	6421952104	18	620078941	18	859
8	3075398536	8	492079959	8	233
14	8293660934	14	437193741	14	341
17	2524909201	17	495780797	17	473
15	3828038514	15	678325712	15	160
17	2526044597	15	366055248	17	40
12	2682151228	12	309724511	12	821
12	6526979491	12	617556256	12	343
13	9129183906	13	924568621	13	299
16	4110244450	16	1120057682	16	501
13	1925053850	13	375658767	13	218
19	9433723333	19	1305455510	19	306
12	3771515876	12	567451058	12	790
10	3204497777	10	679653574	10	440
17	4219710892	17	938717044	17	775
15	1973244870	10	247196804	15	34
15	9022627183	15	733977458	15	371
14	3467390654	14	914161227	14	471
10	8134230398	10	744491958	10	302
18	6189489476	18	977506558	18	614
9	1310853102	9	312896151	9	270
19	12183975952	19	680094702	19	835
18	8482496898	18	867903798	18	737
15	6020468633	15	1187873281	15	541
15	6841871559	15	988695972	15	1149
12	9100668146	12	982171589	12	633
13	6764757093	13	609735664	13	871
11	3345629320	11	363571496	11	523
20	6390912036	20	315279828	20	888
8	2337404085	8	613542848	8	93
11	3379127120	11	924890801	11	129
19	10270974465	19	1297659763	19	705
21	3981290899	21	310827804	21	613
10	3998190303	10	1114611825	10	61
17	5706349136	17	746329901	17	307
16	4649529282	16	809598683	16	719
12	9743553259	12	1176274400	12	489
9	1641249086	9	437578382	9	385
17	8048136660	17	1103597572	17	641
11	3897658881	11	1046220259	11	475
25	7538027718	25	616433963	25	791
22	8253929710	22	429620601	22	513
14	2551120774	14	434774797	14	716
19	14106102994	19	687496234	19	586
10	1623245091	10	368188622	10	738
15	5556987920	15	1354360408	15	579
12	5755835583	12	814057533	12	354
10	4893668512	10	934112776	10	292
11	2426452520	11	617098578	11	254
19	10051696887	19	872298959	19	998
10	6812683887	10	861128273	10	805
7	6084067780	7	868337353	7	128
11	2395109571	11	367956369	11	271
11	15024001258	11	926985643	11	555
7	4158793091	7	992080009	7	303
9	3495808324	9	374616259	9	185
17	2814805888	17	369655359	17	726
18	2803957556	18	252896169	18	397
16	3807588723	16	855357644	16	603
21	6545887479	21	753973531	21	1067
16	4071218685	16	630835547	16	485
15	3932961640	15	555954201	15	737
19	9090952555	19	803774130	19	672
16	4558356392	16	1117451308	16	324
12	2147631981	12	682872175	12	452
15	9959928120	15	875960814	15	249
15	16563865355	15	491779300	15	464
18	7147824954	18	812659323	18	587
12	2756823793	12	441768924	12	589
13	4173287724	13	672208405	13	623
5	1389988618	5	442933365	5	19
16	9714678750	16	793564411	16	665
21	7598551843	21	1049778650	21	784
16	5110324214	16	794606908	16	630
16	6912411918	16	429691213	16	399
15	7731420482	15	881931384	15	738
14	5408651580	14	801261576	14	488
17	5900472041	17	810371710	17	473
10	4054365734	10	822078863	10	307
7	1669688333	7	803950847	7	483
11	3265727716	11	620468830	11	295
11	2174379218	11	428452573	11	592
18	7412513469	18	1232260680	18	1017
12	4831614356	12	259780797	12	687
14	4614566738	14	804288059	14	283
9	4369943529	9	931442798	9	246
19	5419652029	19	491053504	19	587
7	1294105244	7	553264365	7	86
21	8815547828	21	675027341	21	1026
10	3810986468	10	557089161	10	565
12	6208268317	12	1050377121	12	772
9	4964610957	9	689373975	9	319
17	12324641177	17	738151071	17	613
7	5152983875	7	1296545903	7	176
9	3248100032	9	1122022317	9	231
11	5158311374	11	864866503	11	1058
4	1605025242	4	555633887	4	251
15	0	0	1112009214	15	16
11	5434896372	11	622843918	11	835
16	6222988191	16	866270735	16	511
13	4568688089	13	570164074	13	562
9	8945255027	9	1358270280	9	243
21	13034021411	21	1107525722	21	517
13	5485080193	13	868936261	13	675
11	3827291118	11	673730818	11	663
14	7751510949	14	882444348	14	761
6	2090143830	6	560217600	6	98
14	6413077541	14	569178192	14	926
12	4326053443	12	670483445	12	657
11	10288030084	11	623597825	11	293
14	6012001169	14	250949939	14	176
17	0	0	557572937	17	4
21	7280471787	21	1248376952	21	544
6	1790735660	3	423806112	6	21
10	4778819962	10	758046902	10	509
11	2133291690	11	438642216	11	326
9	2634931812	9	440805316	9	523
12	2131750439	12	249010141	12	172
14	4418209830	14	500536034	14	519
