5	432677834	1	311696779	1	6
4	1173255389	1	123641703	1	9
6	2072258824	6	434229975	6	14
9	4703034425	9	869607487	9	25
4	3420943776	4	996664873	4	15
8	2152270125	8	564719709	8	12
4	1206161956	4	252154707	4	13
3	1260325567	3	875755941	3	7
3	1762757937	3	182652439	3	4
8	2199748898	1	931120046	1	6
7	4448659736	7	924359489	7	24
6	368432063	5	121007099	5	7
5	972049875	2	373662261	2	7
7	1274144273	7	186219610	7	16
2	868465516	2	502458747	2	9
8	3024913219	8	617919888	8	12
4	544743816	1	243797642	1	5
7	2310859509	7	372253783	7	23
3	668641506	2	187882078	2	11
4	1162934155	3	188459854	3	3
1	4844688429	1	1434576432	1	11
1	426638067	1	373335702	1	6
4	4370706945	4	1059898607	4	15
11	3114537427	11	507282716	11	17
5	2010988186	4	673120900	4	6
5	2696677552	3	931608314	3	15
3	382733827	3	121219349	3	4
4	4103679100	4	1174430839	4	11
3	3727834189	3	807162233	3	21
6	1478741699	6	121055744	6	7
6	615995936	6	248526091	6	8
6	3854212656	6	1131136551	6	16
6	861240249	6	191150299	6	20
5	971180903	1	504172011	1	6
4	1002396558	3	619535276	3	3
7	4569267510	7	799378551	7	30
6	1103640771	5	192597288	5	9
6	1721080493	6	374359789	6	14
6	3830572080	3	1232369585	3	16
3	4895063879	2	1102576444	2	16
1	1699301617	1	552943186	1	9
5	423865978	5	313362708	5	5
5	428998682	5	184667714	5	8
5	1033306763	3	437607472	3	7
4	2155770359	4	558849964	4	14
5	5674963387	5	1312219985	5	22
6	3992590929	6	1378239367	6	10
5	4955742444	5	1659572544	5	18
8	4647803478	8	688798972	8	21
6	2940094117	6	872746924	6	18
10	2176001230	10	245455755	10	19
5	2910964056	5	801418433	5	18
7	2465779273	7	182554472	7	12
6	2191823033	6	498222092	6	19
7	1044649500	7	248523346	7	10
7	5794643282	7	1496118487	7	30
3	63085237	1	59219304	1	4
2	2980638664	2	1418647399	2	14
7	1714425648	7	810596353	7	7
3	2392592395	2	991538360	2	4
4	3895325073	2	866884222	2	8
4	2764562285	1	625570520	1	6
5	1225443590	5	622018366	5	12
7	3709286215	7	744833839	7	20
4	853845350	2	313594501	2	16
7	4340930234	7	923439473	7	18
10	1407739274	10	247838312	10	21
4	2266590254	4	1040776120	4	12
7	3580783559	7	916747045	7	13
6	123542628	1	59511805	1	6
6	3266361880	6	799933900	6	13
6	3623909218	5	618191219	5	17
6	1891777679	6	489646332	6	11
8	4553801464	8	1236945138	8	18
4	4861326172	4	1102640113	4	16
6	543908484	5	185078951	5	11
7	2180004521	7	303805596	7	12
6	1959208645	6	498704774	6	12
7	3958621219	7	1059346131	7	33
4	1588810089	1	670680009	1	12
5	3164370290	4	617326125	4	20
7	496512178	1	123871478	1	10
4	2192215168	4	683704092	4	5
4	616702980	4	243523223	4	5
6	3463484025	6	816808196	6	23
7	1458412183	7	185239849	7	21
3	440174860	2	185971965	2	5
3	241548604	2	124847168	2	3
7	2199205706	2	441880107	2	15
8	3362113145	4	1251628700	4	11
5	848285037	5	312475691	5	10
5	1341588579	5	376374552	5	9
4	180996059	2	122068761	2	3
6	1100168321	6	434582976	6	7
6	1699594686	6	508361049	6	18
3	3177590386	3	927533306	3	9
2	60233507	1	65396864	1	6
3	3801836151	1	1111101303	1	10
5	1406032426	5	1000413567	5	11
4	4206810294	4	985649254	4	95
6	6121355730	6	1741463537	6	23
4	2689731312	4	1175224822	4	9
3	2564470912	2	1186929966	2	22
6	3242106704	6	1420994689	6	6
5	2087614891	5	734727698	5	11
4	1822259977	4	428190443	4	14
8	905488328	7	250973524	7	8
7	1105318813	6	254589449	6	8
5	609756970	5	244289771	5	11
8	3306697104	8	861923402	8	26
3	123985408	1	62406733	1	6
6	4862721112	6	1417269955	6	19
6	3531693901	6	1057493573	6	13
5	557957915	5	187838845	5	18
2	7230280400	2	3970278101	2	13
2	301096995	1	248733805	1	11
7	2089795137	7	504851396	7	12
7	1681131976	7	371420525	7	9
9	2173589452	9	436465243	9	13
9	1167886118	9	245003855	9	12
10	2897306094	10	380708299	10	17
5	4869894393	5	945117198	5	15
5	1868091993	5	245262461	5	10
5	735981343	3	372206554	3	10
9	2427594951	9	367404708	9	17
9	1283167084	9	249100509	9	14
3	4893853772	2	1416496804	2	5
5	4117136225	1	986717062	1	9
5	2345179892	3	552360938	3	4
6	2062380835	6	363770439	6	14
3	3836849266	1	1599022983	1	6
4	1231455413	3	555467907	3	4
2	3332303462	1	745926015	1	18
5	1542876610	5	495718938	5	9
4	4698994931	4	742749303	4	19
2	2073546807	2	562287927	2	3
4	3413049652	3	746446422	3	23
2	2304393517	2	624633282	2	11
8	549591384	8	310397944	8	27
3	181378535	3	185283269	3	7
7	1039627387	7	376744131	7	13
2	1769629090	2	368479690	2	39
7	2312749068	7	672199835	7	19
10	2966815567	10	731833277	10	21
8	4203006001	8	1048379448	8	15
4	2380382027	3	806142825	4	14
7	3226512120	5	937027803	5	22
8	989292521	8	129105835	8	11
3	422470137	3	248406783	3	5
6	1040178078	6	316356593	6	14
7	916693875	6	126306838	6	13
6	676081936	1	119041726	1	6
3	2140326534	3	494918517	3	12
6	2065201314	6	606041129	6	11
4	2529642878	3	756198883	3	20
6	4635965480	6	1000155535	6	13
5	1328380647	3	305873238	3	10
6	1771187877	2	369571332	2	3
10	3616289222	10	377619048	10	25
8	2802149972	8	798919518	8	21
5	4566710891	3	737509734	3	7
4	988449284	4	309460866	4	10
4	60271269	1	65065665	1	4
3	548821009	2	374901087	2	3
10	2679847301	10	382626309	10	94
4	60196565	1	60986262	1	9
4	247737393	3	130535788	3	7
4	727026882	3	254596854	3	14
4	2569103737	3	422678943	3	11
4	367830177	1	252024403	1	10
6	1157212122	6	247653865	6	11
3	1116192886	3	501520196	3	6
8	1455803205	8	443279441	8	17
5	3089838551	5	686038400	5	10
3	6327711319	3	1425963131	3	8
5	364853104	5	188186917	5	4
9	4216280829	9	550607523	9	24
5	2670156785	3	927099740	5	20
3	907452602	1	239035317	1	5
6	2045251912	6	683476560	6	16
6	1438065609	6	248385956	6	15
3	558644458	2	504735738	2	5
8	2927974346	8	809152630	8	25
5	2901975112	1	1049433752	1	4
4	3787400821	4	932842162	4	25
6	1766306697	6	798722906	6	6
8	1410697233	6	250391570	6	14
8	1775327637	8	495694993	8	10
6	507368867	4	178450857	4	5
6	1940550175	2	614069548	2	22
10	3199365717	10	931669486	10	21
4	3064420773	4	493470789	4	7
5	2309774392	4	619352572	4	7
5	1157075616	5	311002117	5	6
4	2775438609	4	989560950	4	7
2	964232448	1	492276965	1	9
2	1035506905	1	308821994	1	4
6	2542128703	4	433569943	4	17
6	2681231640	5	621978662	5	20
5	3608925430	5	1172576354	5	6
4	738252012	3	242367997	3	6
5	1059706084	5	305555515	5	7
5	1781291435	4	1046584518	4	4
4	1522520366	4	487976030	4	34
5	808525843	5	248210656	5	9
1	2329118460	1	879040322	1	9
5	428935959	1	241703165	1	7
5	3410834492	5	811485086	5	18
6	3699711939	6	868144505	6	21
4	2319322603	4	730664836	4	17
5	1033986449	4	499301677	4	8
7	2218088286	7	430526132	7	8
8	3450383101	8	1116425212	8	11
1	1047786769	1	754150024	1	4
4	1197030822	4	437340567	4	15
5	1762145004	5	732181496	5	15
6	1980474483	6	310513584	6	13
10	1698049814	10	181186414	10	28
5	2925405381	5	618669653	5	9
4	5713117074	3	1596332300	3	5
5	564873243	2	378181599	4	9
7	1577686076	7	189468704	7	27
6	2497799334	3	504030027	3	9
3	558365840	2	183777617	2	10
6	0	0	2093402246	6	17
3	1955316247	3	254280179	3	6
6	58597502	1	65217839	1	5
4	4338102007	3	930351277	3	10
2	4437186605	2	996414966	2	6
4	2015094816	2	372754281	2	16
3	1784693117	2	794641275	2	3
4	2223094791	4	737364192	4	12
4	2127583031	2	375956962	2	11
7	2878166874	7	934061838	7	13
5	5456908451	3	1187922911	3	9
2	854618543	2	554310736	2	10
7	2823393291	7	684139655	7	16
3	244915941	1	128261091	1	6
4	1964813069	4	557658648	4	14
3	2695300582	3	1234958207	3	11
3	1286611549	3	245055529	3	10
7	368105540	4	124472950	4	4
8	7979913383	8	1612827808	8	24
6	1341373373	6	381878004	6	12
7	425715362	6	246663925	6	8
6	1792212016	6	806412122	6	11
3	542487139	3	121514991	3	10
4	1336804592	1	188272908	1	7
5	2448686636	2	373201200	2	7
7	1849905515	7	498804165	7	15
6	2961769265	6	859078856	6	9
4	490610954	4	310156688	4	4
4	3395039076	1	1295795033	1	9
3	1040222679	3	371213376	3	6
2	123476512	2	65217425	2	2
4	911230191	3	498031195	3	4
3	1617699867	3	311171276	3	3
8	937119901	8	309635894	8	10
6	2011067233	6	733848373	6	25
8	4280493284	8	750028907	8	16
5	1598906588	5	369627092	5	6
4	1247289661	1	366918119	1	5
7	1486798093	6	555708647	6	7
7	2965852929	5	373841090	5	12
2	1416623999	1	809123904	1	11
4	2071775701	4	372539611	4	8
6	860931137	6	369481861	6	13
5	3446871738	5	988150054	5	11
3	2213152463	3	615791575	3	4
3	186812648	2	123805929	2	6
4	844823018	3	188174054	3	19
5	790619616	5	186054908	5	10
7	1230616908	7	551124872	7	12
6	3299873191	4	985338656	4	34
8	1478923765	8	427035140	8	82
5	2594402188	5	748671245	5	16
6	3455488510	6	933476570	6	11
4	4586949019	1	1122654205	1	14
4	857156921	3	317931894	3	12
4	560932252	4	298771939	4	7
4	1101853604	1	561024083	1	9
2	1771279393	2	565533938	2	20
5	3207111446	5	1231350965	5	12
6	1289271355	6	368483728	6	11
5	247619821	4	244073293	4	3
7	1958703973	7	432525223	7	14
5	3705611376	1	691378196	1	12
5	2840444654	2	1220353442	2	9
6	919146130	5	620907684	6	12
5	975701648	5	305345099	5	14
4	1938522165	4	612843266	4	26
6	2005228789	6	248659778	6	13
11	0	0	875440821	11	4
4	3169069317	3	858629359	3	10
5	1106417959	3	675658243	3	5
4	2011165956	4	860769019	4	11
5	2755598656	5	874054946	5	17
8	5919883096	8	926684828	8	33
3	2823599926	2	915880808	2	7
4	484378434	1	372389815	1	6
3	5461206820	3	797769157	3	11
5	2148465247	5	740516581	5	10
7	5980786357	7	876729146	7	35
2	1238477925	1	316127950	1	10
4	303652325	4	123764654	4	6
4	4080694546	4	736130995	4	22
10	8793888392	10	921199968	10	99
7	2305289828	7	315930866	7	7
4	2492707483	4	794120639	4	15
9	1692710163	9	557873937	9	21
5	3282011444	5	803018718	5	18
4	6262017328	3	1411054029	3	15
2	4485774699	2	1419248234	2	5
2	372058300	2	123913552	2	5
6	2509827282	6	436724194	6	14
7	799390556	7	181428574	7	11
5	123542886	2	121923972	2	9
4	1728362336	1	619681073	1	9
5	738138859	5	185219772	5	6
3	302044893	2	129939021	2	5
5	556882439	1	379293475	1	3
7	800841730	7	241306329	7	20
3	675157506	1	501068000	1	5
5	188166665	1	185834399	1	3
6	6538016951	6	1715295326	6	19
8	3394856147	8	1106704304	8	25
6	3865078347	1	944226834	1	15
8	1524336822	6	430011639	6	7
9	1641097026	9	241204022	9	13
3	424714950	2	184877101	2	7
5	687280305	3	446451869	3	11
4	1966724991	1	243673144	1	10
8	2504548802	8	620917131	8	9
6	2774096555	6	1034994601	6	18
8	7058252336	8	1472716140	8	14
4	4242105561	4	1051162748	4	17
4	1902442460	1	1293155677	1	5
8	7398395208	8	1868508635	8	15
4	664920183	3	249570019	3	9
7	4160760629	7	744229719	7	15
5	547211129	3	369944599	3	8
10	2416472183	10	571109230	10	40
5	3220672394	3	1736962490	3	16
6	63075104	1	58729297	1	11
3	6066862235	3	2099928357	3	19
7	2849315491	7	252116550	7	31
6	1034003110	2	373452399	2	7
6	2074984240	6	555601576	6	18
5	3071784614	5	560081017	5	17
5	1637286295	2	372940624	2	13
2	6746031314	2	1235966654	2	13
2	435213311	1	65344194	1	3
7	620263241	7	186980976	7	8
7	1045101028	7	243335686	7	13
2	2086954992	1	743248903	1	6
2	1577950555	2	245451454	2	8
5	6534923002	5	1673546837	5	17
11	1978160988	11	548960206	11	17
6	3079957359	6	862434929	6	20
4	4207396072	4	1239387879	4	18
2	6358171500	2	1309553813	2	16
5	2985651006	5	985260286	5	12
3	4782427601	3	1360477950	3	12
10	2085361649	10	434585177	10	10
9	2344438729	9	307852336	9	214
10	2792331575	10	374966502	10	16
8	6015429947	8	1157674454	8	36
8	738979316	8	246627938	8	6
2	3305432336	2	1051863476	2	10
3	610306548	1	431731511	1	6
4	186448461	3	126412460	3	2
5	1784505861	5	686580534	5	16
5	4935183175	5	1345069671	5	17
7	2721800431	7	816424598	7	13
6	1884840542	6	496163231	6	20
3	611207208	1	187690950	1	14
11	3701890818	11	918233604	11	19
7	817249721	7	243935288	7	6
5	1411731239	4	370212671	4	5
4	6301105174	4	932248555	4	11
5	1097593915	2	361163401	2	21
6	2271006547	2	990108528	2	10
5	180011688	1	124121941	1	4
6	844326080	6	182150476	6	26
4	427063616	4	124095826	4	10
6	1662155400	5	683108773	5	12
7	3238032474	7	994572337	7	29
6	742459995	6	379149173	6	6
5	3959945507	5	1307062553	5	11
8	2318539153	6	554231455	6	18
12	1635788842	12	186364362	12	23
9	2039848294	9	190219378	9	30
7	2108973377	7	492281158	7	21
6	2493186530	5	867304458	5	24
5	2344687123	5	606559776	5	8
7	3461228612	7	1051591022	7	18
7	1475620042	7	619019591	7	11
3	1769565227	3	633707167	3	12
7	2144391901	6	669175311	6	15
5	1112117566	1	380608041	1	6
4	519970170	3	181864394	3	6
5	1212901909	5	250894486	5	16
4	5778809114	4	1359151019	4	12
5	3454828788	5	1177677419	5	10
8	812088039	8	188907312	8	10
2	3137334807	2	1295784468	2	6
6	2993179862	6	1046776511	6	14
8	6875966849	8	1172060127	8	19
4	493764488	3	193768534	3	6
7	909342339	3	194357623	3	9
4	5071745831	4	1063670723	4	14
6	2030023239	6	685915785	6	11
4	1661158057	3	688309506	3	10
3	3369344473	2	614816149	2	12
9	2762278920	9	490117314	9	26
3	625386762	2	433426248	2	3
4	4644367733	4	1178889196	4	15
3	753818331	2	179073562	2	7
2	1368944975	1	434811622	1	2
4	2223185642	4	562584233	4	7
7	2389950832	7	489419219	7	17
11	4862997304	11	364772513	11	32
9	2458361482	7	612975781	7	19
5	2654410524	4	495877355	4	16
9	3878708013	8	987863629	9	24
6	2267651365	6	436403352	6	12
7	4086444334	7	933394808	7	19
5	3292642540	5	731647621	5	14
5	2258908792	5	998985684	5	7
6	1217288305	6	368113926	6	13
7	3503395799	7	734919641	7	22
7	3969688532	7	732630059	7	27
3	7216402658	3	1113405370	3	11
7	4725152742	6	1047134258	6	13
3	2315934730	3	750285535	3	12
4	2636576138	4	623222059	4	16
10	1089691563	10	304952522	10	24
6	3846049604	6	980944927	6	10
4	3275232685	4	1050865564	4	15
9	3261287666	9	564861016	9	37
6	5643879119	3	990208004	3	20
4	1633061303	4	493081496	4	8
6	2698377313	6	815756557	6	20
4	3299629515	4	311231618	4	11
4	2499334243	3	613928125	3	13
3	61946059	1	58570488	1	1
5	733235694	2	254817921	2	11
4	3118569373	4	1223585968	4	7
3	2471792665	3	123135434	3	8
6	4733736158	5	1621408891	5	5
4	2855123201	4	740100334	4	14
5	181818771	3	60439997	3	4
6	2508585427	6	870773795	6	12
6	3042544514	6	371477894	6	21
3	3743099733	3	1613950914	3	6
4	733978664	4	310799337	4	7
2	1964567790	2	929891436	2	6
3	1164781513	3	628516663	3	7
3	2757188296	1	564278139	1	10
7	3415710384	6	620553883	6	175
10	1947287699	10	435359987	10	20
8	1658755863	8	801075466	8	17
7	3585749929	5	381388984	5	19
6	1885661058	6	308637081	6	16
3	805695777	1	315086192	1	8
7	2755259608	7	745223052	7	18
5	1965942175	5	1176328601	5	8
6	2274938568	6	621125715	6	11
5	2143737880	5	736926564	5	15
5	851522835	1	248977044	1	9
8	4331280016	8	1127446506	8	14
6	800980211	6	249619708	6	15
2	3653807317	1	674476868	1	10
3	2505608510	2	809881393	2	5
4	3497240873	4	1124507567	4	13
6	6496901155	6	1127053245	6	20
4	754280797	4	311878916	4	4
8	4654476204	8	1050429003	8	12
6	4331604992	6	674036912	6	29
4	1283479453	4	366903406	4	9
5	732891342	5	186927653	5	9
9	2913166719	9	500918595	9	19
3	790771166	3	185895093	3	12
7	1610484782	5	427667932	5	12
3	180202639	3	119066327	3	7
6	490940173	1	500144656	1	4
7	2658834851	7	871061452	7	15
8	62838370	1	64201763	1	2
6	3543985226	5	814846339	5	16
5	2863467555	2	938868567	2	8
4	189062213	3	187197027	3	1
5	6177708559	3	981333932	3	20
4	1195772543	3	379119337	3	11
9	5291139750	9	1562988935	9	16
3	2155195379	1	750898985	1	5
4	250729436	4	178110194	4	7
6	904659042	6	187699292	6	15
3	1408175981	2	502590749	2	3
13	4296994871	13	875706683	13	22
6	185882114	1	188433985	1	6
8	1625683547	8	433415492	8	19
6	1532438439	4	186236558	4	19
7	120506666	2	126770735	2	7
5	4688146307	5	1053257463	5	13
6	914509748	6	178283165	6	14
10	6979187113	10	629019542	10	16
6	977725570	2	312908606	2	5
3	1329145335	3	437691057	3	13
4	1452796759	3	305327172	3	10
5	3528349427	5	925982869	5	13
4	1909205732	3	556951821	3	7
5	2165556177	4	804898495	4	8
4	2275279490	1	1306034073	1	3
9	1457342377	9	375439386	9	12
4	4582809408	3	921368626	3	27
3	1794591366	1	502181193	1	9
6	4083514657	6	991801382	6	5
3	304186697	1	123729721	1	4
6	3110941180	6	750044952	6	10
4	3638115055	1	805110549	1	12
2	4559138171	1	926885438	1	14
6	3389796567	4	1363885684	4	12
8	4178683951	8	1051883364	8	10
4	440996163	4	248402830	4	4
6	3585368945	4	731701204	4	15
3	306060302	2	252403897	2	3
7	1464147071	7	371908154	7	21
6	64006926	1	62698530	1	2
8	4970625042	7	1061506236	7	13
5	2554049691	5	877453397	5	12
4	2488991095	2	624094599	2	23
4	704153688	4	121786942	4	6
3	388315222	3	125396492	3	3
4	1937059933	4	495563977	4	15
2	2455836740	1	755250625	1	9
5	3253835152	3	561892421	3	17
4	5004028395	4	1621698437	4	14
4	7135113949	4	1373595631	4	9
5	2944209634	1	507200461	1	9
3	1851044978	3	867905560	3	6
3	2011298875	3	818551813	3	7
3	2752035235	2	736639302	2	16
6	1593086124	5	558339270	5	10
7	2127324638	7	561679880	7	15
10	1929211799	10	310012826	10	30
7	6858931646	7	1044685738	7	20
10	1222195324	10	307882302	10	15
4	7822400382	2	1796509230	2	9
5	3369182857	4	1054261255	4	8
5	4352032413	5	988809084	5	19
4	732819775	4	126548012	4	7
7	428639745	2	124071054	2	7
6	1960795105	5	438085368	5	12
5	493507599	2	366110962	2	4
7	4184101208	7	822289647	7	18
4	1295240002	4	981890980	4	5
7	1450058804	7	184857374	7	15
6	616832187	6	307755970	6	4
4	1039808297	4	558975088	4	4
10	1636655511	9	369613002	9	12
4	2798636085	3	935720869	3	6
6	1642005341	6	487272376	6	14
6	180465207	1	121686856	1	12
7	1286834292	7	315224347	7	11
6	733871354	6	434698773	6	6
7	2156235798	7	371327496	7	13
5	917825513	4	122575882	4	5
3	243744907	1	242138953	1	4
4	1770780416	3	426113475	3	7
5	1024942977	5	123207975	5	17
4	306966124	2	65168610	2	6
6	3438988731	6	560640550	6	8
1	6121960298	1	1245118144	1	16
4	2820870724	3	1049876620	3	11
5	1463973029	5	683460323	5	8
6	3605803084	6	620211291	6	9
7	1662880727	7	436867349	7	13
8	1671927100	8	552865386	8	18
4	8551433162	2	1916271433	2	10
8	725223762	8	189425740	8	15
4	1383141061	4	180192059	4	15
6	4093743603	6	631954117	6	18
11	2059668652	11	500271396	11	21
7	2321019422	5	803092560	5	11
5	1333199461	4	612755303	4	4
6	612956490	4	122548936	4	12
4	3788911071	4	809035657	4	22
9	885318888	9	187698825	9	13
3	2662639927	3	554160324	3	26
8	551462104	8	247176844	8	7
10	1643832951	10	310065554	10	13
10	5009324202	10	1062811095	10	17
3	1034660598	1	310283466	1	5
5	1657082481	3	795885492	3	8
4	1169118939	1	435920357	1	6
7	2924583467	7	859686670	7	15
1	793632493	1	183065729	1	4
7	3856443230	7	1185647519	7	16
11	4542236323	11	1169094307	11	20
8	2374807108	8	681413351	8	11
3	1220863974	3	315718138	3	9
5	2922716306	1	1238061991	5	12
5	789249437	4	187209290	4	4
6	677327564	6	242630852	6	16
4	2886587268	4	815382125	4	8
6	1087472397	5	241436457	5	18
7	3176840956	6	872990817	7	27
6	2184235934	6	437313624	6	12
2	310889740	1	121810226	1	3
3	5640952708	2	1495261410	2	21
6	1639691033	6	559115686	6	18
8	971986340	8	376012686	8	17
6	1031398481	6	442124241	6	12
2	1778530044	1	499209061	1	4
2	3460040288	2	1535985598	2	7
6	4005158082	6	747721026	6	22
2	246055512	1	123545940	1	4
5	1343523419	5	369309696	5	5
6	2564298637	5	860200795	5	10
5	1719335285	5	740457441	5	10
3	4157570686	2	1050434621	2	8
6	4045483702	1	940488043	1	11
7	561802413	4	192137844	4	4
5	2088779250	5	871093933	5	12
6	3330210465	6	991118513	6	10
8	1959752069	8	617798090	8	13
3	3387429469	1	552149545	1	8
2	1440633005	2	248368997	2	20
5	2958187526	5	1229695135	5	13
6	973771595	6	184691705	6	7
3	1589071763	2	309203256	2	8
7	2084796454	7	750552947	7	22
5	3124578371	2	1047645547	2	14
5	2030585280	5	494641746	5	13
5	3122043551	3	992052568	3	5
7	481481755	7	252094624	7	9
4	2541017540	1	620958802	1	16
4	1207737202	4	370884602	4	7
8	3362113145	4	1251628700	4	11
5	2269024402	2	563526214	2	10
6	1031309915	5	303233109	5	10
2	5531743585	2	1052016743	2	10
6	2469093987	6	747316580	6	13
4	801523196	4	371586698	4	7
4	2026726915	3	989707361	3	6
4	794625221	4	191339323	4	6
6	1935190372	6	305638409	6	11
7	1080277325	4	311479622	4	20
4	306917002	4	126447165	4	6
8	6173977510	8	868998015	8	21
7	1032550972	4	490578329	4	4
7	2979807905	7	812047031	7	12
6	3939499716	6	806158186	6	24
4	499446185	4	186149881	4	6
7	1642715429	7	878892037	7	8
6	1965470503	6	555366934	6	14
6	4016680680	2	859037022	2	20
7	3776953308	7	1182850380	7	21
10	3767230038	10	1184525813	10	28
6	3373781203	6	981001991	6	15
10	2621899292	10	432311496	10	27
6	1095994802	6	181888506	6	13
5	6548334504	5	686548953	5	23
5	2621421665	5	1124063341	5	7
2	4559526215	1	1294811503	1	5
7	122472027	1	61193983	1	4
7	2656512089	7	614157031	7	19
7	5118789202	7	870616233	7	16
6	1049698690	5	247226926	5	10
9	1214543124	9	242149021	9	15
3	3212403409	2	1235272929	2	11
7	4974893811	7	865999211	7	9
3	1172100943	1	257131239	1	6
4	1184673562	2	376012986	2	10
5	2268242701	5	799517182	5	7
4	3796713434	4	1355543502	4	9
5	3336528460	1	1043004731	1	7
10	7354272858	10	1976717335	10	14
6	1030146370	6	305198200	6	17
6	2733963106	3	792827432	3	6
6	3224385659	6	563197597	6	19
9	0	0	1037538311	9	9
7	848283685	7	180212628	7	17
3	3537053151	2	681967094	2	16
2	2015307028	2	625309950	2	16
9	2173589452	9	436465243	9	13
6	1818581745	6	740810593	6	12
13	2672481118	13	613458098	13	14
10	2671710832	10	680525413	10	26
6	2453854033	6	685858853	6	7
11	4391681057	11	1107885618	11	23
11	4655538986	11	1050531812	11	37
10	2478884127	10	1040539653	10	21
5	962837294	4	123936437	4	13
4	1842405462	4	377396969	4	20
5	305225890	3	127674094	3	7
4	6284371736	3	1748033912	3	5
4	1974506053	4	562939227	4	10
4	245523854	4	126880954	4	6
7	3427061508	7	560033873	7	24
6	3923376428	6	745828611	6	11
6	2061818861	6	616721916	6	10
4	802602564	3	248160508	3	6
6	3222319901	6	494159270	6	39
7	1147596463	7	443503220	7	14
3	1509036146	1	445813774	1	7
6	2795312688	6	685530749	6	36
3	1546406432	2	365085173	2	15
5	366243351	4	181521412	4	7
7	4354124151	1	1485917758	1	6
9	2495379084	9	439717671	9	25
3	1116213457	3	370587792	3	11
7	3779706258	7	426571879	7	15
3	553520996	3	125998069	3	8
8	925231147	4	244441470	8	13
4	4565615120	1	1242529388	1	9
6	1943698985	6	247727687	6	5
10	1159379235	10	243857910	10	15
6	1269327952	5	124778846	5	6
6	2386338346	6	374825762	6	16
5	184873273	3	127602814	3	15
6	2411209338	6	306391728	6	15
4	1461673296	4	502961413	4	11
5	3836893341	4	1492627170	4	8
3	1853461960	3	800339164	3	10
4	4707186229	4	1368538808	4	12
4	1766693067	1	248432694	1	11
5	438397056	4	307633276	4	8
2	1164596532	2	248787624	2	12
6	5178777426	6	1313257214	6	19
4	2707061423	4	870458413	4	9
3	3026262884	3	683401404	3	12
6	2258632486	6	427834020	6	36
5	4828771374	5	1156754713	5	15
4	1965930955	1	684699513	1	12
5	5022144171	5	1435993118	5	8
5	473114388	1	180917765	1	7
5	492563547	3	363865280	3	4
5	2785991079	5	1304617777	5	21
9	2642235820	9	677811505	9	15
4	2622497806	2	855449844	2	4
1	245387110	1	254786305	1	2
5	1408893308	5	193089100	5	15
1	2869174636	1	862740583	1	8
8	2306985075	8	742219470	8	25
3	2673370404	1	491831323	1	5
2	2332289860	2	922738282	2	10
5	968882889	5	316366734	5	15
3	3513519403	2	636876055	2	15
5	1548695854	2	494642123	2	6
5	3675320006	5	878218030	5	29
4	4558975265	2	1129105155	2	8
9	1536198992	8	360920567	8	9
4	242035625	3	185070386	3	3
3	2570566620	3	741216159	3	13
7	2140940625	4	381609018	4	16
6	3371947521	6	736148922	6	22
3	2568341142	3	628961471	3	11
2	1716137153	1	880092597	1	3
4	1881713284	3	620912847	3	17
8	2064930234	8	492341513	8	17
7	1737087999	7	927564259	7	10
2	1464625057	2	180220055	2	7
4	4273852049	4	629787200	4	29
4	1580281020	4	688726896	4	17
8	624495314	8	121364501	8	15
5	683974792	5	370195884	5	11
6	3216154186	6	865120253	6	15
5	1217368987	2	570843282	2	3
2	857375104	2	488611537	2	8
9	2706786811	9	434325008	9	27
5	123227222	1	59532335	1	6
3	2411536677	1	809024180	1	11
3	4933725186	3	1107672298	3	8
2	1336254963	2	552579806	2	6
7	609397942	1	243633243	1	11
3	3816806817	1	933114927	1	23
7	1040750816	4	315465160	4	8
5	4680157716	5	1544375951	5	8
11	5081457181	11	1168752102	11	25
3	247459093	3	127159858	3	10
5	5293939883	3	1373559299	3	19
6	1320648658	6	251516193	6	13
6	1653784411	6	312133959	6	8
5	3904594498	5	1349541610	5	12
6	1589654480	5	553473233	5	19
2	251516372	1	120001421	1	12
7	6625630095	7	988530735	7	17
2	1474082988	1	624620983	1	4
9	3500757087	9	376297271	9	30
5	1839638390	5	432856836	5	17
1	2070151475	1	749216085	1	6
4	1770369918	2	555134736	2	11
1	2003176054	1	741885452	1	14
5	1104453512	2	366556171	2	13
4	3756400308	3	686987991	3	17
10	1649017023	1	560445980	1	3
3	3559126905	2	986402018	2	14
3	3079012807	2	1790955587	2	7
2	3516641001	2	434308090	2	7
4	4125181029	4	694432893	4	11
4	5640946705	4	1618733738	4	6
3	676589029	1	241855692	1	3
5	1276908073	4	190570070	4	14
5	63451256	1	61411483	1	2
7	3706983173	7	619357961	7	17
4	2350385310	4	368553029	4	12
4	4952576604	1	933034093	1	18
6	2282093061	4	552061936	4	9
3	2014352836	2	616140835	2	11
5	423024119	5	124765438	5	7
8	2942120557	8	829190830	8	17
6	435322030	6	435626502	6	2
4	788891281	4	188754576	4	19
6	2111418521	6	625023428	6	13
6	2525171890	6	493336577	6	20
7	2516253656	7	984518330	7	10
2	3133576599	2	929716669	2	3
5	1051214333	4	124617479	4	6
7	2784518090	6	496401683	6	13
8	2064989318	8	619346625	8	24
4	2065946727	1	749012165	1	12
5	2739505736	5	998650859	5	13
10	2007287065	10	252977492	10	18
5	804071401	5	127048535	5	24
2	1534710208	1	434580506	1	12
3	2432606680	2	740072352	2	19
6	4006832437	6	1058638448	6	25
2	432346436	1	190232753	1	6
6	3094457622	6	862858664	6	20
5	2868272601	5	614170058	5	14
6	3769701841	3	675052001	3	4
4	3555304278	4	734050074	4	6
8	1479866832	6	806278725	6	6
5	2090179413	1	742741049	1	18
4	429670776	4	181142317	4	10
6	2068424930	6	750256160	6	17
9	2867115681	9	485513686	9	20
6	1888207671	6	550892340	6	10
8	3074128396	8	493776833	8	18
7	3312694620	7	1236276211	7	11
5	1656186007	4	618199428	4	9
10	3409822204	10	862746996	10	11
4	3709054872	4	875122247	4	20
6	3788423141	5	1299655132	5	15
4	2137725218	2	491402905	2	8
8	7658875131	8	1997129582	8	12
6	2712300173	6	800930806	6	16
8	909461122	8	181736818	8	17
4	3058565438	4	735556728	4	10
7	4093654570	4	554811475	4	13
7	1711203717	7	681616717	7	12
5	1230726163	4	186534382	4	9
4	3176380900	1	749819558	1	10
4	308484351	4	252474758	4	9
6	2250671105	6	747904525	6	15
5	3891083435	3	863397438	3	9
7	2147291434	7	735445951	7	9
3	313999891	3	186051537	3	5
4	1094806280	4	313550976	4	10
7	5328788158	7	740498906	7	35
4	187435775	3	124883031	3	2
8	0	0	1225735786	4	6
6	4916974013	6	747709153	6	14
8	1654809111	8	243953934	8	14
5	1897801932	4	875605249	4	10
8	4757992175	8	1610220043	8	11
6	1223338571	1	303990885	1	10
2	2000085396	2	429336724	2	10
2	2622251493	2	736876339	2	3
7	3334664707	6	930511147	6	10
4	5625385782	4	1564770402	4	11
4	6118213037	2	1438032686	4	15
3	3105518655	3	559066144	3	10
4	673313118	1	305952779	1	3
9	2556790685	9	490565526	9	31
9	3942684911	9	995397909	9	24
5	1749047493	5	685777486	5	13
3	4623965945	3	862877184	3	17
5	1447382505	5	246165148	5	19
9	5202443957	9	939222743	9	33
8	3351457021	8	375789260	8	17
4	3131430333	4	788785196	4	7
8	245486574	2	124069739	2	6
7	1038657075	7	313639448	7	12
1	1653930905	1	686357157	1	18
3	3153552518	3	1307638426	3	9
8	4062443937	8	690810825	8	37
4	4569129905	4	930728723	4	18
5	1069605634	4	366549530	4	13
2	4066074196	1	808396268	1	12
3	0	0	551434131	2	12
4	3602256065	3	990777653	3	4
8	2393798981	8	432986951	8	20
6	4065599266	6	798975316	6	14
6	2314475650	6	1007476608	6	8
4	3467689296	4	1245079877	4	5
8	497220845	8	245438073	8	5
5	3255936074	4	543416807	4	13
3	1846596236	2	500971811	2	5
9	3255260088	9	692772789	9	48
6	1104401922	5	242472966	5	17
5	7018545441	5	1253334903	5	15
3	604605292	3	364910568	3	6
4	6018608222	4	1544688155	4	15
10	2325240622	8	248532478	8	16
11	129786871	1	122218368	1	1
5	619284683	1	371252734	1	14
5	2438402116	4	977925740	4	6
6	4216485775	2	557661619	2	22
8	3837025482	8	757329148	8	34
7	3597207129	7	739483513	7	22
5	1295118307	5	374872472	5	8
3	2142633002	2	811752323	2	12
2	426500041	2	128981946	2	2
5	3538267810	5	622127596	5	9
6	5961486371	6	1367466047	6	19
7	2814825069	7	815723032	7	12
5	3036513948	5	734925285	5	9
8	2206286210	7	437393838	7	10
10	1399812000	7	554582012	7	10
7	5419872642	7	1122309087	7	22
2	186304821	1	185608943	1	1
4	5185972840	2	860082938	2	15
6	3076990508	6	681451418	6	11
3	303844006	1	124448713	1	9
5	4563992042	5	810918548	5	17
5	1459170007	4	192514584	4	7
8	2598373815	8	690692630	8	18
5	1156213610	5	495832366	5	14
7	791153204	7	186223475	7	12
6	2442128650	6	874746201	6	9
5	924209885	2	442480890	2	3
5	2496786847	5	494896849	5	16
9	1656154337	9	253909193	9	14
4	734412517	4	304279935	4	12
6	5864053487	6	1742975427	6	13
4	368146671	1	186189615	1	4
1	65002415	1	62040353	1	6
4	3800417167	3	681679618	3	10
7	1233029722	7	365132531	7	10
5	1595072094	5	306731878	5	20
1	2525914443	1	494518031	1	4
6	1764961562	5	632392892	5	14
5	1601019615	2	690839170	2	11
5	2961395065	5	688464449	5	5
2	122027742	2	61108644	2	5
5	5671028333	5	1125462664	5	22
6	1553438774	6	245571492	6	19
4	677059899	3	439212601	3	7
12	4723568971	12	869714562	12	20
3	183011624	3	187747167	3	1
2	2083619228	1	614197528	1	3
3	1728462352	2	436384147	2	11
5	6550239990	5	1909790510	5	17
6	1189678652	5	428215988	5	7
5	1281186135	5	431886153	5	8
4	1390997791	3	182324623	3	9
3	3367322429	2	1549091160	2	5
5	3754438949	4	747753549	4	11
4	669416479	2	316686114	2	17
9	3241967230	9	1233621355	9	10
7	2143310996	7	617787643	7	17
5	1213937379	5	434553398	5	11
3	2742343289	2	678600027	2	12
5	3399239791	5	935563953	5	20
4	963896877	4	436891075	4	10
7	2610561533	7	558586243	7	20
4	1650117871	4	498044945	4	7
4	486367277	1	125984813	1	3
6	1598888889	6	438952254	6	14
3	1697098979	1	556291877	1	4
6	674581618	6	182903550	6	9
11	1883228070	11	187864135	11	26
5	1838543303	5	191941296	5	10
4	849451641	3	183846726	3	15
3	5896749165	3	1677732685	3	7
2	1050605652	2	185248123	2	8
4	3374290570	4	752272679	4	7
9	3802430736	9	613870488	9	14
2	2744178665	2	564489616	2	18
2	2332289860	2	922738282	2	10
6	4101234946	2	998561930	2	12
2	3204107812	1	1180255144	1	4
5	1712574899	5	426415331	5	10
5	2550304229	1	625812621	1	15
9	1627532359	9	247288825	9	20
6	4370482763	6	749386790	6	13
4	1226568563	2	370952732	2	9
5	2321403902	5	547405296	5	12
6	4314765499	5	944384391	5	26
5	909875179	5	252853487	5	14
3	3094189505	3	1248723896	3	10
7	2749804742	7	925835947	7	30
5	1131203904	1	430061408	1	12
5	1593658603	2	1064862605	2	5
2	1152864690	2	356885238	2	11
5	3303864532	1	1065977167	1	12
8	5354232158	6	1237463085	6	15
6	5455589909	6	806090804	6	12
4	733885412	4	185117571	4	9
7	4830898178	7	1175188384	7	13
5	977586282	3	310070582	3	6
5	2174908438	5	684093659	5	13
6	1172359290	3	435881260	5	10
