5	240473312	3	811543722	5	8
7	2610414250	7	806688069	7	147
6	1239848308	6	424817654	6	103
6	3225438554	3	1292530017	3	22
9	0	0	980276697	9	2
6	1848056306	2	1055755513	2	26
5	1051667403	1	626115553	1	8
6	5354037522	5	876429707	6	89
7	4340991724	7	1671353287	7	25
8	3327273364	7	621692596	7	99
8	5564546187	8	936789910	8	333
4	2964732228	4	878857988	4	22
5	969555131	3	369504722	3	6
7	2456319223	7	627312798	7	234
9	3484728533	9	433151347	9	298
8	992986083	8	314393967	8	28
4	2274679141	1	741410442	1	16
9	0	0	933197959	8	2
13	2231782054	13	507566921	13	35
6	2646780434	6	989396430	6	11
10	5904151494	1	1419845449	10	36
7	2494476470	7	870913796	7	104
13	3698059755	13	1296896725	13	27
6	4280951191	6	865018786	6	53
9	3487112630	9	729914917	9	296
8	2519276310	7	305277489	7	173
5	1660191657	2	1121175100	2	7
7	4138475525	7	562460557	7	387
13	4333116220	13	861864449	13	576
4	0	0	2069233885	4	117
8	3037645107	8	750155142	8	201
8	6143039596	8	1005386561	8	40
10	2652458645	10	505593709	10	279
8	1289678769	6	421973783	8	18
6	6835263197	6	798561446	6	176
6	1242550188	5	423887969	5	152
7	0	0	1115685475	7	6
13	3472336141	13	864480385	13	162
6	1827273209	6	800265069	6	186
7	3458806213	7	1045879325	7	143
11	5315002003	10	1798488531	11	87
9	1201817159	9	441213749	9	132
6	5959847786	6	1441700528	6	18
11	3099341674	11	182641571	11	430
8	2465067431	8	311735162	8	530
9	2338313406	9	254014152	9	277
9	1954080014	9	627429650	9	52
5	1401220346	5	371540767	5	10
8	1911043432	8	489014970	8	30
6	922631830	6	183702767	6	215
9	3727595279	9	735857974	9	220
8	1722320230	8	189832040	8	411
6	8582630642	6	927557306	6	75
3	2249299220	3	316168242	3	17
5	2103502608	5	188928652	5	76
4	2725180128	4	495081614	4	373
6	2063732695	6	795161156	6	24
9	5218076980	9	1056498693	9	595
13	1955158993	13	183910974	13	593
9	0	0	565822810	9	2
8	1091405799	8	237679989	8	45
6	2099973816	3	1297814531	6	35
9	4276719035	9	1410092388	9	139
13	4586233650	13	863842171	13	115
7	2169435395	7	490688992	7	74
11	3134185289	11	1060242090	11	18
8	0	0	2185499929	8	2
8	0	0	1098363996	8	3
5	3797455583	3	1053686857	3	29
5	4412143418	5	1052759936	5	61
7	4844902715	7	2049664330	7	51
3	1972668990	3	1356127749	3	12
7	4231437974	7	1228722434	7	317
13	4679495088	13	757278393	13	242
9	3103649603	9	489999351	9	284
9	0	0	1240714496	9	3
4	1551598145	4	486794091	4	13
8	1152434427	8	180593948	8	426
7	0	0	799589462	7	2
8	2687410166	8	866306466	8	68
11	2851198350	11	1171402397	11	36
7	3323858818	6	879437574	7	41
7	0	0	677898151	7	8
8	2824062426	8	998429530	8	118
8	3095794597	8	1557711549	8	214
9	2610026013	9	305866870	9	216
7	6170621241	7	1301039329	7	38
13	2023765122	13	310332200	13	408
10	3409857300	10	751846699	10	764
8	3567698523	8	936247245	8	261
9	1188350169	9	306062491	9	242
6	2623170103	6	1181955670	6	139
5	0	0	555002543	1	6
9	2114512385	9	497799408	9	307
3	1251089484	3	862784558	3	3
6	0	0	1351058395	6	2
9	2399651816	9	936049196	9	134
5	795538407	5	304338573	5	61
4	1095208164	4	616361863	4	320
9	1406193969	9	804052934	9	87
7	1234864239	7	425376053	7	20
7	3188247914	7	1669672097	7	72
8	1341224079	8	613222700	8	13
11	3758154269	11	1354136330	11	53
6	5152881811	6	1662252716	6	36
6	7814992536	6	748305384	6	335
7	6794126878	7	1116001740	7	265
9	3749714072	9	994383502	9	213
9	3807864303	9	628599487	9	254
11	0	0	798138320	11	2
5	2106131091	5	1302660434	5	12
11	0	0	492914760	11	3
4	1936976984	3	629024355	3	12
7	1911062424	7	431241429	7	349
5	2076898704	5	499089148	5	253
9	2691165364	9	876039523	9	285
17	3952636049	17	188908328	17	604
6	2483136912	6	1421661566	6	24
12	2306298906	12	851080160	12	102
7	1062074967	7	250695271	7	53
7	3430583650	7	306983158	7	30
8	1944319015	8	561073166	8	243
11	4249374500	11	1117071690	11	226
9	4705861457	9	736622557	9	434
13	3303466273	13	1045142805	13	384
7	3552681744	7	683445852	7	76
12	5610296667	12	687768574	12	109
5	0	0	1171507902	5	9
3	590039034	2	252893255	3	15
11	4482929448	11	1501137462	11	45
3	365726848	2	251192171	2	5
8	1726977869	8	311911391	8	301
9	2508878175	9	755673346	9	25
4	856294226	4	314053778	4	173
6	1471482788	5	1665977657	6	23
13	2934526314	13	563458826	13	679
5	4791682751	5	498177024	5	275
6	0	0	1001187835	6	15
11	5968522743	11	1867795345	11	94
4	0	0	814880979	4	6
8	2467334324	8	1228473090	8	8
9	3299972715	9	860184033	9	103
10	919749084	10	312449673	10	274
6	3788380284	6	863521665	6	186
9	3026031229	9	624682671	9	34
6	0	0	870936666	6	34
6	0	0	1164454368	6	102
6	6088382015	6	1050802327	6	127
11	0	0	1925166060	9	4
13	4425197157	13	1222457882	13	180
12	4598083862	12	1105627395	12	46
6	1833196224	6	366210793	6	145
4	2520861125	4	927253014	4	25
10	1756460105	10	428297470	10	29
13	5178057788	12	704685114	13	35
8	1935865146	8	945294992	8	153
11	4290364953	11	625215448	11	607
5	759957807	1	1660545314	5	6
7	3827857668	7	672485927	7	254
8	1904678312	8	807936184	8	257
7	4189988305	6	801226629	6	18
8	4990618585	8	982128365	8	137
8	1714914591	1	873231827	1	59
8	3646076789	8	559726517	8	90
5	0	0	1175500098	5	17
6	1864030556	6	547997346	6	336
11	3272446537	11	501015464	11	142
7	1292942760	3	686721753	7	14
6	5079819424	6	752086910	6	147
7	3689273258	3	1718813114	3	20
6	4753034337	6	1317394747	6	255
8	0	0	488895662	8	11
7	2247450284	3	810963749	3	14
13	5014962856	13	677266885	13	437
9	2899924237	9	805355094	9	196
8	1212581953	8	434283293	8	40
10	3130427574	10	623176952	10	23
15	1554638639	15	248315766	15	549
8	2599636692	8	794357248	8	31
8	310585768	1	252363287	1	73
7	1308384353	5	361094955	5	100
8	2447313715	8	1181226211	8	11
10	13277175752	10	985205959	10	440
4	0	0	249874556	4	2
11	2749311252	11	820668999	11	526
6	7181148193	6	1053330765	6	265
6	2624696402	6	629532294	6	12
8	4595035457	8	803642296	8	141
10	4278871163	10	612858932	10	151
8	3101596233	8	877183019	8	88
8	4607964723	8	1346368870	8	19
5	675763701	2	312722746	2	7
9	2789637811	1	1438658499	1	5
8	2951217487	8	884672216	8	318
9	0	0	1726759956	8	6
8	1127712561	8	247471899	8	198
11	2768940365	11	805807137	11	164
5	1006138060	5	380440283	5	5
10	1620064695	10	679175588	10	259
9	2894378400	9	854244595	9	29
6	2802054879	5	1064056510	5	204
4	1535522604	4	684270311	4	51
3	3721605506	3	1615021958	3	213
9	2526342150	9	492133199	9	287
8	0	0	1482608651	8	21
6	2040358736	6	427821979	6	94
8	1792468414	8	379288374	8	354
8	4375975530	8	1114209894	8	106
4	1035656561	4	246143302	4	36
10	2904584995	9	630932659	10	33
5	2089018041	5	863787831	5	24
9	2718369467	9	992117862	9	85
7	7884151195	7	1006286833	7	113
7	3082788878	7	620786753	7	171
9	3160099894	4	868817334	4	218
6	3032903920	6	810938509	6	140
7	2924717257	7	671730210	7	138
9	1264086509	9	250515172	9	54
3	0	0	1059490790	1	2
13	4509677638	13	679093941	13	671
10	2315557800	10	1111345121	10	247
9	9346783356	9	1227618743	9	216
8	0	0	556918535	8	6
15	5290341524	15	1174164955	15	294
10	1823104746	10	187541398	10	658
10	1588824730	10	501039807	10	53
11	3653236555	11	1169756915	11	142
7	7461689881	7	1175586925	7	97
11	3292249215	11	497247028	11	149
6	3133987181	6	1498036671	6	103
8	0	0	1429095403	8	7
5	1954593416	5	1053927961	5	11
10	1212380103	10	365907805	10	105
7	2911388746	7	630164007	7	134
9	4117572498	6	1177258120	6	212
10	2398480299	10	623194838	10	16
7	2378986460	7	673884684	7	236
6	2067087423	6	309893808	6	258
9	1352177070	7	1745268370	9	35
6	6212896450	6	1490382666	6	57
4	2064477889	4	995978051	4	94
9	2878919024	9	1112743767	9	221
6	2359445324	6	749455723	6	23
10	4445060283	10	1295293054	10	63
9	4779601495	9	1190622398	9	34
10	4936353440	10	1799343928	10	117
4	2634624921	4	620215193	4	21
5	0	0	862272067	5	2
6	0	0	1613104951	6	2
6	2094909032	3	621404861	6	27
5	2154202859	5	624754883	5	54
7	0	0	881783198	7	8
8	3027895967	8	806205402	8	30
3	0	0	1540169769	3	2
5	3050358855	5	499155205	5	168
8	2454792420	8	740891659	8	26
10	0	0	920120148	10	2
5	1174212856	5	674451188	5	5
3	0	0	1678844750	3	2
6	2399022952	6	1047369573	6	184
9	4029182535	9	801875199	9	213
10	3645077945	10	988261429	10	197
7	6278324447	7	917564893	7	534
8	2691193131	8	1000204531	8	201
3	0	0	1864927599	3	11
13	0	0	1059492411	13	5
8	2976881668	8	561551217	8	439
10	2507135295	10	241586768	10	547
9	3585541114	9	427890553	9	95
3	3345902481	3	997599926	3	221
4	0	0	1374543651	1	6
10	2867123406	8	499096515	8	363
5	2893267229	5	934262559	5	28
9	4592464449	9	1114109290	9	153
8	2957250453	8	999613426	8	31
13	6938722998	13	498079780	13	647
8	2545996096	8	756310322	8	416
12	2710368699	12	926872749	12	23
4	2862182022	1	1490585277	1	6
5	796173894	3	557585461	5	14
5	867217879	3	309536750	3	8
10	0	0	1233847651	9	2
9	3421360831	8	874448742	9	37
11	1984067211	11	554620708	11	414
4	1622286217	4	611965043	4	16
4	3070174014	4	1178295787	4	70
5	1793067664	5	1296397961	5	6
8	2128302989	8	872733949	8	60
6	3156341739	6	1238789620	6	88
7	2275818666	7	676429887	7	67
6	1295952164	6	303228095	6	90
4	0	0	1663517121	4	2
7	3087690411	6	1123679803	6	84
6	1905125717	5	805347907	6	18
5	0	0	977416356	5	4
4	5052622986	3	679898207	3	126
5	993045586	1	368984522	1	31
11	2845887471	11	672734270	11	410
14	0	0	1248838565	13	7
8	2158338261	8	980461335	8	25
7	2182178250	7	680642556	7	28
9	2081096095	9	800703923	9	213
4	0	0	1803036682	4	4
8	1912178124	8	439250461	8	236
9	4352890439	9	1295638450	9	133
5	1297162900	5	491418925	5	18
9	678659145	9	185167422	9	22
15	4893996103	15	1240350445	15	281
11	2099869402	11	498583182	11	16
13	0	0	1301173381	13	39
8	4047042120	8	1031484536	8	234
6	3233992725	5	1068708880	5	74
12	0	0	943758146	12	4
11	3031362851	11	186444341	11	250
13	3976024305	13	739348797	13	348
9	3116298206	9	372280004	9	381
9	2539941358	9	621209572	9	57
12	1887683740	12	370872067	12	42
7	1249145835	7	249078609	7	206
6	4988405906	6	995178465	6	377
8	3217501415	8	1660127350	8	29
6	3456718164	6	1286085348	6	26
6	2020733183	6	743378935	6	49
13	8023276073	13	1233987264	13	176
4	1353907425	4	504614336	4	13
4	0	0	1225835607	2	3
10	3955684506	3	665780087	3	20
6	1961031067	6	873121516	6	78
7	2525921609	7	747345380	7	283
9	0	0	1117093120	9	2
10	2913719300	9	1069817601	10	35
9	0	0	1232144777	8	10
11	5187050137	11	864501076	11	373
8	3607377616	8	1167267089	8	335
9	1219859412	9	369260745	9	360
6	1709770490	6	619661994	6	11
7	2577228260	7	988240332	7	112
9	2591798002	9	424756181	9	44
7	3449742626	7	554275875	7	73
3	2512248605	3	876183043	3	45
7	0	0	808236261	7	6
5	2339474474	5	436296902	5	14
5	1036443901	5	432481391	5	39
7	4655416647	7	1306033199	7	48
3	1469831749	3	620785527	3	26
6	1714514751	6	750358336	6	34
9	2411115451	9	565756918	9	106
12	3955231094	12	804707613	12	270
5	3518723218	5	880873856	5	247
5	3720803374	5	803442066	5	122
11	2940419311	11	688562916	11	527
11	4103174124	11	2037066970	11	47
7	0	0	998255790	7	4
11	3712550083	11	1236314867	11	233
6	1602992880	6	439169888	6	19
11	2852192667	9	249915592	9	410
6	4440204281	3	1226286559	3	309
7	0	0	1814593821	7	4
7	2902334001	1	1291357927	1	4
8	0	0	869409187	8	17
6	2283842891	6	919148551	6	19
5	5323570256	3	681847714	5	38
7	1726151173	7	556338082	7	199
5	672922546	5	429045796	5	37
3	2251206962	3	1054704804	3	28
8	362822333	2	125228359	2	68
7	2508926404	7	502080225	7	433
7	3075090703	7	925796631	7	285
8	633940031	8	309235533	8	11
6	5124504438	6	1006120139	6	306
5	1287086932	5	618008280	5	22
3	2347003262	1	1060938738	3	97
9	1855129053	9	565752259	9	16
4	4439890918	4	1065263012	4	115
12	3906607345	12	1234378184	12	130
8	4309177587	8	1296982390	8	54
7	4970498451	7	1053908525	7	237
7	2208725868	7	734671964	7	81
11	0	0	2029114348	11	9
7	0	0	747953724	7	4
5	4026031523	5	856995613	5	28
9	2872629148	9	798633942	9	185
8	0	0	1659311081	8	12
2	678593575	2	308159649	2	5
6	2970714217	5	803657963	6	26
14	2185046857	14	439730482	14	511
4	611530566	4	119678152	4	11
7	1599319590	7	307030303	7	268
5	7532540696	5	786788135	5	222
6	2210342007	6	634031463	6	66
10	4066701888	10	807462635	10	55
6	4107889757	3	1438453859	3	14
2	2059463429	2	243389593	2	94
3	63456865	1	62005471	1	296
8	3089664040	8	1185696158	8	37
9	3099073022	9	795356255	9	251
5	8429609929	5	1441853360	5	116
10	5060769447	10	869368019	10	568
7	2501365949	7	616077966	7	167
7	932189487	7	180743604	7	12
10	8805694314	10	1359515773	10	204
6	2677819034	6	818367810	6	78
5	1253308962	5	366641975	5	9
4	3751797159	4	1546438533	4	56
6	3574306448	6	687576488	6	237
6	2851501358	6	1293328623	6	288
11	2359935777	11	568048797	11	96
5	2611268656	5	1553159105	5	14
6	1179696889	2	548615769	2	8
10	8150414088	10	631323443	10	474
4	980673733	1	997947697	4	7
9	2641181463	9	1062943257	9	346
13	3473939094	13	500711839	13	388
10	3970340242	1	930980765	1	320
4	4343017800	3	1173199392	3	113
7	5861605043	7	809489861	7	140
10	4049080769	10	920637083	10	469
5	2503530209	5	797273503	5	19
14	2852333317	14	434455752	14	50
5	6795550365	1	1162752697	1	50
5	3589658931	5	494332824	5	288
14	6140261763	14	1061771613	14	79
4	3610632595	4	936742985	4	55
3	0	0	926991997	3	2
10	1890557256	10	675300270	10	190
5	0	0	1233758452	3	16
6	733192173	1	249742658	1	8
6	6189578088	4	1113322879	4	171
3	2373809327	3	931349380	3	11
8	3641572594	8	864654855	8	279
8	2187846779	8	493369857	8	159
12	2521314357	12	614946096	12	541
7	926489526	5	187695559	5	86
10	2482557731	10	944010602	10	101
7	3101402495	7	1306954702	7	22
10	5691905329	10	849079095	10	87
6	675838767	6	184357622	6	12
10	2583282536	10	496031496	10	32
5	992665606	4	618533307	4	11
8	2073635971	8	852951707	8	50
17	4060744667	17	627915952	17	624
5	3543530947	5	1037710231	5	22
7	2060493181	6	869937760	7	13
6	6260557213	6	1131779876	6	64
6	4065901583	6	746425591	6	45
10	2438151805	10	868924778	10	32
10	3712787520	10	1416812301	10	33
10	6534559856	10	927831060	10	111
5	0	0	2104710816	5	2
7	2115563555	7	499078047	7	299
7	3718159729	7	996178771	7	19
7	4728985412	7	941469673	7	61
7	2864547979	1	1171072705	7	19
11	3722927237	11	437521993	11	363
6	809108968	6	186911541	6	144
9	6970115412	9	935121934	9	162
7	0	0	810001700	7	9
5	482728482	4	248534067	4	6
13	4597365667	13	738322315	13	277
6	0	0	1107312076	6	4
8	3164632579	8	940149357	8	17
8	1846598459	7	922049544	8	21
8	4433994363	8	1247342096	8	127
5	4264104413	5	1046556910	5	326
8	2207838951	8	369068016	8	333
4	61997669	1	62445297	1	3
8	1962382757	8	600685184	8	94
5	2688749647	1	740389307	1	16
9	1847930553	9	626791936	9	120
7	2038261051	7	684704298	7	20
9	1968650421	9	558529921	9	201
10	0	0	1665204856	10	339
4	1883309701	4	502400118	4	11
12	4054205004	12	373030443	12	120
8	0	0	846183074	8	2
6	493104853	6	187309710	6	24
4	2229060961	4	675302939	4	9
10	2598702978	10	746935046	10	340
6	5526492060	6	1230134741	6	120
13	8296515128	13	561130553	13	347
11	4384020861	11	1543238695	11	40
11	5941510884	11	1305060935	11	235
6	1107168750	5	313500436	6	20
6	5720403577	6	1302712758	6	273
6	2218130233	6	1066942790	6	157
3	1285993215	3	315748395	3	378
9	2870352821	9	756164984	9	143
6	4214561183	6	1357100184	6	24
6	2701881762	3	1055844933	3	15
3	0	0	1114369658	3	2
9	1114025041	9	557447783	9	28
4	3018914647	4	1371062689	4	40
7	0	0	988451241	7	14
10	2835032393	10	1049485068	10	299
5	7224256020	5	1096065659	5	303
8	1963009982	8	546188189	8	32
8	0	0	1112842303	7	6
6	2291878270	6	608953690	6	141
7	5012328214	7	1226345377	7	400
8	3396050425	8	689137768	8	42
11	1951888413	11	365789652	11	403
13	2333943579	13	312465231	13	457
9	1965051927	9	802167206	9	218
6	5795788252	6	1967641530	6	57
8	3008052089	8	249595371	8	381
8	1699352682	6	432091496	8	27
8	6202893919	8	939839548	8	61
6	3124332057	6	868110427	6	29
5	0	0	1241352989	5	6
8	1787001248	7	438895877	7	16
7	2774959366	7	499795268	7	239
5	806229256	5	188191507	5	17
1	932616642	1	748837590	1	10
8	3143480879	8	1109736554	8	27
3	3271000202	2	995055599	2	31
7	4013194707	7	1233869101	7	21
5	2259004327	5	253168334	5	256
9	6821761247	9	1047725598	9	217
11	3530054771	11	792190976	11	312
6	3883655111	6	1616089597	6	115
4	1334864691	4	563933970	4	23
8	4199155799	8	1352928893	8	185
3	2590272138	3	612447239	3	21
5	1345859558	5	489141490	5	183
10	3410574881	10	1048559958	10	41
9	3878337803	9	563291818	9	94
5	3350819386	2	943873836	2	19
6	3465548119	6	1244493452	6	21
12	0	0	794500840	12	2
9	9276446523	9	1423996319	9	124
5	974528752	5	248998894	5	22
6	4535893094	6	1358099924	6	262
7	6009604533	7	1168009606	7	281
8	2744816174	8	868759996	8	57
3	3067071795	2	1441880500	2	82
6	0	0	1853428831	6	3
9	1954397465	9	425298859	9	231
7	3599012929	7	1122455394	7	84
7	5744887514	7	1375506114	7	98
6	2819859391	4	1601521492	6	57
8	7940146443	8	1055550085	8	231
10	2858821626	10	797534248	10	301
9	2746607484	9	694155707	9	146
4	3384219641	4	799378857	4	100
2	3370977461	2	564957950	2	145
9	2426801552	9	432893567	9	501
5	0	0	1183910976	5	10
9	3229638635	8	745564009	8	456
9	9888285059	8	1288930791	8	456
6	7171512556	6	1102127978	6	359
12	4892722547	12	1387764402	12	168
7	4998909501	7	1048543037	7	416
6	10114932002	6	1363264068	6	219
7	2802171231	7	790430339	7	137
6	3374495092	6	1060742553	6	66
11	2812324462	11	440245986	11	304
6	737014998	1	363135344	1	8
5	2383661326	5	552052137	5	86
5	725358057	4	242747428	4	14
8	1708049903	8	997423833	8	20
6	787152135	6	492144887	6	186
10	2287361849	10	507457487	10	22
6	2349773909	6	629195890	6	37
10	4392115051	10	913560182	10	158
9	3128396891	8	1049181481	8	302
6	1717264568	6	619815764	6	30
13	2871437724	13	315615406	13	599
10	4436106762	10	1367078756	10	216
7	3301008802	7	740204184	7	103
5	3348942777	4	1368533572	5	119
11	1550769463	11	376822209	11	20
11	0	0	937749603	11	23
8	3563317052	8	1681839628	8	169
8	0	0	877899006	8	2
9	2906235974	9	619503853	9	218
11	3393708749	11	931859826	11	395
9	1587967542	9	694792784	9	22
8	4627050070	8	1232976941	8	337
8	2043053538	8	816575673	8	33
9	2729628052	9	371619297	9	229
5	4689663291	5	1365831892	5	27
9	1670818016	9	302424074	9	285
5	5823943752	5	2055458864	5	179
5	0	0	1864210686	5	6
6	1288390644	5	551031979	5	15
12	4436781472	12	1062720787	12	79
14	7715643641	14	1250195232	14	211
10	0	0	1251767082	10	13
12	1881474977	12	735494179	12	214
5	4902074777	5	1472080327	5	73
3	2599900816	3	749772073	3	100
10	6271363031	10	1066363940	10	161
7	5476484027	7	1179403757	7	48
8	0	0	1232174335	8	5
11	3238262433	11	613698133	11	336
6	0	0	1170969729	2	5
6	924399123	1	426817723	1	9
6	1891831825	1	739802571	1	182
6	2165568183	1	1234854963	5	17
5	3550292808	3	1197047945	5	46
7	6410276983	7	1601509129	7	103
8	0	0	808352881	8	8
7	2202966302	7	1051857257	7	70
16	6523159850	16	610109938	16	658
10	4378829102	10	796824549	10	78
8	11981594755	8	910418194	8	388
9	3822387771	9	1176014280	9	23
7	2289897859	1	1361262525	1	18
6	3360940002	6	990252963	6	33
7	5620489806	7	1672334418	7	93
9	1848495848	9	680431305	9	126
4	3777295027	2	1048141652	2	11
9	1605552273	2	365339907	9	9
8	5797856913	1	1728607015	8	14
9	2404917287	8	750345474	9	16
6	7605721847	6	567492967	6	120
9	5974933390	9	1474369494	9	51
11	5893288671	11	804991969	11	511
9	2918444044	9	367367944	9	394
7	1435639381	7	376382736	7	501
5	2581612544	5	799343506	5	9
2	4329175061	2	1247760153	2	19
12	0	0	748935662	12	6
4	3276840013	3	1120899912	3	16
5	3867507826	5	1424446776	5	31
8	5472491104	8	1173063477	8	87
11	2991219417	11	250081233	11	150
9	1082722176	7	311014756	9	14
6	0	0	814423974	6	2
7	0	0	1815627573	7	7
10	3045150516	10	244046610	10	215
10	2628740808	10	933366328	10	618
10	2330790837	10	804845366	10	103
12	2390245188	12	621101575	12	254
6	1411096338	6	757840999	6	21
3	2717418126	1	887123313	1	13
6	4500733869	3	1382583155	6	12
8	0	0	2464624361	8	28
11	2777735545	11	552580318	11	185
10	5345039340	10	494145183	10	378
10	2965997886	10	250519713	10	190
8	6810641978	8	1372442658	8	273
6	2069710021	6	619181512	6	44
4	2618645088	2	1249600786	4	22
9	2281029816	9	481589379	9	464
5	1766922016	3	2052636700	5	53
9	1387277399	9	238514715	9	228
11	2940295040	7	1434650061	11	24
4	751802183	1	246484203	1	16
10	1056801589	3	562720773	3	37
9	5727024917	9	997303911	9	38
9	0	0	685691721	9	3
5	2684687090	5	1599145663	5	7
4	2429201831	4	550323519	4	35
8	4432142138	2	1177828488	2	206
4	921148133	1	370117568	1	11
4	1796167329	4	365610435	4	26
4	3166410418	4	918722965	4	25
7	2527713702	7	994522597	7	35
13	5073487515	13	989731776	13	473
9	3588618657	9	567508642	9	49
7	5344582916	7	1365900619	7	38
8	4242469199	8	1724175948	8	62
6	6130488046	6	1561788877	6	31
5	1913243064	5	738693270	5	21
7	3553492196	5	371085384	7	27
5	3243146770	5	995983180	5	135
4	1999001506	2	684918540	2	19
9	4628125214	9	870436617	9	140
8	1794378175	8	671217872	8	314
8	3514061877	8	1298797488	8	146
6	2593276332	6	616197865	6	535
6	3522315408	6	1297111076	6	213
9	5755974276	9	870843238	9	18
9	1884785520	9	425470776	9	9
10	2083674738	10	557823867	10	12
9	3523182773	9	997701535	9	160
10	0	0	2088062430	10	3
12	4453704576	12	928427378	12	32
7	2254736277	7	817748035	7	77
8	5972598103	8	929786959	8	72
8	7007308539	8	1170821321	8	161
8	3216113837	8	436011113	8	246
6	2962508618	6	1247706432	6	194
2	2297620377	2	933596463	2	9
10	4575468515	10	1304542475	10	52
5	7108251871	2	929631594	2	189
12	4727940768	12	1241860038	12	344
4	2846856011	4	630702416	4	19
15	5810778244	15	435066042	15	272
6	1483959991	2	1165122904	6	9
6	0	0	924792938	6	2
6	1986219980	2	556339975	2	21
7	2537946192	7	245524864	7	291
7	5387823700	7	1116037114	7	119
6	5244045489	6	807029934	6	121
11	5272488344	11	312472669	11	684
7	1311314564	6	494726606	7	28
6	921493456	6	124894764	6	62
13	3311147478	13	1301923413	13	178
14	2185046857	14	439730482	14	511
4	3068779043	4	1546299955	4	10
3	1429463215	3	687352134	3	5
11	2709818102	11	545737949	11	352
7	2508502715	3	1047399643	7	22
6	2561957097	6	1066556591	6	12
11	4812402404	11	921197862	11	160
8	5073396562	8	1123779928	8	102
8	2340710337	8	619489623	8	99
10	4309457040	10	1305863868	10	192
9	2958957089	7	797802565	7	42
6	0	0	1546983534	6	8
6	1725406093	6	742539224	6	118
3	3574908831	2	1116198015	2	45
4	2595086120	4	815243544	4	175
7	3503732061	6	602404717	6	31
9	1292924910	9	437278152	9	32
6	4137367177	6	1489460983	6	249
5	0	0	2038024873	5	212
6	1489123738	6	245706401	6	13
4	3181652823	4	1101694431	4	53
10	5344853578	5	2166381251	5	10
8	5234500119	8	186046881	8	319
5	1030425763	5	555405298	5	87
9	4021727632	9	1364445755	9	59
8	3276954580	8	803281776	8	35
7	2075122046	7	499236982	7	170
8	0	0	1439957239	8	2
4	0	0	1931193003	2	27
4	729472051	3	563223130	4	6
7	1412448301	7	738126998	7	118
5	2623895495	5	1241380184	5	65
11	4351515582	10	1550314279	11	260
7	4149752097	7	371032241	7	220
5	2461022054	5	758084898	5	19
6	2074802029	3	799651891	3	12
12	4679538992	12	546376998	12	301
8	2623870849	8	252593069	8	389
5	2040569421	5	733818369	5	157
4	2145855681	3	991897329	3	35
6	684114093	6	310384356	6	19
4	855051293	4	250406055	4	15
8	4497621987	8	1131167564	8	43
5	1226482845	1	367211652	1	5
7	2800835204	7	983374144	7	132
7	2654808873	7	809012967	7	418
13	1240845931	13	249625495	13	320
8	894079104	4	380357019	5	18
7	2423439790	6	309457833	7	56
8	3386569855	8	989469603	8	235
7	4149045871	7	875785599	7	24
12	3142672260	12	686792332	12	331
5	2591849600	4	1118126025	5	22
3	3120179538	2	1180089864	2	17
8	4069418693	8	433639289	8	22
10	2229435903	10	496523071	10	27
7	5688111661	7	1108562150	7	222
10	3852462633	10	975274939	10	174
4	1360616003	3	686703509	4	8
10	1417060311	3	2300874701	10	13
12	3124593217	12	552665132	12	590
6	10434372715	2	1246722601	6	259
9	2076205396	9	307199043	9	147
7	2044727503	7	1166047620	7	9
11	0	0	810122059	11	2
8	2361315861	8	744402374	8	13
9	4965065887	9	1357772897	9	90
8	2167156600	2	375189409	2	14
15	2127492902	15	376559689	15	455
6	2603054075	5	1114611186	6	13
4	1089478004	4	495109433	4	7
11	4015391782	11	1317744162	11	84
4	1414703445	4	565928945	4	164
7	3837715943	7	929565224	7	203
12	1608922878	12	247124613	12	279
7	1479871665	7	314951826	7	13
8	1560752827	8	498528799	8	37
3	1609289376	3	564284918	3	30
4	4097980780	3	1553860631	4	19
7	1369673225	7	729991865	7	38
10	3344021486	10	186363520	10	262
8	5224982667	8	1302043440	8	162
7	2654031518	7	688618188	7	290
4	2020274788	4	926740913	4	16
11	2522997899	11	694097957	11	39
10	4830944721	10	741602899	10	283
4	1307459152	4	804372343	4	20
5	1997658035	1	993785289	1	8
6	2759550529	6	980521671	6	52
9	1896867156	9	254666272	9	197
10	5659156579	10	880163941	10	297
13	4025087245	13	807860998	13	377
5	2728079772	4	1168999803	4	324
8	2664503751	8	743630181	8	440
5	2415413587	5	1040243169	5	10
12	4525550613	12	369234699	12	469
8	4220409706	8	1608369083	8	15
9	1953828730	9	318187622	9	159
9	3777017058	9	918552744	9	122
10	3516487445	10	869869867	10	245
6	4190946717	6	1102936007	6	207
10	1745101019	3	669822493	3	12
8	2175426001	8	1235080733	8	10
10	2443778212	7	1184037696	10	20
8	0	0	1356684981	8	8
6	0	0	1234429070	3	2
2	3485172652	2	1115204740	2	22
6	4400684857	1	1175645138	2	79
7	2111047458	7	437133013	7	67
5	918482577	5	180009647	5	24
5	0	0	1115276211	5	4
7	1510595210	7	617137548	7	21
8	5369327031	8	431876410	8	32
7	3991065776	7	1125697953	7	70
8	5029468375	8	627340129	8	124
9	6272515677	9	684619629	9	212
7	1773801503	1	860897542	7	28
7	3010144705	7	1111771187	7	261
10	1197907116	10	308207335	10	11
9	4107491960	9	1354701153	9	31
9	3308826766	9	1233467293	9	26
5	1548604403	2	623154702	2	14
3	2560463479	1	1049232572	1	5
8	970438989	8	246418986	8	163
9	3722385507	9	932388415	9	122
7	5524076937	7	1238656748	7	240
6	4070808219	6	956391491	6	239
7	4688371685	7	1412408193	7	16
9	5924445500	9	1573328370	9	63
9	3774245850	9	793438800	9	570
7	2486308937	7	365040829	7	329
11	3648038775	11	937910917	11	69
4	1133473893	2	242183461	4	13
8	1661012569	8	738475601	8	168
16	4519805793	16	1363681462	16	699
6	1131842566	6	368154074	6	73
11	7553945115	11	1489854680	11	197
6	807148915	2	621355195	6	7
9	3800840741	9	1047035178	9	328
9	7950605321	9	1853395343	9	46
11	4906272671	11	1125244286	11	254
7	4438696240	7	864135919	7	547
5	3125619534	5	625236339	5	191
8	2608298343	8	549255705	8	31
9	3677716924	9	1418992928	9	55
6	1593810956	6	305976353	6	22
10	8970277851	10	1180523852	10	120
9	1848137314	9	617299961	9	205
8	1740539990	8	800057505	8	54
10	3110728158	9	680208960	10	28
4	3431632334	4	1188230391	4	25
13	1932819130	13	184447216	13	492
10	0	0	678066558	10	4
13	5364472228	13	1608545211	13	222
11	3469851709	11	558754189	11	138
7	2703249457	5	928696836	5	16
4	2400746186	4	791734518	4	46
8	6339607737	8	862363816	8	135
7	1853676818	7	307668604	7	10
4	2710520085	4	1417816528	4	46
6	5450170497	6	683047808	6	84
9	1183378132	9	372145510	9	148
9	5686023898	8	747315227	9	49
4	2399825851	2	1247681589	2	88
12	2766331310	12	246558069	12	348
9	3325126619	9	506657548	9	288
7	2474125136	7	1622890916	7	163
12	2004654059	12	426585101	12	143
11	2345264359	11	616135075	11	336
7	1348708726	7	439105744	7	19
3	1414844405	3	316988198	3	30
7	2660330191	7	1294700994	7	253
11	4484358383	11	373972155	11	507
8	5250952764	8	1281665566	8	35
7	7522675597	7	744698240	7	188
6	5052060553	6	981521562	6	159
4	1602740503	4	368618705	4	326
7	6008071971	7	1548811823	7	88
13	2107713268	13	747262903	13	42
9	1484423571	9	364683065	9	150
9	3071248764	9	1172936921	9	24
5	3442666589	5	1123333984	5	35
8	3991020450	8	1417320522	8	381
3	3538441094	1	805199062	1	104
5	3190835513	5	940735272	5	246
11	0	0	923007110	11	16
5	2179750268	2	930111551	2	27
17	10940059167	17	1057221567	17	267
9	4581240771	9	1310072756	9	60
10	2901346236	10	922488363	10	450
7	2020551719	7	692962045	7	70
4	5700709784	4	1612201816	4	123
10	2476255345	10	814030853	10	95
6	4264085153	6	1055814296	6	551
9	3175945380	9	1059224714	9	34
11	7148477214	11	686238252	11	374
8	900965623	5	248838089	5	21
9	3741435188	9	795359989	9	94
5	2159808566	4	866432248	4	103
7	2295250799	7	982897012	7	125
13	0	0	1252500141	13	8
6	2212265403	6	813519428	6	80
10	4974628826	10	1240213151	10	152
7	4831882172	7	1317675401	7	109
12	0	0	1054162890	12	3
9	0	0	1557713159	9	14
6	1473977439	6	1056287549	6	5
5	3097418892	1	885725426	1	29
6	1242041566	6	487226855	6	10
9	9122217043	9	430426354	9	403
11	4941695065	11	1046263456	11	41
12	5749057371	12	616519764	12	448
10	5123338020	10	121613336	10	356
10	2881678653	10	250114428	10	89
7	3678177876	7	1188952469	7	43
6	2870540456	5	2468962737	6	56
8	1596584664	1	866426255	8	9
9	2400129522	9	626049865	9	57
2	1416850231	1	809998753	1	7
5	1646617739	5	565719943	5	326
2	5610889350	2	1386086778	2	110
7	2305345145	6	734617316	6	105
12	3715643219	12	673005604	12	363
4	311918421	4	121859278	4	17
5	1824185947	5	623520880	5	127
5	0	0	1608199312	5	11
11	2468553756	11	1054701893	11	101
6	3293455874	6	1240651997	6	150
12	3028748629	12	930942409	12	177
9	2533318630	9	500859139	9	217
7	3160507341	7	437588508	7	257
9	3542793950	9	874542745	9	299
4	3069971690	3	808978490	3	109
11	4319150769	11	313786546	11	302
10	8108830035	10	1168602319	10	268
8	5145880390	8	853830057	8	290
6	811486612	6	122629199	6	20
11	1608197747	11	561947506	11	212
11	4023653109	11	865158134	11	101
9	735937467	5	312589967	5	12
11	2314949468	11	308520074	11	34
6	5352747801	5	1415938708	6	28
6	1938364277	6	813948724	6	128
5	0	0	1057137539	5	7
11	4758550227	11	943317135	11	362
11	3637548922	11	377399628	11	611
11	1538891202	11	244491614	11	301
7	3183423470	7	621395877	7	548
7	3556029520	7	1058879237	7	173
9	7887143206	9	543790349	9	340
9	3929108782	9	1111862536	9	424
16	3999024100	16	614994552	16	519
7	1225690644	6	374083980	6	220
8	878049916	8	249058775	8	79
11	0	0	1117852055	11	2
5	2265205617	4	435954342	5	21
13	2805574743	13	498620839	13	388
7	690322754	7	249165207	7	20
7	0	0	2278600466	7	34
1	0	0	1559366612	1	2
8	0	0	1598072244	8	2
7	1314034029	7	124456885	7	393
6	1991440085	6	181569871	6	99
7	3281959315	7	999449741	7	21
8	1945898368	8	860413154	8	133
6	5818397553	6	1569087138	6	66
8	1230327761	8	307186461	8	219
7	1723504604	6	672095075	7	13
5	933033852	5	250340979	5	13
1	426893704	1	304237958	1	6
10	6279220537	10	623392181	10	317
8	1938158091	8	671456651	8	203
4	2481758495	4	664088777	4	193
5	3790042434	5	934569640	5	15
3	2338583437	3	876152898	3	13
7	0	0	498385210	7	6
7	2123945919	7	621700000	7	241
9	1106176416	9	182064606	9	31
6	3522314353	6	1492674672	6	83
2	5727411236	2	866297912	2	34
6	799086378	4	2051296119	6	11
10	2060023952	10	245790942	10	83
10	3625705152	10	925859475	10	209
9	1710720979	9	693523917	9	54
9	1425269872	9	432679336	9	19
15	4901786691	15	490574841	15	437
12	4098136954	12	986315548	12	45
9	4305728631	9	1052829564	9	187
6	1866732844	6	313291151	6	133
12	1726043145	2	1371263436	12	19
6	1372307125	6	432166001	6	65
6	3529968216	5	935176953	6	28
5	3641950353	5	1738476463	5	15
10	1656104500	1	618501846	10	18
5	1737015426	5	560100437	5	166
12	789110692	1	251303253	1	14
9	4942524166	9	745149185	9	528
6	4374272285	6	425276183	6	169
7	4315394909	7	1070043871	7	332
5	2509715498	5	939740712	5	27
10	1469079041	10	805748550	10	24
3	935030657	1	1045036131	2	6
4	2562289067	3	1057952893	3	22
8	3064899229	8	432664168	8	464
7	3704490097	7	804594272	7	20
3	2587692151	3	759796938	3	171
9	5464837753	9	1306626668	9	198
10	0	0	1110467940	10	11
4	2956789609	2	1289892017	2	17
11	0	0	819282980	11	3
11	3725464923	11	1167208007	11	24
2	0	0	1304217849	1	2
7	4790114285	7	1671897509	7	29
11	4612566603	11	431714775	11	403
8	1966216748	8	311666730	8	425
8	3021625797	8	680162785	8	271
3	64194791	1	62274902	1	7
7	3716491038	7	1103289960	7	117
10	6869801321	10	1044328893	10	113
8	0	0	1418373427	8	4
6	5366331465	6	2208581635	6	50
4	5240830184	4	752381193	4	141
9	2257479781	9	373314190	9	16
10	1770706111	10	426482228	10	70
11	7918011113	11	1181431621	11	190
3	3397233090	1	1802292294	2	3
9	2077356267	9	429839053	9	415
7	1798492790	7	616728032	7	379
12	5137865321	12	921715744	12	694
11	2034367155	11	804281685	11	30
5	2185724752	5	495601641	5	84
9	3027164543	9	1356679686	9	12
7	5255445589	7	1310727858	7	140
5	2520693796	5	614749435	5	197
6	1491958418	6	305382790	6	25
7	0	0	1048107724	7	4
10	2147836877	10	618424501	10	212
5	1718500610	1	879660393	5	24
10	1817300673	10	428958401	10	53
10	1843294225	10	569457232	10	170
7	1506954752	7	379513382	7	371
14	6710626891	14	674709475	14	534
6	1051256670	4	741317493	6	9
6	2537072621	5	748902656	6	13
10	4182872550	10	1375480188	10	20
11	3242336559	11	794007980	11	180
5	436294001	4	127839660	4	23
6	3063821333	3	801474593	3	50
5	3844028765	5	1045428966	5	49
6	732216996	4	313931073	4	96
7	1479894097	7	617020688	7	13
14	5503077626	13	1302070062	14	70
7	1316891273	7	445648630	7	32
5	1105930994	1	553082537	1	9
7	5369852852	7	1174159742	7	226
5	2386149569	5	665013730	5	103
12	3396266400	12	627738893	12	144
5	616099136	4	315094700	4	6
10	0	0	2616318822	10	11
10	3370389499	9	2026520970	10	54
3	0	0	668403158	1	4
15	6286338765	15	935733889	15	323
6	2269056190	5	853140221	5	82
5	4513542004	5	683612761	5	58
12	1133203267	12	245126152	12	13
9	1802462194	9	682957674	9	112
8	11213800186	8	1606423402	8	105
9	4554970285	9	738734795	9	371
6	931015939	5	375776452	6	16
12	3640577575	12	857720995	12	49
5	1595011480	4	187673979	4	256
7	1414384943	7	554259484	7	104
7	2570927979	7	613449567	7	44
7	1599012767	7	186189070	7	66
11	5509644498	11	936533717	11	201
8	689669163	4	751063721	8	8
6	3096388332	6	676578103	6	36
7	1227379868	7	431161569	7	314
7	2463695071	7	928290309	7	22
11	0	0	1542135987	11	22
9	2867728168	9	865038347	9	128
10	3478246540	10	861686026	10	371
6	1169923623	6	247356768	6	193
6	8928499357	6	484252774	6	178
6	813996988	3	610450235	3	5
11	2154030975	11	810807041	11	54
9	5600895360	9	1429239999	9	174
5	307183567	5	185478448	5	13
4	0	0	1733308758	4	10
6	369067308	2	496569277	6	9
8	1097180211	8	369523350	8	20
9	329079128	3	308482743	9	7
4	1903152631	2	866450729	2	17
12	2053276087	12	247419924	12	442
8	5054298980	8	1253775734	8	134
13	5346340967	13	1053089683	13	353
6	1531556002	6	744506069	6	48
12	5579096123	12	754046762	12	425
8	4541910761	7	805314555	7	515
11	3048409916	11	885699392	11	158
11	1648462856	11	310116132	11	336
9	1515625489	6	1237341217	9	13
7	0	0	1549070617	7	9
4	1598230023	4	488979480	4	175
3	2229839099	3	761708601	3	88
5	1065577181	5	565244618	5	23
5	0	0	1359205518	5	4
10	0	0	2170979358	10	35
6	4707744895	4	1372553204	6	34
9	2694127895	9	614282979	9	375
7	4130845076	7	937440289	7	216
8	3649898313	8	733788829	8	398
5	3410249738	5	1238031491	5	42
11	2242443134	11	941465296	11	167
