4	306702145	4	182568928	4	7
3	604274497	3	186690248	3	12
3	58695390	1	60077943	1	3
8	611776981	8	187135068	8	8
4	965555286	4	379784293	4	6
7	2573431073	7	612663486	7	14
2	726780886	2	59696111	2	5
4	567644653	3	184775118	3	5
4	436104249	1	248582825	1	4
4	246576767	4	124415291	4	9
4	912483244	2	180559226	2	5
3	2336571520	3	866228296	3	7
5	497917265	5	305380461	5	6
3	183122583	1	121063426	1	4
2	358357998	1	62666079	1	5
9	2165171888	9	692639876	9	14
2	123549468	1	63384169	1	8
5	62317630	1	65070564	1	1
4	1880606601	2	491642701	3	14
7	3389082361	7	998401544	7	14
7	3758570256	7	739814327	7	18
8	2735131503	8	433090505	8	20
4	1921527801	4	615443159	4	12
5	1668703972	5	872522911	5	4
7	2125503001	7	430910781	7	14
2	927942977	1	366803916	1	12
5	799790048	3	185658885	3	6
7	1206239176	7	314399260	7	23
5	870745108	1	316563368	1	6
4	237539309	1	123017277	1	10
3	1655988005	1	556180503	1	5
3	1237197323	1	438477874	1	6
4	983456734	3	252119502	3	7
4	4417084455	4	740252337	4	13
3	298421197	2	243571714	2	3
4	185853825	2	124953280	2	2
2	2515178509	1	939529639	1	5
6	792002775	2	126892844	2	3
4	909730252	4	438019501	4	12
5	3756998110	5	680295289	5	21
8	938646970	8	126077354	8	11
5	0	0	246827931	1	4
3	1540486490	2	557572247	2	10
3	524988917	2	375785008	2	2
4	248385987	1	127299924	1	6
6	492082623	5	435436176	5	8
4	1511850960	4	251979133	4	15
2	3896366338	2	674101850	2	20
6	727119853	5	122827546	5	17
2	614324087	1	257399769	1	12
5	1225348728	1	440242137	1	5
4	852160347	1	315218875	1	8
3	1033103820	3	617937890	3	3
2	2857842722	1	739548045	1	10
5	1340523618	5	488719174	5	13
2	182302719	1	120088203	1	4
8	1566004649	8	669321931	8	11
5	1479635034	5	376832523	5	8
6	123337672	2	127083135	2	1
6	1467846653	6	564710308	6	7
3	2080799332	3	699045690	3	13
2	2508481610	1	1159281359	1	10
2	364608759	2	183858604	2	7
5	683953337	3	374712771	3	3
3	1633092068	3	427988893	3	10
2	1237288511	1	251200775	1	7
5	1037468262	5	309915560	5	10
6	941101988	4	369292836	4	8
5	978190055	3	120851469	3	6
4	782505157	4	369369138	4	4
5	2281965470	5	928862261	5	8
5	370482329	5	125054184	5	5
3	1223730542	3	241531840	3	9
3	248255073	3	190566547	3	4
3	186212164	3	187593900	3	3
2	303281366	2	190837840	2	5
7	1353964105	6	495638577	6	8
8	1695771237	8	309531359	8	16
3	1827533181	3	301012417	3	8
1	684160886	1	308399856	1	12
4	732996979	2	432581192	2	3
3	1400467364	1	557979956	1	7
3	983970395	2	313239497	2	3
4	963878600	4	374816034	4	6
3	612100311	1	252798666	1	2
4	2301395543	4	668773563	4	17
3	182197327	3	181382018	3	1
8	980029970	4	246275105	4	6
5	2018690409	4	488655863	4	4
3	1351191930	2	495152241	2	4
4	193698349	1	181444509	1	4
6	1972137496	6	559764481	6	8
7	2675354178	7	312917447	7	17
4	1669337849	2	812148533	2	10
1	64570012	1	63943792	1	6
6	569177613	6	309597232	6	5
5	902782266	5	498812232	5	5
1	64016872	1	64516973	1	3
4	4174000752	1	796176160	1	8
2	123286394	1	61000384	1	4
4	1863230127	4	750121399	4	8
6	1656631856	6	508260963	6	12
2	545720807	2	189313763	2	3
4	119361802	2	61636106	2	3
2	65283538	1	62850521	1	2
2	1343857581	2	429667774	2	3
4	243115979	4	193387854	4	10
4	726962456	3	244906611	3	4
5	126870377	2	127190447	2	1
2	59326466	1	63492092	1	1
3	370477298	3	240382583	3	5
3	616358625	1	440544343	1	6
6	192570128	3	125525314	3	6
2	63963554	1	58941100	1	8
5	481983388	2	123580398	2	10
6	2288433893	6	742031517	6	6
4	1101298291	4	497224515	4	9
4	365602417	3	374172116	3	4
4	1583655757	4	184479018	4	11
3	1460251157	2	733552965	2	3
4	249578346	3	125157995	3	7
2	364981981	2	243094678	2	3
2	742653284	1	303885234	1	5
3	180134665	2	58938850	2	131
2	2590951119	2	802588619	2	16
7	1734001576	7	244418238	7	13
5	362766286	2	190271291	2	4
4	1137525324	4	367149726	4	9
2	486812950	2	125366208	2	8
4	182188917	3	60766372	3	3
9	1793645675	9	371962217	9	15
3	307914396	3	125637908	3	5
6	1572105000	6	613384959	6	18
4	1957372947	2	799436545	2	9
3	1150136426	2	434194747	2	6
3	564323296	3	190134000	3	6
4	123958835	2	122043220	2	1
4	926459110	1	559580608	1	5
8	1369803958	8	304091051	8	9
5	124909969	2	59421039	2	3
3	303824969	3	246287050	3	8
2	183034425	1	120871220	1	3
7	801371702	7	308908331	7	12
3	514728056	3	247070261	3	6
5	1566736627	5	555034581	5	9
5	2649956598	4	668254060	4	14
5	1392199996	5	367173001	5	11
6	1458423018	1	376132613	1	8
5	2258908052	5	437475532	5	91
5	2573055060	5	691172359	5	11
3	1642561313	2	504185964	2	14
2	303145223	1	184720036	1	5
6	1178867529	5	184286347	5	12
2	187120834	1	64124901	1	4
5	879427606	4	366662757	4	9
2	127872925	1	59581011	1	2
3	240723526	1	120841976	1	4
4	1772471011	4	552764099	4	12
3	60000096	1	61201299	1	1
4	613104012	3	248126253	3	8
4	1337772484	4	681312167	4	8
2	1889836756	2	680899302	2	11
3	2029845663	1	306052765	1	17
3	2011929602	3	371447720	3	8
4	1036826426	4	298905498	4	6
1	248442703	1	120671726	1	3
7	1965422376	2	610027865	2	8
6	2467302641	6	740756924	6	12
5	124969936	2	121311590	2	3
2	613801575	2	505324965	2	8
3	243357731	2	190894181	2	4
8	727716985	8	249524951	8	9
5	440921020	5	122026329	5	6
2	119651871	1	370579039	2	6
3	59743215	1	65051615	1	1
3	856660885	2	312360454	2	3
5	1793331340	2	492679124	2	12
7	2108292669	7	495873538	7	11
1	125633392	1	65113396	1	8
6	864614329	6	431120282	6	7
3	185514881	1	61752065	1	5
8	1586164260	8	431882223	8	11
3	803166861	2	375152606	2	11
4	492379153	3	184945942	3	7
4	304230202	4	188618268	4	10
3	185025898	3	126948725	3	3
3	245888703	3	124016501	3	4
7	3738859885	7	1122368420	7	26
3	420496079	1	189046614	1	6
7	1112411592	1	992460849	7	13
1	1523189323	1	307066881	1	5
3	452160537	3	245149590	3	11
4	382375575	4	250335694	4	4
4	497171644	4	181945172	4	5
6	3879005250	6	433419092	6	27
4	1172609257	2	554374651	2	6
7	1718093152	5	555652473	5	7
8	1574963717	8	427922293	8	14
4	1055193787	3	608606824	3	8
1	985802611	1	247712619	1	7
6	2135168638	5	443138381	5	10
3	1128002099	1	496236262	1	16
5	240549140	2	130137060	2	7
3	2035345700	2	933769499	2	7
5	306857497	3	189331527	3	8
6	121400967	1	122579039	1	3
5	2737020338	4	497625258	4	8
6	2455544174	6	1307016102	6	4
3	185530688	3	186743181	3	6
5	2279247160	4	681529966	4	9
4	1667143399	4	500101433	4	4
5	185533918	3	119496313	3	2
4	499723969	4	189158134	4	8
2	61518400	1	62795970	1	1
7	1144779464	6	428972851	6	6
4	749689450	3	125062405	3	4
4	1234964237	3	428785147	3	16
3	63962958	1	64246313	1	1
5	377881367	5	187341467	5	4
5	1704357110	3	495738078	3	7
5	1236514097	3	623317420	3	5
2	60391249	1	58542968	1	2
6	2683008356	6	559426932	6	13
5	1635932044	5	560327338	5	5
2	2224336927	1	493793114	1	3
5	1041699161	5	555071940	5	7
4	546765073	4	122171134	4	14
2	444347660	2	189019176	2	5
2	726565906	1	246598642	1	10
6	1220646630	5	370953142	5	5
4	1757964000	4	424852777	4	12
4	1835333236	1	672121724	1	6
7	1764007090	7	433855531	7	15
7	2426641684	7	498238443	7	18
2	2523754330	1	1244836120	1	6
4	547846759	3	301263813	3	5
3	331693545	3	123879608	3	3
6	1827639158	6	253832022	6	12
5	1733517642	4	125612017	4	8
1	192363346	1	63946174	1	2
2	2354169629	1	989736087	1	5
5	672128612	5	250953820	5	5
3	124002628	1	128165755	1	4
6	304154508	4	182179652	4	7
4	1108277786	4	185113351	4	12
7	1169419518	7	625987095	7	12
4	1023711141	3	434146069	3	8
2	1209599978	1	678315119	1	7
3	1338038400	1	422711177	1	14
3	824571623	3	181841026	3	4
1	189937473	1	183186795	1	1
4	2828351574	1	1065523871	1	10
7	937446317	7	251193378	7	8
3	1535193172	2	689441579	2	5
4	607355405	2	120638019	2	5
4	4142588324	4	1167797862	4	14
3	676549759	3	185949123	3	9
7	490374382	7	184956207	7	10
3	384680980	2	182696632	2	6
2	425458999	1	251503313	1	6
3	127827676	2	127538042	2	1
7	607140296	7	183965660	7	9
2	1815517330	2	489691860	2	10
5	1360687114	5	427981262	5	5
3	362918675	3	252165428	3	3
2	735390248	2	493717330	2	5
3	187315377	3	121334024	3	5
3	619885472	2	375268521	2	4
4	1595517182	4	683972569	4	7
8	969788796	8	255456471	8	24
1	355566115	1	249652641	1	5
3	1870623757	2	623269744	2	5
4	1465046757	4	370383808	4	12
6	427384712	4	437971026	4	1
5	699743161	5	184198459	5	5
4	1283000780	2	250739679	2	3
7	2507546086	7	927862441	7	11
3	1350468311	1	373510265	1	9
4	1607811461	4	872862720	4	8
3	549734813	1	125746547	1	5
4	933356970	3	367209759	3	5
3	1402133302	3	561849855	3	6
4	665885172	3	248171410	3	12
4	1826721228	4	623235517	4	9
5	487462083	1	181007407	1	3
6	671424892	6	428626840	6	5
4	186265283	2	184594912	2	5
4	720232619	4	186687744	4	10
6	2245364788	6	570367415	6	19
8	1341969476	8	251197859	8	15
3	424231649	2	248333954	2	8
3	1431697067	1	615593148	1	5
4	1213727073	2	559109281	2	5
3	310109791	1	249704912	1	3
3	677745746	3	438687790	3	3
5	864903991	4	371268684	4	8
6	2966311580	6	508739067	6	18
4	303172814	3	248922527	3	6
6	551775266	6	248336934	6	12
1	122424944	1	64531859	1	6
9	3581813327	9	496498530	9	18
4	2648662531	4	373160182	4	16
4	1542804105	4	559499690	4	9
5	488353253	2	312995004	2	4
5	1513078384	1	563944881	1	12
5	2210873097	4	368481153	4	6
6	1091620597	5	248931410	5	5
1	122061716	1	122499888	1	1
5	561531286	5	181390282	5	9
6	1187476886	5	431727589	5	8
2	1054418409	2	367623693	2	7
2	625662840	1	124041606	1	4
3	190639325	3	122654620	3	3
2	186034971	1	187424513	1	6
7	2422665964	7	376269005	7	16
7	1660563076	7	368203048	7	11
5	305961725	5	238588939	5	5
5	386405186	5	250226273	5	2
6	374487616	5	252057353	5	5
5	2188606794	4	250455342	4	11
2	185126032	2	58589638	2	8
5	1346045066	3	368995269	5	13
2	121627107	1	61403102	1	5
3	425583956	1	250419626	1	7
4	246371775	4	183159226	4	18
3	727920720	2	248106699	2	7
4	303088779	3	184052111	3	5
4	59419892	1	60591067	1	2
6	1851072247	6	691573508	6	12
5	3178744679	4	1058174967	4	10
3	1211971131	3	564961861	3	9
4	1115763565	4	438061075	4	11
7	514917717	7	192887645	7	8
4	2398905381	3	554026047	4	11
3	783759636	3	423477655	3	5
4	428764871	1	121321093	1	3
3	481318090	3	246229600	3	9
3	1145704497	2	252052813	2	16
5	791782161	5	249639773	5	7
5	630148441	5	58681089	5	8
4	316486990	4	184666739	4	3
3	122113701	1	62043152	1	2
6	3588010344	6	799126539	6	15
2	121156076	2	123504353	2	5
4	631134550	4	251106673	4	8
9	1356722733	7	309109997	7	12
2	727445437	1	379030298	1	3
4	681454948	4	128141947	4	9
2	1778373206	2	692916824	2	7
6	1368337149	6	370586493	6	17
6	792946084	6	314460282	6	9
4	64837069	1	59465716	1	7
4	611846924	4	433122888	4	6
1	61088599	1	59532334	1	1
1	2640976947	1	557643832	1	12
3	1038447310	2	556547215	2	10
9	2188948270	9	309859883	9	18
7	994085745	7	246341227	7	8
5	1426888395	5	738591132	5	5
5	374150627	4	183073329	4	5
3	250933309	3	127360739	3	5
1	62746197	1	61467383	1	8
5	2428895308	2	804028884	2	5
5	1605968299	5	312253760	5	10
7	568923547	1	185606590	1	3
4	1892794414	4	614998943	4	12
6	179779974	1	188805356	1	3
2	1362897085	1	619642187	1	3
7	2781907155	7	749286790	7	25
6	1402862245	6	368410789	6	16
4	1268785652	4	315151841	4	16
6	184278143	3	128385696	3	4
4	3216837945	3	1001872246	3	6
5	1231275516	2	621172380	2	4
6	798614033	6	368272255	6	10
5	2568338357	5	617364995	5	7
5	1629249290	5	492339175	5	9
4	322920186	4	123503230	4	6
3	1597557519	3	428208766	3	12
5	794032898	4	428833740	4	6
3	985316383	1	363936859	1	5
1	792919636	1	629560387	1	6
5	2076485235	1	675431294	1	11
6	3874304458	4	1437246630	4	11
2	2235646993	1	797815815	1	14
3	185202016	2	121233939	2	7
5	1982095873	4	688533549	4	6
3	307098471	1	58969822	1	4
6	1626100453	6	434108575	6	17
5	982955393	5	374301552	5	5
4	747092867	4	318819033	4	8
7	556213574	7	126706816	7	8
6	4758078118	6	1310980606	6	15
3	63406901	1	58648529	1	4
3	723845336	2	313255815	2	10
5	1432353305	5	928337294	5	6
3	546370580	2	310604873	2	7
2	1528729320	2	488787716	2	9
4	2750695422	4	613798751	4	17
6	1279291585	6	420823414	6	12
6	1040070066	6	368086883	6	6
4	796809696	4	189745287	4	7
4	1168466002	4	742156154	4	4
3	332850655	3	60018021	3	3
6	1965220891	3	486539260	3	7
6	880317722	3	250990426	3	4
3	374537139	3	59394629	3	5
4	2401837286	3	624829956	3	7
3	483763673	1	123164716	1	10
2	58920005	1	62675848	1	4
4	920714840	1	298512135	1	5
2	64800263	1	65027059	1	3
5	477579370	4	186512891	4	6
6	1976531439	6	246647868	6	12
3	730386629	3	498235585	3	6
2	796478558	1	320694418	1	3
10	2262863164	10	430895442	10	16
3	2965910801	3	1125830008	3	6
4	1652783025	2	745227129	2	11
1	63454893	1	59761694	1	3
4	745261165	2	249760124	2	9
2	60621045	1	64353372	1	3
3	1095304998	2	487735227	2	5
3	189277331	2	121961226	2	2
2	371116328	1	188054542	1	3
4	380338752	1	369572869	1	6
3	1052234332	2	619018961	2	3
6	1655522337	5	123586804	5	9
6	1281978138	6	439371566	6	8
10	1303218552	2	434015167	2	8
3	1114746085	2	372099332	2	6
6	925449970	3	364413892	3	4
4	879372614	2	306545055	2	5
4	119947960	1	62428742	1	10
5	3233746337	1	1165313762	1	3
3	729547407	2	429072890	2	3
2	389099162	2	125526412	2	2
2	309484296	1	315106936	1	3
5	788867101	5	365725859	5	5
2	61231432	1	64773563	1	4
2	2671114763	2	800277487	2	8
5	1157212371	5	556425867	5	6
3	676415592	1	495980940	1	4
1	1467386280	1	561516522	1	11
3	307518353	3	123774663	3	7
7	1054494066	7	248037634	7	7
2	1423685990	2	252748529	2	5
6	500610022	1	304735296	1	4
7	667135376	7	241191784	7	15
4	1229743672	4	370544794	4	18
2	1853106748	2	374999054	2	17
2	122024136	1	60562509	1	2
5	364749127	5	187770222	5	5
6	1000424905	6	181959086	6	8
5	974769817	3	249045076	3	7
4	1635014581	2	927684334	2	5
9	2720081651	9	428857298	9	21
2	244182183	1	181218844	1	9
6	2411886874	6	553899497	6	10
3	1649757830	3	801312267	3	7
6	673540409	3	307855183	3	3
2	2395195146	2	748913506	2	10
5	375736991	5	245167454	5	3
6	243113869	1	123369435	1	4
4	626315821	3	245550842	3	6
7	757368648	7	241940569	7	9
5	681889269	4	314366287	4	5
6	971765535	6	430342885	6	11
1	555296748	1	318571393	1	3
3	248577167	2	180942820	2	6
2	1398663280	2	497723280	2	6
8	1423481612	6	438913387	6	12
3	2637862941	2	850435975	2	7
4	625318707	2	310931652	2	10
3	186265540	3	62336911	3	6
2	245601326	2	60716022	2	9
3	307697021	3	186010380	3	4
5	2334114404	1	862212498	1	5
4	544207245	2	120577888	2	10
4	122013463	1	64653607	1	8
3	1399303416	3	486380144	3	13
4	857520613	4	119895162	4	16
2	1225394714	1	494650314	1	7
5	366992513	4	184359052	4	9
4	672891396	3	249305297	3	5
5	1809838681	5	370001189	5	14
5	250568827	3	187839203	3	2
8	1226487938	8	249911552	8	13
1	431658708	1	438188262	1	3
5	64477940	1	59834492	1	6
6	1359545458	6	435547032	6	10
6	1347803966	6	242626048	6	18
1	1179498680	1	494184328	1	7
6	1259125224	6	185222706	6	16
4	1115763565	4	438061075	4	11
8	438024962	1	425702826	1	4
6	1268968591	6	556565699	6	11
3	1407553825	3	558906664	3	17
7	6332810162	7	1180051613	7	213
4	311015032	4	121743728	4	4
6	62459127	1	63076798	1	3
4	749003779	2	123449334	2	6
2	1360867862	2	490175663	2	7
6	2205426560	6	1003038949	6	9
5	1001174957	2	310443099	2	3
6	741793445	5	235900020	5	9
4	1068136354	4	120028017	4	9
3	544945094	3	250023997	3	12
3	370054797	1	124298220	1	3
3	1560522486	2	506953784	2	8
5	1163700050	5	375045430	5	5
3	550835302	3	123923691	3	6
6	549359775	6	185305027	6	6
2	671404927	1	303794919	1	6
3	671602616	3	124377960	3	9
7	930915576	6	179309989	6	8
3	1762711294	1	806603342	1	8
2	1783150981	1	806636158	1	9
3	993083526	3	125357658	3	9
3	1843995085	3	431898412	3	5
2	864978365	1	250069703	1	6
4	186217596	1	187886714	1	1
9	621119263	9	123201245	9	10
2	119676565	2	122910935	2	2
3	1045842800	2	129328153	2	9
3	58651687	1	61628517	1	2
3	122946999	1	122844495	1	1
3	128768865	2	59062618	2	2
5	1148243097	5	123333278	5	7
5	910422077	5	374341557	5	18
4	366379029	1	246623523	1	5
4	246260613	1	130420128	1	3
3	58632618	1	59439421	1	1
5	1527712074	5	680100588	5	10
4	2086975981	4	749935184	4	5
6	429504248	4	127628241	4	5
5	554139603	4	315225392	4	5
5	1048392282	4	488648984	4	11
4	1761286439	4	435903145	4	10
2	489736005	2	124533724	2	4
2	122765398	2	120856061	2	2
4	1048337104	4	866193178	4	4
5	308772226	2	182668745	2	3
5	371516568	4	184428459	4	5
4	367150745	1	119634563	1	6
7	1042486155	7	316394854	7	10
2	188751748	1	191307205	1	3
7	790946125	7	247805128	7	14
1	1458272660	1	242391615	1	13
5	1413280008	1	376816249	1	11
1	364308044	1	244409226	1	6
3	362795544	2	125635149	2	7
2	909642832	1	370754583	1	5
3	556528611	3	183495990	3	6
2	1344979111	2	551793933	2	4
2	484576298	1	63354298	1	8
7	1401371393	7	374995264	7	11
5	1273920630	2	308384031	2	15
2	307648604	2	181795115	2	5
4	305469037	4	124252843	4	4
4	1684063158	2	923180209	2	6
6	553358997	6	247466365	6	9
3	733970571	2	253048451	2	8
10	967374385	10	306455788	10	34
6	2908335035	6	315872386	6	31
4	1052617362	3	313746313	3	9
3	1233604838	3	371365910	3	4
6	305608420	5	121120952	5	4
4	3012680937	1	813427303	1	7
3	303369701	1	119291510	1	6
4	918293076	1	622297672	1	5
4	1396710088	4	251870329	4	7
3	121152887	2	124177015	2	1
5	257781057	3	125356634	3	4
4	1223597999	4	309923776	4	12
6	913536802	6	308148643	6	15
6	609691456	6	123767602	6	9
2	1312846889	1	249476174	1	5
6	550433225	6	240872047	6	8
6	368444077	6	129550847	6	5
1	62347475	1	65008065	1	1
6	366414859	6	124477461	6	5
3	242080102	3	182950681	3	2
4	365547160	4	248190715	4	4
4	244781534	1	122963910	1	5
5	362766286	2	190271291	2	4
3	437178647	3	123010189	3	8
6	2908232018	6	801085406	6	18
8	565421721	8	299301120	8	5
4	683095612	3	613138225	3	8
2	907448954	1	495469223	1	5
5	253370930	4	119372223	4	3
8	614325135	8	252482301	8	13
4	375409529	2	242696346	2	2
4	1704784458	4	681690411	4	17
2	1286791724	2	423912241	2	3
6	550928791	4	128266704	4	6
4	179296217	1	185888089	1	4
2	60295002	1	61577145	1	11
6	494411335	3	250990853	3	3
4	2210530160	4	1295990363	4	14
4	184162694	3	122794279	3	3
4	244969212	1	184596166	1	3
5	2252981866	5	429808875	5	12
6	1460146148	6	432737701	6	12
4	1346955232	4	488574227	4	10
3	121917729	2	121463459	2	1
3	355578283	1	183209300	1	8
3	603374931	3	184837265	3	11
3	1974848590	3	805945712	3	6
4	2131195910	4	628363716	4	15
4	936194546	4	309467658	4	4
5	1283770145	5	246834200	5	16
3	1160007230	1	251213700	1	8
3	184785015	3	180555013	3	3
2	1167687307	1	498072213	1	7
1	184389990	1	122016328	1	6
9	2815774663	9	125313993	9	15
5	1241442751	4	492225140	4	8
5	3576502351	5	613562934	5	21
4	2329572250	4	987440802	4	11
3	126701030	1	60952307	1	3
4	684935016	3	182046987	3	4
6	2988685295	5	746229255	5	22
3	480158381	3	245222872	3	3
3	184218718	2	128982570	2	2
2	3311492476	2	1179692713	2	13
7	5311562172	6	809545200	6	18
4	1409161545	1	568708270	1	7
5	186768430	2	124481671	2	3
4	1344828740	4	254051772	4	10
1	800797399	1	183274944	1	2
5	2101837530	5	808837090	5	9
1	612574552	1	124351698	1	5
3	1253670724	1	753284053	1	3
1	1214448796	1	361866490	1	6
5	847301010	4	558525010	4	4
3	126729432	2	120599536	2	2
8	606958656	4	308409496	4	4
1	59265286	1	65033203	1	4
7	1766851225	7	248661887	7	22
5	865678775	3	182773463	3	9
7	1054182433	7	554242859	7	9
5	1710653190	4	797139544	4	8
7	1566137334	7	251721727	7	12
5	2278909691	3	684136629	3	4
5	1289717589	4	374939458	4	6
4	64536196	1	61066219	1	1
7	1166388509	7	431676468	7	15
4	427986315	1	242846262	1	10
9	1170058720	9	309681976	9	10
6	1732421874	6	622608705	6	9
5	1521696566	5	554160281	5	8
8	1160157793	1	369883926	1	5
1	1047613840	1	496334339	1	3
5	1353166979	5	503911395	5	8
2	119509062	1	63543590	1	2
3	488174004	1	307229887	1	4
4	746797913	3	421234630	3	5
1	61137725	1	61385211	1	1
3	434133300	3	182260233	3	4
4	976011401	4	435821324	4	10
6	2143386297	6	432176548	6	7
5	1704813080	5	500881575	5	9
1	1517187032	1	309683257	1	7
5	371489405	5	125461879	5	8
4	978854308	2	250420333	2	9
3	493052437	2	307977588	2	5
7	1451978112	6	301570869	6	10
5	2947879234	5	688048145	5	12
5	307318938	2	308329918	2	6
5	1597886362	4	566947734	4	7
4	1727292153	3	420726689	4	12
7	424873650	7	252639957	7	17
5	928633612	5	250066918	5	5
3	370440589	1	65435900	1	4
3	375308731	1	193361832	1	6
6	3062807114	6	500298281	6	19
1	732686484	1	243775045	1	4
4	241260503	4	251476209	4	1
8	2365890915	8	498257984	8	20
5	921947670	5	497321926	5	8
5	1596888095	5	252359771	5	9
4	1001379338	4	188851620	4	6
6	488518641	6	248019103	6	7
2	435013616	2	189521217	2	3
5	961519047	4	124489381	4	7
4	3695383329	4	1111478907	4	12
5	719210257	5	241993359	5	12
3	180222412	3	189950911	3	1
2	123890838	2	60238768	2	5
4	303497553	3	309170907	3	6
3	191078163	3	125356364	3	4
2	121019956	1	127830898	1	3
6	250672170	3	180792112	3	3
5	1050629005	3	556204647	3	4
3	1048336317	2	440981352	2	6
6	1217564731	6	495473196	6	15
5	64477940	1	59834492	1	6
4	180717100	1	120177328	1	6
6	620313430	1	381627854	1	6
4	810901338	2	311821917	2	8
9	2535763831	9	492278003	9	19
2	2257218760	1	688620146	1	3
5	498974101	1	185331218	1	3
2	59096817	1	61901119	1	1
4	249430550	3	59413146	3	7
5	510258647	5	246120942	5	8
5	315155098	5	185286831	5	5
2	59465171	1	61834327	1	1
4	1034912854	4	312786120	4	6
4	303179258	3	191264492	3	9
6	1727107904	6	435605397	6	10
3	735639376	1	253173454	1	4
4	65017894	1	62830455	1	3
5	311301912	5	252989211	5	4
2	1027525533	2	310490274	2	9
7	1771946386	7	555753393	7	10
4	1101593963	3	499623440	3	5
2	1107257629	1	752829644	1	4
3	1033744200	2	627790692	2	10
1	395900167	1	188066100	1	3
2	1167032376	2	625753638	2	3
1	304476693	1	300797769	1	4
4	1150811769	4	373459508	4	10
5	238395844	1	248589742	1	3
5	493631398	1	313388469	1	3
2	64960892	1	63426974	1	1
4	2609575074	4	623681696	4	11
7	1801078319	7	181773976	7	24
2	1676169528	2	619971470	2	5
5	487129374	2	249791523	2	5
4	2309781661	4	809600495	4	11
4	675916933	4	122978756	4	16
3	304490769	3	244791914	3	3
3	118328043	2	121959304	2	3
2	742408232	2	431335720	2	7
5	435595095	4	191513726	4	7
4	857797484	1	436472312	1	5
3	946477440	3	444472678	3	16
4	309597407	2	122212180	2	7
7	309819075	5	64314208	5	8
7	1408260067	7	494431184	7	11
4	2041050502	3	627954210	3	4
3	373856776	3	187667895	3	5
4	1914209728	4	741854781	4	9
5	1107297716	3	313765766	3	4
8	2901166929	8	550916131	8	6
5	1227483606	3	375629964	3	12
1	63616675	1	58746016	1	3
5	0	0	445646098	5	4
4	1416694274	4	743612109	4	10
7	2712362611	7	560136972	7	25
6	662753295	5	127197389	5	9
1	794171698	1	493078455	1	6
5	1790858276	5	297813125	5	18
6	1618440789	6	558059973	6	14
3	1225752616	3	306403519	3	7
1	63434194	1	64606247	1	2
2	188198390	2	184641877	2	1
2	121197865	2	122497203	2	5
5	63686398	1	65414271	1	2
6	374407870	1	369403531	1	3
5	682823087	3	489782971	3	5
3	1146588089	1	555747737	1	5
5	1487748602	5	300716102	5	11
3	2083046009	3	616281189	3	10
4	1886758190	4	615924439	4	8
3	1282625195	3	442226927	3	9
2	243110762	2	61964289	2	4
5	2099487962	4	875596411	4	5
5	4019545212	5	1116071600	5	18
3	362139080	1	184584925	1	8
3	1820094055	3	493252777	3	5
4	1355980792	3	611474768	3	4
5	1885967525	5	563366403	5	15
2	556700717	1	245903453	1	3
3	2214916290	3	684741267	3	11
8	1506953799	8	553430680	8	17
1	248259429	1	130660007	1	6
2	1028240691	1	436599189	1	7
5	314392421	5	119355923	5	5
2	494682584	1	123891842	1	3
2	401458365	1	243249320	1	2
3	244899047	3	121754643	3	4
3	1494183836	2	434729042	2	5
3	189865284	3	58823284	3	3
2	562129636	1	443117878	1	3
4	60376523	1	59895402	1	3
4	923825162	2	304555408	2	9
4	499547455	1	377057128	1	8
1	64318289	1	59036112	1	1
5	1675114403	5	750513599	5	9
3	1187918018	3	439248678	3	7
4	487658493	4	128216467	4	8
5	737061557	5	245736926	5	9
3	181625679	2	124597617	2	5
4	616796888	3	433027940	3	2
5	994904221	5	318451816	5	6
4	810688538	2	124110788	2	7
4	495379732	1	253022822	1	4
4	368185600	2	438449263	3	8
3	868967289	3	244473571	3	6
1	2947871678	1	495057141	1	9
5	442650460	5	244894880	5	5
2	365129572	2	248526679	2	12
5	4280242440	4	1283032736	4	15
2	121977790	2	127017755	2	3
3	2985526328	2	926682386	2	8
2	1409638567	2	313940375	2	9
5	1095013448	5	244537135	5	11
6	558076508	5	185691696	5	6
3	1517656521	2	424592872	2	5
6	663091980	4	246615869	4	7
5	2063155216	1	991100070	1	10
3	1217504127	2	739369771	2	3
7	1860715452	7	500072248	7	21
1	1540534829	1	435575348	1	7
5	738797374	3	185338100	3	9
3	484497267	3	123146567	3	7
5	310808434	5	246208059	5	2
7	856836160	7	185496804	7	13
5	1109988142	3	363576996	3	8
5	1820001918	5	626756721	5	14
5	493146432	3	127232374	3	8
4	1761104835	2	489692722	2	20
5	547246816	5	377272798	5	7
2	1470652266	1	746815185	1	7
3	2069324819	1	557751969	1	14
6	428384827	6	190013314	6	7
7	4742893801	7	812534151	7	9
6	495343021	6	251627856	6	4
7	1096625882	7	184939017	7	13
2	914748283	1	302103724	1	3
6	1114674874	6	310865969	6	7
7	3061407684	6	562059378	6	11
7	854949935	5	243969935	5	13
4	1051089680	4	375632248	4	4
6	1467442416	1	501366039	1	7
2	62142676	1	59779081	1	3
5	679872395	4	120919736	4	5
5	500559159	1	306794031	1	4
3	190004982	3	123931661	3	2
4	479054388	3	119164338	3	5
4	1958943040	2	316658507	2	3
6	1274700740	3	189970006	3	8
5	907873030	5	304580406	5	15
5	2218565305	5	557649426	5	6
8	1164899069	7	374936961	7	11
8	2383480181	8	316136539	8	15
5	1764427001	5	810769970	5	15
4	185564675	3	121350376	3	2
3	1835358651	1	313426318	1	8
3	2099401724	3	496848992	3	10
4	1096774954	4	254039695	4	13
5	424093342	5	248386085	5	5
2	1508479346	1	556150358	1	9
2	551858032	2	373064624	2	10
6	1395713037	5	614508674	5	7
2	64950048	1	64407163	1	3
3	122203289	1	64020101	1	6
5	1330084025	3	124728418	4	12
4	1130218135	2	243362557	2	17
4	1955279103	4	560564783	4	14
3	734687362	2	185366899	2	10
3	122843004	1	60076100	1	7
2	125923923	2	123005897	2	2
3	614327875	2	372158590	2	8
1	1037386885	1	303978021	1	6
2	245689939	2	189796682	2	5
5	122739709	1	125835505	1	1
5	1770403672	5	248302134	5	8
3	181901406	1	188470243	1	1
2	305135071	1	186465347	1	14
6	2137895974	5	253678973	5	15
2	370914274	1	125181578	1	4
2	126351234	2	60219806	2	3
5	363858148	4	121079790	4	6
6	5165405478	3	1486975641	3	13
1	917844467	1	121973963	1	9
5	666415248	2	309871923	2	4
3	807742387	1	617543675	1	3
5	427517198	5	181657639	5	8
5	419074945	5	187113374	5	10
2	60410891	1	63572720	1	5
4	430615894	2	315937241	2	6
4	623434290	2	252006579	2	5
3	249071272	1	246673433	1	11
2	2293998018	2	682806216	2	8
6	2862730874	6	678388979	6	10
4	1828481095	4	432388202	4	17
3	1915466350	2	863590892	2	7
3	1470343163	3	680037700	3	12
5	1949642629	5	492614500	5	248
7	841528911	7	121050360	7	12
2	607614028	1	566306381	1	5
2	1226793937	2	740374595	2	3
5	913321509	3	314433875	3	7
6	437341959	2	188951854	2	3
4	2859428614	2	748353891	2	21
4	671132817	4	304725892	4	5
5	59704433	1	63059800	1	1
3	541473541	3	490252300	3	6
4	1108749946	4	376005726	4	7
3	931931098	3	306375723	3	9
4	2640055270	3	750645377	3	93
5	306021755	5	189419274	5	10
7	2024967337	7	187629700	7	15
3	64007234	1	60512111	1	2
4	1053515700	3	303042797	3	7
4	423879677	2	251604532	2	5
3	664361356	2	247776630	2	10
4	1045684930	4	124234457	4	15
3	1455238757	1	306487320	1	6
5	59022160	1	64137840	1	5
3	1667030019	1	563167453	1	11
4	1427602940	3	496142378	3	7
9	1456804532	9	379206989	9	18
4	448638319	4	130141340	4	6
7	732933451	6	247842008	6	13
4	304956425	1	240011855	1	3
1	309858904	1	64571836	1	4
1	62117595	1	63773220	1	2
7	1720642765	7	373463563	7	10
4	566678911	4	248267815	4	8
9	4256807541	9	619515001	9	21
5	855343697	5	443847061	5	7
6	606950180	6	371958170	6	6
6	630270134	6	252660642	6	6
2	735017612	2	248919976	2	6
5	2937509206	5	1114234296	5	7
5	302136474	3	121859943	3	5
6	60723584	1	59202259	1	4
7	558203185	7	316472722	7	4
6	437498176	2	440270716	2	1
4	306319369	4	127431391	4	5
2	429772286	2	308145323	2	5
4	365318655	3	125110162	3	6
4	736079769	4	247980994	4	4
4	1344393607	4	120823508	4	9
6	2940923213	5	855852798	5	12
3	1034804039	3	308344886	3	11
9	3256743325	9	314967217	9	19
6	856293172	4	422159544	4	14
2	3327894201	2	977088958	2	15
1	126871422	1	125936862	1	1
3	1148083045	1	190844848	1	12
4	1281742311	4	378554912	4	5
3	1468299757	2	554714757	2	5
4	1773176602	3	488914661	3	11
5	1515259917	5	428936932	5	15
4	123784058	1	61926298	1	2
3	63688992	1	64294536	1	2
4	1828687989	3	482368573	3	5
5	2314381989	1	737529025	1	6
3	238569691	3	120476103	3	2
3	2008500541	3	677062031	3	19
4	919891885	1	317789770	1	3
5	1043185546	2	248089945	2	4
3	425354371	1	316012178	1	3
3	302797919	1	61149887	1	4
5	309672707	5	183227174	5	3
4	1775409202	2	314027252	2	9
6	1293281842	2	493439866	2	10
4	1657398763	3	612684619	3	6
4	2478955300	4	856687189	4	6
4	628906991	3	125707048	3	9
1	552289681	1	118751429	1	5
3	125540965	1	65222866	1	8
6	968927492	6	249597510	6	15
3	427580398	3	187457838	3	6
9	998205388	7	242921237	7	13
3	2025065213	3	619231630	3	3
6	184781452	2	122227867	2	11
6	124982986	2	125282665	2	1
6	981469264	5	363541569	5	11
6	2241293159	6	1063675942	6	9
6	1001838647	2	317510018	2	10
4	129685890	2	120292461	2	6
3	122037483	1	60672812	1	10
9	1358290893	9	630742995	9	12
7	1890910884	7	188895920	7	7
3	734372652	2	437394748	2	7
7	1467285428	7	318671431	7	16
5	978190055	3	120851469	3	6
5	443652802	5	179434399	5	4
4	985394811	1	247037169	1	8
7	613698454	7	187388495	7	12
4	1423293848	4	556650811	4	9
2	486567936	1	259170003	1	3
2	63566757	1	63592547	1	1
4	65322480	1	63458861	1	3
2	124524097	2	64758524	2	2
1	1167094154	1	364254555	1	4
7	436282500	6	124625057	6	9
5	851957682	5	182720717	5	12
3	2673563920	2	740390327	2	9
6	496531545	6	252699447	6	7
6	1967994258	2	686540724	2	14
8	1338124389	8	126660861	8	14
5	766188477	5	242599613	5	4
2	2395630876	1	1107442082	1	4
