24	7392416887	24	802209429	24	977
21	10867315006	21	561575001	21	909
19	6184382944	19	183492796	19	993
18	3419653271	18	313018352	18	917
12	4741728522	12	810474788	12	810
23	6050266876	23	254091407	23	719
25	7077855349	25	372143518	25	1010
25	11751338423	25	1112887951	25	880
20	8004659156	20	500507953	20	757
18	5467039945	18	559448466	18	304
15	11043133547	15	500521814	15	974
22	6027340721	22	125106515	22	1058
18	8492043716	18	752845786	18	914
31	11822469425	31	614789293	31	948
22	8083943324	22	308279717	22	758
19	9438340144	19	1054202360	19	624
21	4952721908	21	1045735352	21	644
23	4059962971	23	546151465	23	929
20	6800852562	20	862389473	20	1260
20	14314932216	20	489013094	20	770
26	5466657372	26	429530054	26	867
28	11168373497	28	308008575	28	1036
26	11479550716	26	430661379	26	937
19	11636969729	19	431503615	19	1091
20	5844406651	20	185799397	20	932
26	6741706649	26	987335912	26	1038
29	9427965726	29	993772453	29	670
27	11540309123	27	739241456	27	829
23	8179357507	23	501007769	23	854
24	6144715193	24	751481082	24	968
35	7041455077	35	241963171	35	1172
28	20404666247	28	668195688	28	955
17	8045087249	17	496638083	17	770
21	2835111547	21	184933765	21	646
16	10498497721	16	739250686	16	939
24	8865260174	24	929233871	24	1110
19	4812111649	19	621039787	19	951
24	10121770750	24	1437442786	24	690
17	6252077994	17	495223876	17	1032
22	11914978793	22	994621073	22	872
18	15965112045	18	1112669179	18	1163
23	10152923981	23	1058940374	23	1189
23	16988996156	23	988147077	23	798
20	9109422790	20	494210599	20	580
23	9313552670	23	367361919	23	844
24	10577975023	24	1109354258	24	682
25	8016355555	25	753957183	25	745
21	6085159389	21	437399964	21	822
28	8794847245	28	852190546	28	1152
23	6040860080	23	248074599	23	692
17	3208246275	17	560301024	17	576
19	16626826822	19	1002945526	19	1046
22	8588814202	22	1170853073	22	977
21	9701218241	21	1234298287	21	906
20	11304404810	20	915625560	20	1034
21	10380715105	21	672997444	21	706
25	15361816701	25	1290495949	25	1362
26	17030895381	26	680426108	26	1054
18	5007782175	18	805562064	18	578
20	11278539967	20	744115989	20	455
22	9994211362	22	748955326	22	477
29	19941192693	29	676667862	29	1078
23	17763569065	23	554660380	23	1149
18	12046752500	18	559766219	18	942
25	9656500414	25	1167759110	25	1265
29	25084353914	29	621250721	29	792
30	11888371885	30	433106547	30	1009
21	8542362735	21	1168660176	21	1005
27	17620638565	27	1305490028	27	908
23	9112781855	23	1044282559	23	1226
14	7823615989	14	1734631113	14	657
26	12267757442	26	753122809	26	1111
23	13302375177	23	370835194	23	1020
22	6380705917	22	313876899	22	746
29	14634402707	29	1233463597	29	1081
19	3986741790	19	302214000	19	792
22	11897129040	22	809497608	22	1098
20	18544572728	20	1303153963	20	1218
28	12720548216	28	242906614	28	1048
24	25323685601	24	798945769	24	934
26	7427392021	26	801858289	26	955
28	5564968478	28	436023829	28	647
22	8240902895	22	738639454	22	1030
23	0	0	1119806859	23	10
28	11017474764	28	862142285	28	1352
21	12956563585	21	680398232	21	1230
28	14740148131	28	1426221597	28	923
24	21880567713	24	1111530760	24	875
27	9832081001	27	315763004	27	1019
18	10726680758	18	1051595780	18	1160
11	8505813951	11	1295053348	11	830
21	9604649047	21	677444108	21	781
20	11218554096	20	245248524	20	1024
27	15492987242	27	985793827	27	610
21	14509708581	21	495667692	21	963
16	12430908090	16	1112458416	16	815
22	14626537242	22	980142467	22	1148
20	11282749174	20	623326855	20	744
25	24230061527	25	1178695060	25	1043
17	9644270218	17	933690830	17	859
25	18901943325	25	618728218	25	959
25	11311496870	25	745423163	25	1013
18	12997988283	18	669805726	18	951
16	10417979582	15	1539762898	16	541
25	9181432190	25	751930218	25	1049
23	6272029842	23	618814976	23	779
29	21054292014	29	246141952	29	829
26	9904066745	26	1245016674	26	942
19	6522843538	19	372723553	19	621
22	7204920071	22	819108564	22	755
21	16106546837	21	1240565876	21	721
23	6062310451	23	855860490	23	879
27	11297609841	27	611930746	27	1053
22	7040672531	22	508143632	22	732
19	8351158690	19	569701299	19	886
32	9079685797	32	426897156	32	1141
23	4676041775	23	802582136	23	562
17	5836303241	17	669278760	17	714
23	16853289637	23	1223148931	23	782
21	9042424370	21	1625189256	21	1026
20	9393344058	20	1112993457	20	1220
25	10198637341	25	930805560	25	1348
25	15660303168	25	747488509	25	1029
26	12000745129	26	1063894758	26	1100
25	6509007683	25	685343411	25	1038
25	6478198319	25	617687702	25	1228
20	11920182215	20	986348332	20	660
32	13111120400	32	1236931999	32	1078
11	11692101354	11	1177318344	11	646
30	10108389646	30	1233565267	30	1128
23	10987990539	23	1185012023	23	877
29	20464413117	29	253056655	29	993
23	5311666773	23	623258815	23	1024
28	8848254240	28	991648660	28	1381
26	7878043817	26	492043673	26	994
16	10509526230	16	550025319	16	890
23	13874883008	23	849299344	23	1254
26	9156431693	26	247998003	26	650
22	6477948077	22	555714731	22	658
24	21852743255	24	1235540953	24	1287
22	7317680299	22	738741584	22	869
14	12770162109	14	799595471	14	718
20	0	0	1050219468	20	27
22	18277570563	22	869666526	22	1158
23	16855846064	23	1115706324	23	660
20	11490346304	20	622566961	20	1212
22	8188569851	22	486809212	22	947
24	24817485296	24	805158395	24	1160
25	11464533072	25	300977261	25	1008
27	10456128091	27	674274757	27	1045
20	4093942532	20	249314010	20	853
27	19871521283	27	680816304	27	835
25	14734137442	25	1198461636	25	760
26	16100923661	25	926541559	26	1130
17	7988839457	17	926705094	17	714
33	9789920023	32	560968414	33	1104
23	18240046891	23	628318743	23	1049
25	3022103722	25	312428334	25	745
21	0	0	1308380460	21	12
27	7474564363	27	623066877	27	716
20	11327835264	20	1042513880	20	990
25	6621397349	25	623667830	25	883
20	6264922480	20	490997918	20	814
28	16919733439	28	1107034541	28	1002
19	9926407916	19	1126133000	19	1053
19	6121239994	19	502193050	19	1012
16	13497923184	16	1057582125	16	1533
23	9106654170	23	1181402429	23	1113
24	8538496346	24	618044430	24	1046
23	8391085152	23	1185487783	23	1173
30	13776775276	30	683862880	30	1134
19	5485265334	19	620236302	19	322
25	15972597281	25	806232604	25	1215
32	13971382142	32	1048159947	32	1292
13	12621655391	13	988146047	13	723
31	15114604750	31	1062382123	31	1007
24	11537907254	24	807103601	24	1036
22	19521341653	22	872902175	22	1108
27	13444064140	27	932037478	27	511
22	7099827730	22	858427017	22	1039
21	6972225376	21	673582903	21	1208
30	14540979573	30	1530526266	30	658
31	10139551793	31	989692740	31	1047
19	15834234607	19	991315935	19	887
16	9102871717	16	1249464205	16	810
15	6073858700	15	1303633211	15	599
24	13566784345	24	1306938347	24	642
30	21332466288	30	622553932	30	791
24	11554590011	24	1127086069	24	908
26	10466269650	26	493181953	26	822
21	12510372130	21	677829122	21	947
27	11430997127	27	1167379533	27	703
31	12846993235	31	682276852	31	890
15	15615002531	15	1360984217	15	616
17	9514324836	17	737809474	17	914
14	3925373636	14	372857117	14	866
29	10004160946	29	241718837	29	1232
18	8494110482	18	740343174	18	693
23	13360551779	23	925867893	23	927
21	7516700945	21	918424486	21	1109
25	15869556342	25	506514365	25	780
18	4504899082	18	507992640	18	907
22	18200233410	22	558873444	22	887
14	5222674687	14	616160482	14	985
20	3890278445	20	567221173	20	638
21	12729796374	21	623065813	21	1315
26	11075277008	26	809939291	26	1096
18	7237539424	18	1006922312	18	628
26	6738907227	26	744258606	26	1180
16	13502429854	16	1364938933	16	1174
25	11229911513	25	562671802	25	1138
23	6124791880	23	367392372	23	649
22	8917169778	22	932618633	22	1106
20	5562150970	20	747287879	20	874
20	12455880321	20	684999112	20	1113
19	11329075180	19	1235320908	19	614
22	12740705679	22	737490615	22	965
19	10788686787	19	873158725	19	398
24	11971162065	24	1177183793	24	1060
22	5978027274	22	808297461	22	700
19	9862334889	19	557264238	19	1159
19	10385133038	19	426852144	19	775
23	11684212551	23	918413152	23	1024
27	16015131467	27	1094296193	27	656
22	6403537780	22	306585899	22	749
23	10331298543	23	681669721	23	766
22	19358343751	22	860752859	22	923
17	10676776724	17	1561445876	17	518
24	22579083217	24	1259905325	24	1118
28	14278336810	28	739359363	28	1200
19	11407185641	19	491784283	19	1130
18	21433136930	18	991168787	18	923
21	10819264797	21	691561618	21	1044
26	11562621124	26	427356299	26	926
28	10820216093	28	501223382	28	701
23	4578208290	23	563747129	23	361
21	15167992488	21	681608043	21	1155
17	10677345332	17	984049578	17	970
21	8197446614	21	620270418	21	714
26	8826694957	26	492815260	26	1170
29	9894202355	29	318816244	29	979
28	18967764392	28	1376440531	28	802
19	11120016992	19	321511830	19	938
30	12063766558	30	313466148	30	862
23	9986064475	23	926329712	23	360
14	8895910314	14	999151526	14	1006
26	25111411704	26	858750142	26	1130
26	15184087005	26	991188699	26	886
16	6963839927	16	931399932	16	461
23	7086254791	23	800737414	23	802
24	19003639474	24	1360613915	24	941
25	8982254709	25	746711867	25	1067
24	12630655317	24	1361598937	24	1274
25	15043140450	25	427580415	25	984
22	10841209135	22	673209753	22	769
17	6699330787	17	679215584	17	1027
19	12745180606	19	1110309144	19	954
19	9556554588	19	567051331	19	970
25	9992485913	25	870740013	25	933
21	14452691552	21	754142969	21	803
18	6762418759	18	305822961	18	1020
23	8069124334	23	248224107	23	808
25	16127904312	25	922571701	25	1291
21	9295053958	21	312139879	21	851
25	11992460450	25	994382507	25	847
23	11531234035	23	991854354	23	1182
22	5252668401	22	431179931	22	905
14	4542610501	14	861031753	14	421
20	6884825606	20	542344685	20	640
19	7610420593	19	923124554	19	1002
22	8451266288	22	1675110971	22	449
21	15991134533	21	752444644	21	1057
19	6665811484	19	1186184158	19	619
22	18525524502	22	1737071333	22	728
19	11243584777	19	1161793800	19	1180
19	6809340000	19	970752981	19	999
24	8402164827	24	564426166	24	682
21	8886271055	19	1497291940	21	481
26	12283037505	26	613127360	26	898
22	19467200345	22	613992882	22	951
24	7644272816	24	554726050	24	517
21	7266801474	21	1004409353	21	923
27	17112502575	26	679915236	27	1244
26	24279862094	26	1177161792	26	824
17	17980079877	17	1054315505	17	960
22	9813933333	22	1243209130	22	658
24	13039438521	24	191513618	24	518
26	11533210008	26	929485093	26	958
21	10085230130	21	818084722	21	620
18	9375263210	18	1222879916	18	645
23	6625087453	23	371034914	23	759
23	8555706364	23	619557178	23	966
20	14601767477	20	793354221	20	1016
21	8034256642	21	497073238	21	781
21	9661270035	21	1180796293	21	876
25	9706558754	25	993588988	25	773
25	4860174871	25	686084798	25	750
20	11031598269	20	861909330	20	854
25	6639771053	25	424809809	25	955
18	4133070386	18	250896321	18	739
25	27267466710	25	1053576395	25	1458
22	13953493036	22	674024555	22	1071
22	14569923975	22	1053859087	22	570
19	2232762487	19	249758094	19	396
19	4761387747	19	497641254	19	602
28	6415205575	28	688606652	28	1024
27	8145084399	27	432769470	27	1087
23	16412487126	23	1171709419	23	901
25	10598770878	25	797930332	25	1052
29	24618142086	29	1236278860	29	957
22	7256710856	22	1031988124	22	1163
28	13564342940	28	1061885584	28	994
28	9091123622	28	874681133	28	1056
18	9836662520	18	500023430	18	731
27	9143654155	27	554260443	27	797
16	9879201179	16	1352709903	16	1417
22	12388683542	22	818343815	22	1278
21	13920112065	20	1362369429	21	1072
25	5296483929	25	312180986	25	889
22	13991904039	22	1054632812	22	953
23	15614602762	23	747612237	23	760
31	7095717029	31	311703654	31	967
32	10779459110	32	247650641	32	1022
23	4987824005	23	439841949	23	977
24	8320679262	24	253735036	24	921
26	12628950297	26	1244833109	26	589
23	11192783209	23	819776684	23	1065
16	3251202192	16	189654090	16	712
26	11876141273	26	1172852549	26	900
31	3744135185	31	244019200	31	1124
23	10328297289	23	1048263805	23	1142
24	7357207732	24	558092400	24	853
14	3972829671	14	253716465	14	500
18	3845981779	18	237739111	18	797
20	20481214917	20	1300459298	20	1336
36	10221208315	36	874110354	36	1195
22	7537583685	22	559125549	22	1106
28	11593302491	28	1004937415	28	907
21	9708141902	21	497443919	21	1198
24	9108036325	24	745877095	24	1180
21	10649658124	21	1051216826	21	991
19	14023479313	19	820948320	19	819
22	6169834108	22	560738408	22	786
26	8742952756	26	911263004	26	735
23	4692192975	23	247118747	23	730
24	15893167123	24	750768808	24	845
28	26073038649	28	500483200	28	900
27	14887422319	27	875003713	27	1319
23	11721327787	23	739477794	23	950
34	17049197250	34	248364175	34	1005
21	13925391260	21	1363869803	21	1101
19	5604046690	19	998542597	19	382
20	14103725478	20	609949665	20	1159
21	7141736159	21	809028496	21	1228
19	8322639342	19	975774994	19	882
26	6161878475	26	871038783	26	859
24	20583674238	24	808109603	24	1014
18	11222263760	18	755203041	18	852
23	8105787480	23	1235808725	23	581
21	7996711693	21	1297427103	21	916
13	16206256984	13	364543937	13	904
30	17137428941	30	1298268831	30	730
19	9145940441	19	934820649	19	1167
18	15793279160	18	925627222	18	1174
19	12599120518	19	733819734	19	811
28	7414151868	28	310313392	28	613
26	20916983386	26	495876415	26	952
25	14012791139	25	1048220273	25	847
19	8063423442	19	746047491	19	939
21	24687515427	21	1047744668	21	889
29	10237641851	29	248636067	29	1008
22	16746304786	22	866756068	22	1026
25	9017791803	25	550064839	25	727
22	4934979333	22	431528579	22	702
28	19937087964	28	242293101	28	604
27	16127560597	27	1176586706	27	1163
24	14267092637	24	1171841378	24	925
16	4969974021	16	317129525	16	1027
27	9429110493	27	1179195304	27	844
20	6405536361	20	242760689	20	966
19	18966336743	19	991094234	19	764
18	7423668603	18	622256012	18	963
23	9456327154	23	552079403	23	998
24	19726643258	24	1480701272	24	1043
27	8233125790	27	871894651	27	863
24	8929688550	24	1417408953	24	1291
21	9250060415	21	752633869	21	539
32	15510192017	32	622892241	32	918
19	9549233887	19	870568497	19	690
28	11613511784	28	488315843	28	1137
18	19710883186	18	749126107	18	783
21	10530354798	21	932720016	21	641
22	11682690812	22	372846869	22	1277
24	8765197504	24	687432721	24	710
18	0	0	508600654	18	7
24	9984845017	24	427190961	24	742
25	11558418726	25	379608422	25	1049
17	15886076951	17	1180190257	17	943
16	20780941842	16	860000829	16	792
20	13958661079	20	1176928846	20	705
25	10070584074	25	744808380	25	1062
28	15036286596	28	1369227476	28	688
17	21505372397	17	1061018892	17	974
22	10431912986	22	877135537	22	622
18	10961983929	18	1058589649	18	1046
23	10728126040	23	185603012	23	653
19	9322868785	19	863200493	19	1087
23	14431692699	23	1185050559	23	964
18	12605166184	18	736635755	18	883
21	7516163867	21	990668699	21	937
22	18187544951	22	247844788	22	827
29	8658915246	29	1121012212	29	787
29	5986863018	29	560476640	29	819
18	15518207895	18	693527763	18	1120
14	6675655159	14	795723949	14	648
26	14652094928	26	245918059	26	982
20	7617408354	20	869487843	20	839
20	6987107728	20	857133958	20	850
20	10568720651	20	742924135	20	1212
23	11458453907	23	880172908	23	1131
21	5866087376	21	436099835	21	771
25	8065673077	25	620865508	25	979
21	5348058355	21	312408281	21	1151
23	18186320914	23	742122983	23	1039
17	5171412948	17	807229869	17	1175
18	7031079555	18	1245523805	18	753
32	9135161383	32	876918827	32	495
26	7924775965	26	246855009	26	814
22	18365413074	22	861887675	22	1022
23	10838574200	23	565443865	23	853
21	16778970668	21	497263151	21	1087
23	5756623642	23	310519051	23	1129
22	11437280210	22	240968142	22	1049
14	8553284068	14	873179315	14	458
21	11080038088	21	1168007556	21	1262
29	10324082513	29	1172807194	29	1055
18	11183236920	18	369844217	18	905
24	7966225030	24	558626510	24	739
27	10999355917	27	986462299	27	1030
25	5410963345	25	558783394	25	645
26	10797860779	26	548843864	26	1082
13	6258594937	13	184292396	13	768
31	12372368096	31	1231564312	31	828
28	10106342159	28	806791101	28	753
24	14822400249	24	368073414	24	968
25	18939378452	25	1237502029	25	750
24	9054593805	24	608959040	24	734
19	10275160840	19	810589506	19	846
28	7969758411	28	1052615234	28	566
19	12170022545	19	1067843894	19	1041
28	17301489658	28	1047179210	28	1140
23	10499651139	23	743629016	23	745
23	12564957935	23	735218466	23	1085
22	8600676192	22	1360273531	22	944
27	6774263187	27	858936648	27	925
22	12073229368	22	1298336562	22	605
17	4873626479	16	798704370	17	431
22	7071083757	22	440365932	22	421
22	6596157674	22	556246726	22	606
24	24134711246	23	1115674032	24	977
23	10565813254	23	1044119245	23	731
21	10882532385	21	569948505	21	741
27	19133726573	27	686139821	27	867
21	6699623439	21	618962276	21	858
29	8404663819	29	249532212	29	692
23	20169306932	23	982280827	23	894
25	0	0	984105418	25	12
18	11903890164	18	930000728	18	813
18	14579063003	18	922357970	18	1142
23	8784632282	23	563831556	23	1129
13	11578341657	13	1045861369	13	1060
22	14804268050	22	492203446	22	879
13	3898990487	13	250098364	13	669
20	15364707084	20	492689954	20	986
20	11393919743	20	1545581568	20	988
22	4195523321	22	376304399	22	1038
21	4110009708	21	555444445	21	987
23	8894339766	23	248422554	23	722
23	9175559674	23	882973718	23	1194
19	12156616817	19	990787091	19	782
28	13808222733	28	245627150	28	1229
20	10663701066	20	931817618	20	1045
19	6866579482	19	988608873	19	836
25	14972667667	25	428852685	25	920
22	7606558553	22	1301525213	22	530
18	3614647672	18	505214717	18	733
21	7884188007	21	559161077	21	1005
25	7114125303	25	248082000	25	911
33	23367190168	33	926868712	33	681
31	14906930611	31	688827527	31	961
30	12014517030	30	860710073	30	1100
23	12575570054	23	617667567	23	985
18	18733181842	18	1542368813	18	848
23	14215361808	23	689209697	23	986
25	14823798487	25	800510487	25	1190
24	10356997448	24	879137984	24	1127
31	21355586852	31	616685255	31	943
27	13153709459	27	927970362	27	953
32	10579705572	32	429680496	32	888
21	12181246552	20	730214223	21	1013
26	6242646466	26	441622139	26	1252
21	15559393224	21	864082129	21	970
27	19140090997	27	762112215	27	799
24	11649370823	24	1311280186	24	1060
27	8856676623	27	547289022	27	1121
25	18277394258	24	1241848277	25	893
16	9982610333	16	991869699	16	784
19	6831484807	19	246660377	19	776
21	8021572341	21	626905042	21	824
26	7003438675	26	929018264	26	1190
15	8375794285	15	497859616	15	998
28	11701314008	28	810707583	28	1082
25	0	0	1292821758	25	3
17	7843555243	17	553343291	17	938
23	12448570835	23	430919289	23	1090
33	14143153622	33	1243585538	33	1086
17	5322467827	17	860024651	17	1175
28	25873517394	28	1184452682	28	1015
25	10633473310	25	1116219904	25	970
21	11695096962	21	1176551257	21	876
22	11766733922	22	929246264	22	1076
22	13745892345	22	851655520	22	1067
17	10518400166	17	733330013	17	1023
27	8366604633	27	933231911	27	1001
28	6819924124	28	688404081	28	1105
25	12540278850	25	815017757	25	1374
24	19869812368	24	308423619	24	811
29	10506714548	29	1364326472	29	1239
32	13018214664	32	1183115711	32	999
21	5338353622	21	425780996	21	799
26	13107006636	26	1041515910	26	1015
24	21273808570	24	1246810597	24	414
24	11662241669	24	1242648407	24	1354
17	18440877661	17	873765634	17	1024
26	9635697326	26	189340857	26	598
25	8073491885	25	1037586252	25	1205
15	10077245814	15	1234110328	15	921
16	10286387633	16	1177994019	16	1042
19	7490891800	19	982469000	19	1200
24	23059876258	24	1043754765	24	1192
28	7672705664	28	676100632	28	1136
36	13407981028	36	1258096306	36	1312
15	18332082649	15	491606621	15	473
20	14167846569	20	1120265597	20	709
14	7158816998	14	430843558	14	577
20	13749526377	20	439904329	20	1059
25	10661762812	25	442158525	25	1040
21	9481269501	21	1281708586	21	814
23	8792578944	23	875385910	23	661
19	8537928011	19	927200877	19	1082
21	9777189300	21	738226089	21	867
23	5579392737	23	943356541	23	707
22	6340393756	22	613219846	22	823
25	12609797141	25	1120044812	25	714
28	14523458837	28	1247249780	28	801
21	6177052708	21	799346112	21	457
26	15363661651	26	300716156	26	958
30	14879566050	30	956807819	30	1106
29	14628707063	29	501496269	29	1079
23	9775798112	23	922162252	23	734
12	3833607819	12	563653355	12	43
17	4167736473	17	249609337	17	1081
25	19215010826	25	497701469	25	990
27	13120528994	27	313595650	27	1083
30	9090113129	30	501964906	30	853
28	8609820916	28	746243381	28	978
20	13877005727	20	505081637	20	722
24	12438197713	24	1367055380	24	519
21	10893234920	21	614784093	21	676
19	8024910945	19	186815064	19	1134
24	7233636218	24	867369176	24	1074
27	10948574685	27	493656482	27	980
17	10043019792	17	497812563	17	645
24	10091489192	24	558148572	24	925
26	8500938026	26	559043583	26	1009
25	14120022802	25	1062053550	25	967
27	8454680679	27	784520680	27	1156
26	4820748089	26	494999308	26	682
26	11698444901	26	505987765	26	902
31	7931705386	31	557376771	31	947
26	10109956792	26	616792150	26	898
15	5396730385	15	627657313	15	784
31	16988207488	31	1299255794	31	1076
25	11293782190	25	552067526	25	1107
21	10783885621	21	933196329	21	1138
19	4316786999	19	239594142	19	988
23	8291187890	23	985654699	23	942
19	5819493869	19	680175749	19	933
23	7134546563	23	379985656	23	1272
24	9144907663	24	624230359	24	965
30	15028211260	30	807355879	30	1003
23	6231064185	23	365564497	23	1147
16	12763700782	16	1114547778	16	869
25	20795737335	25	440628515	25	1009
20	13553295126	20	986221041	20	518
30	4853877000	30	374215672	30	588
22	9469657879	22	1033381560	22	1143
30	25049489752	30	741777721	30	665
10	12772726691	10	1244453584	10	533
21	9953220111	21	607485274	21	1001
22	9481148515	22	754704950	22	737
17	5416578421	17	374249420	17	547
17	7550413099	17	805303276	17	684
18	6370379327	18	872292754	18	1219
18	13168020923	18	668329640	18	825
26	9971384656	25	733751631	26	780
25	18724400346	25	620641672	25	1343
26	12584872407	26	1366981826	26	1153
19	3732005428	19	367328701	19	1082
25	11524746473	25	992750400	25	650
24	14448576970	24	553585908	24	900
21	12986940503	21	992714391	21	828
16	6420639689	16	242550835	16	848
19	9960005409	19	559422993	19	733
27	13805153994	27	192579126	27	681
26	10116424639	26	1236619411	26	889
24	8385936913	24	246377275	24	734
19	13327030786	19	1365995456	19	1096
12	8302488938	12	1429711312	12	446
20	5901251308	20	369166524	20	971
24	15298541605	24	989784050	24	1221
25	7249656716	25	246866547	25	1270
18	4772018610	18	616266195	18	984
26	13821896131	26	936960050	26	1020
20	15158434570	20	733885012	20	798
21	5911266698	21	803084238	21	753
20	12357809970	20	372791200	20	968
16	8380552129	16	993992157	16	1029
18	14732084194	18	746531344	18	848
27	12073064944	27	493542508	27	863
19	5340072289	19	813249995	19	1169
18	12884483934	18	561738546	18	1090
23	12583707613	23	869270042	23	1174
28	5781733698	28	629141551	28	944
19	5680750255	19	316420553	19	859
33	10721285144	33	612076520	33	1213
22	14081202208	22	1370771749	22	878
25	12199488006	25	1186893324	25	966
25	11862729573	25	739247714	25	915
26	12573274088	26	1287461139	26	1093
35	10234964663	35	498532027	35	922
21	11114821292	21	807272300	21	877
25	9269192028	24	251899422	25	925
13	4900407122	13	312750852	13	729
19	17771152470	19	1055647392	19	1088
28	11593028043	28	1001777369	28	1258
20	6487296582	20	245633444	20	830
19	12376450652	19	1129017139	19	556
39	22152437168	39	674551115	39	1075
27	10977166183	27	559266345	27	1058
24	11130913359	24	995469484	24	1193
17	9037968833	17	1000509717	17	1270
24	5965143414	24	682669058	24	1026
29	9458377422	29	676336705	29	1273
20	10876121848	20	688976305	20	1088
19	4634475595	19	924823924	19	827
23	11136089898	23	436399256	23	693
25	10855334948	25	1117925588	25	950
24	11767606818	24	911565924	24	1197
15	8490676577	15	1061165124	15	1011
26	6531768425	26	551464399	26	1019
28	11799829267	28	1125275785	28	1087
22	8236935725	22	249754427	22	911
19	10999884166	19	1106714401	19	1124
17	4550550940	17	367454149	17	822
19	11314048305	19	868774039	19	935
22	23392930897	22	745962648	22	1065
29	17055994753	29	804054201	29	874
19	11788719363	19	1367209357	19	1013
19	11173022843	19	743270255	19	1021
24	6370014796	24	246157079	24	893
25	8572840183	25	687484404	25	1012
26	11718669060	26	986544847	26	865
24	5307087439	24	491472972	24	643
32	20940276624	32	1546533662	32	1129
28	22719339190	28	1172147467	28	1186
21	7329649324	21	554150469	21	611
23	10844574507	23	491527128	23	719
20	7377570465	20	498147565	20	680
23	5874980439	23	435235569	23	1104
26	5954604294	26	617471208	26	681
25	10649419320	25	730658528	25	1191
20	6708912517	20	492106348	20	1080
16	8639621082	16	1004234783	16	690
17	12395566075	17	1104796371	17	1056
19	7525711224	19	863882686	19	723
23	9375161852	23	934450428	23	842
20	9412554933	20	984859543	20	884
26	11076406391	26	1487751470	26	901
21	10693927677	21	545693644	21	1111
17	7584344209	17	1051922563	17	1035
16	5743356335	16	547470226	16	299
16	7825584909	16	563290652	16	664
24	6084164447	24	739382193	24	793
20	15764838612	20	1559943011	20	709
25	16358312004	25	986502803	25	848
24	9520210931	24	864038668	24	821
24	16380984296	24	621497602	24	917
35	14035309724	35	1178289114	35	1125
25	19018887696	24	1499985193	25	1032
30	8714004501	30	247811715	30	559
23	10966224056	23	1065363040	23	1046
21	12197368646	21	800752748	21	1117
15	8469241375	15	943943438	15	1134
18	5476284853	18	440424223	18	92
13	12499129100	13	1222623049	13	987
30	3940036338	30	370753200	30	894
22	9491702915	22	501067432	22	901
32	15671677667	32	1061719418	32	624
20	5353088218	20	620299135	20	794
20	6565368398	20	424834533	20	662
24	11536914141	24	740794258	24	671
20	3894848544	20	250433750	20	683
30	12511149706	30	504869394	30	757
27	8805908824	27	731817340	27	977
28	5522188345	28	434115211	28	1052
19	6876747035	19	613645852	19	1200
18	6838415058	18	370365753	18	797
24	9768269399	24	490240515	24	1235
23	0	0	1183029217	23	12
28	21119390253	28	1110398874	28	895
23	21511058762	23	754994771	23	1221
18	10181352647	18	935754822	18	844
16	7285356648	16	735620570	16	1214
28	15183111163	28	860773519	28	967
27	17755372693	27	681374780	27	983
16	8160126958	16	1061197498	16	1033
20	8202004105	20	735146404	20	577
18	7328834039	18	1122714100	18	989
23	8369967577	23	558586362	23	812
26	20086145869	26	1353216845	26	875
15	9038157520	15	921609923	15	798
32	17222001213	32	805385146	32	1297
24	9573168093	24	366964213	24	930
25	7678572153	25	245722063	25	832
23	3947039564	23	186362520	23	939
23	7088841754	23	1115118812	23	1030
23	27989774630	23	553333795	23	972
29	11748415005	29	786192725	29	933
24	14294494825	24	248541554	24	899
25	7486318932	25	372584278	25	756
16	5491745815	16	246971212	16	556
19	7689095643	19	490132928	19	950
23	7606270990	23	371195665	23	705
28	10495615048	28	305721797	28	663
19	8568327264	19	1175740215	19	722
22	11658570340	22	372644230	22	882
25	7273334538	25	930533701	25	1111
27	14843236416	27	992371746	27	1193
25	9859642636	25	801789121	25	818
19	10408852558	19	1059534551	19	859
28	18652600283	28	315679302	28	994
26	9439820478	26	804461437	26	1194
23	7620371315	23	248370340	23	968
24	3827485278	24	310723137	24	619
21	16950640985	21	1006072842	21	817
27	13090743651	27	1497982617	27	950
22	8611917594	22	381837922	22	680
34	12027706042	34	303614441	34	910
29	19594493312	29	1306156091	29	1021
28	8119590984	28	498216522	28	934
22	5318377890	22	821842417	22	1288
23	5442245115	23	247812588	23	905
21	8613876901	21	553921622	21	767
28	21679519016	28	984586345	28	881
28	16186884294	28	1164320165	28	873
22	11460098133	22	1176356691	22	1020
26	9291320031	26	623472284	26	779
25	11368253293	25	925974201	25	767
22	10852913582	22	1109585297	22	888
23	6439281158	23	369199246	23	946
30	8396814284	30	865371925	30	801
20	8898878263	20	617331005	20	892
22	21059512143	22	871443143	22	837
26	8275745735	26	1101980808	26	510
22	9957210223	22	868685596	22	1113
20	4717673272	20	499945623	20	859
22	8336146313	22	436818649	22	797
23	9614953808	23	792268709	23	1327
23	5896940811	23	499430559	23	1102
21	9482036625	21	985511707	21	981
22	12369463218	22	1121352798	22	835
19	14760573784	19	876809824	19	805
23	14419982429	23	673977172	23	662
23	9628488315	23	991524129	23	1141
24	7605615694	24	990756878	24	896
25	10308431799	25	615741044	25	1062
28	10947277747	28	243060056	28	1070
24	10859505813	24	1422466575	24	1111
21	7580205035	21	303821511	21	753
20	13926213760	20	986737761	20	1123
29	16578315823	29	1431542392	29	994
24	12348910614	24	1114201350	24	1111
24	15467790087	24	803659288	24	943
17	4657983873	17	242731110	17	530
26	10620616537	26	611716914	26	898
26	15122329332	26	685554043	26	763
28	14309592438	28	1544869352	28	698
18	9550636563	18	567401690	18	1107
20	10583256760	20	979525997	20	1005
21	7657123165	21	562494413	21	851
24	14348082818	24	1244562174	24	767
22	5349930868	22	555397526	22	866
23	11003384935	23	862410926	23	891
27	10614546474	27	682219059	27	609
22	17637016136	22	372952133	22	747
26	8406041049	26	986877491	26	948
19	10437509276	19	1200104400	19	978
24	10285051407	23	682276639	24	1217
29	11014234051	29	751239947	29	1160
17	9925640192	17	619951339	17	717
22	7890745314	22	1240968531	22	651
19	8029538888	19	305320466	19	1051
26	7512066946	26	688843190	26	1120
29	12297472647	29	793243745	29	905
18	16958794235	18	802462108	18	682
22	27452129875	22	550685976	22	1290
25	18227241832	25	801169229	25	963
28	6436127284	28	561262819	28	722
23	5471561374	23	623013946	23	960
18	11527112213	18	876315719	18	786
23	13937093165	23	1484866737	23	742
28	9001656527	28	304259119	28	815
20	6495201371	20	617545530	20	1050
25	10945080783	25	983310801	25	618
21	9600525999	21	871807007	21	1044
27	9844227890	27	1236261561	27	299
22	9979569048	22	1175566276	22	602
23	9165853773	23	868385457	23	868
21	24016290078	21	743100132	21	827
29	6566953355	29	932846644	29	310
16	4182773332	16	183471642	16	829
22	7933968282	22	564107477	22	1004
18	6002298099	18	1053292331	18	714
20	6278340248	20	558372872	20	962
20	6739557248	20	677433297	20	985
30	14707958568	30	490370670	30	719
24	13932181363	24	801575861	24	700
22	13457353778	22	437313616	22	840
19	9734694908	19	547142033	19	1111
24	13734698269	24	628477521	24	1007
23	5978419946	23	555703239	23	974
27	16404767163	27	691539297	27	1061
25	10453227471	25	1058863689	25	977
24	8286641952	24	241615923	24	719
24	9383190331	24	310643709	24	1017
30	13883918429	30	624465327	30	904
29	10071432506	29	741537031	29	1273
22	6332754101	22	857834589	22	479
26	12294427990	26	745883712	26	1012
21	9739918129	21	1235771253	21	1003
24	5497679575	24	491699783	24	951
20	17369072059	20	994708940	20	821
26	14732337807	25	788565579	26	1282
30	4644758786	29	250485977	30	799
27	9646596087	27	1486893559	27	495
20	4376411001	20	311976801	20	1102
23	21611414548	23	1487524100	23	684
18	5825936051	18	749007675	18	1012
30	11500557898	30	1235155048	30	761
23	12524702307	23	992070902	23	386
18	12827426961	18	982792043	18	811
17	15719672528	17	1050250118	17	932
19	7813789681	19	249782967	19	601
25	12692483539	25	984102035	25	752
16	6507301718	16	1249344861	16	887
29	9946276694	28	503094721	29	1036
14	7041704011	14	1234436772	14	862
26	12653132442	26	921561799	26	1067
24	13297977119	24	842617186	24	669
32	13900406920	32	675879410	32	1042
35	14179493466	35	732829520	35	1420
22	9038223314	22	739536023	22	728
17	7007583693	17	803131233	17	542
31	17275521581	31	1240365976	31	571
13	12070822264	13	910301887	13	503
24	7262487768	24	497602598	24	1029
18	7185202796	18	379664427	18	1005
24	8509814502	24	665963485	24	814
26	8112645736	26	806439316	26	1144
22	7369920775	22	570099314	22	1031
29	25625161187	29	804342741	29	1223
26	12991235153	26	740059712	26	903
17	9138174081	17	1065700739	17	1035
18	14041878092	18	995907455	18	1353
21	8014796731	21	434322802	21	712
29	12408251441	29	442282645	29	685
18	4165867314	18	313086577	18	964
30	26412207035	30	746923086	30	1015
23	17831425621	23	679539337	23	1105
18	5891353259	18	493123440	18	825
28	10053446105	28	251798013	28	1224
18	5328718802	18	431953168	18	1019
22	8919936667	22	1101735571	22	865
24	6029021696	24	499038184	24	644
21	13354655554	21	1178984592	21	1099
24	19817598769	24	989191166	24	852
23	16480910075	23	1116206446	23	1130
26	14166803385	26	485323219	26	753
14	10442006944	14	924412797	14	1039
24	21826724947	24	932685582	24	1041
21	8961398600	21	864660648	21	1297
25	9379302409	25	1358975178	25	1182
26	7709864751	26	560618612	26	665
32	19957861242	32	1420919187	32	1541
28	9659344984	28	1309085562	28	792
30	11009294318	30	1045047524	30	1101
18	5897882374	18	1120723875	18	863
29	16122302442	29	255589344	29	1042
24	7688013494	24	250935090	24	1022
19	7015074215	19	857403189	19	918
19	7960632399	19	796864141	19	1042
26	15931911397	26	990111532	26	1256
17	8272045940	17	1035859862	17	987
42	11631428267	42	924652728	42	1174
23	7949686661	23	423513046	23	793
29	9290886612	29	734014691	29	1132
20	11399896406	20	1430254193	20	1109
27	9956328698	26	1236934936	27	897
21	15642321052	21	1180840589	21	1207
18	14367911852	18	1036890514	18	871
25	11496710163	25	927628709	25	939
30	14374790911	30	370208233	30	898
21	24471893603	21	499525358	21	819
36	14130999517	36	738792930	36	947
23	20087388893	23	737809899	23	993
20	14505412672	20	1177959236	20	941
22	15722456332	22	925445198	22	1018
20	14041266811	20	735415290	20	808
22	6173173802	22	362528435	22	1031
29	16083724392	29	1185108394	29	1106
29	8743591326	29	991379008	29	1024
23	6201354404	23	313171942	23	939
21	6501051749	21	733723374	21	748
24	6387994964	24	428889204	24	898
21	8845164810	21	439475945	21	779
20	10334720369	20	252007776	20	661
20	17048036209	20	1543517039	20	1126
15	15023980924	15	1098158875	15	694
27	9964571434	27	619758846	27	776
33	10791368574	33	1545397366	33	1070
29	20712551352	29	369741765	29	1083
25	10303926235	25	684154132	25	826
26	15341152006	26	804332981	26	1124
27	22612534294	27	557248026	27	888
23	18753675065	23	1298354087	23	1097
31	9151673533	31	921178335	31	1131
22	11042091871	22	860711413	22	1228
31	27022970187	31	1366734609	31	1132
24	4321100582	24	489020200	24	896
25	18187915574	25	929607265	25	1042
21	14961805409	21	681571091	21	1142
16	12359090894	16	871434609	16	654
20	9468332687	20	1245532325	20	1125
20	7563813934	20	555208437	20	506
22	17351326975	22	1180203234	22	585
23	10770542961	23	682263524	23	737
25	5469731861	25	623704234	25	677
33	13068629118	33	985498907	33	962
20	11756970388	20	668288339	20	1139
30	11701242237	30	1244649840	30	564
19	16865765277	19	245835778	19	436
26	6462614982	26	491659821	26	950
22	8233930127	22	921811120	22	615
27	14898753266	27	1111427613	27	878
24	14192554848	24	1244382951	24	1033
22	3977959823	22	558673259	22	710
24	9383342278	24	798040956	24	1009
17	15162992180	17	558677366	17	880
20	5532256871	20	309325779	20	945
24	16904338304	24	859777522	24	792
19	7888574046	19	928294151	19	1157
19	10152079416	19	687480227	19	885
31	14070208585	31	869013106	31	866
21	4619360018	21	441744188	21	783
16	9167124779	16	1050278346	16	1045
24	11257537446	24	1051437116	24	1340
24	7848165120	24	927773878	24	1186
27	9778874518	27	618235832	27	1144
20	10383043514	20	1434590479	20	730
28	9550783894	28	754509178	28	798
20	12974652196	20	605432714	20	808
24	11372419809	24	1055971990	24	1038
21	9926571535	21	1051462483	21	1022
19	10497675773	19	435945800	19	1098
28	10783421161	28	1116938532	28	1088
19	13381698334	19	1612458921	19	400
21	9941376419	21	1536000216	21	214
18	5291286839	18	305533501	18	711
25	7060565946	25	744806791	25	982
18	7863556025	18	622543481	18	900
25	14041843591	25	246492895	25	657
18	9546471600	18	492714701	18	1116
23	11430342570	23	1046233909	23	1217
28	7710661765	28	556696348	28	1065
18	8425879395	18	1133069685	18	823
33	13293015083	33	434060319	33	954
29	12763560972	29	1051150820	29	806
26	9988821266	26	677058338	26	947
27	16675763742	27	993962995	27	1221
21	8506234082	21	668204392	21	820
27	8088416340	27	300760674	27	1036
23	9037318615	23	1042633475	23	934
22	6196966548	22	673755283	22	1111
25	5429006269	25	248083423	25	906
31	20878553790	31	856712878	31	795
22	10618641260	22	1369561610	22	817
