28	28	13947114453	1417891050	28	2703
28	28	7027606844	595481181	28	2758
28	28	9302126977	639294206	28	3475
28	28	11427023369	1510051658	28	3225
28	28	9994162780	1354246398	28	2640
28	28	10354779728	1079117301	28	2687
28	28	14834776819	1128963323	28	2270
28	28	10251539817	905104555	28	3125
28	28	8945443094	649245760	28	2877
28	28	7669799318	1066135905	28	3416
28	27	10639725584	1240594904	28	2777
28	28	11183413860	1276826169	28	2722
28	28	12189126074	1407958781	28	1989
28	28	11905466209	1241675048	28	2934
28	28	11156406238	1189925943	28	2313
28	28	9318060711	1123160570	28	2929
28	28	12621854465	911789562	28	2127
28	26	11717827018	1239104746	28	2298
28	28	11344853815	527215427	28	2793
28	28	9541734662	474668068	28	3447
28	28	8889677699	706180656	28	2798
28	28	9722552711	1070822508	28	2774
28	26	14772039473	1233257316	28	1587
28	28	13141660654	879016076	28	2388
28	28	9189348849	539452783	28	3435
28	21	10148641981	1111866465	28	1105
28	28	10845325569	1190081904	28	3030
28	28	13263004973	1146729563	28	2932
28	28	14065391268	1132229488	28	2395
28	28	11497369792	852519893	28	3046
28	28	8061852476	753018830	28	3642
28	28	10850428261	1202711628	28	1984
28	28	12929912719	754377271	28	2738
28	28	10199152098	1020510562	28	2311
28	28	9748101119	860796323	28	3688
28	28	11894287904	641466142	28	3188
28	28	8152572877	862414237	28	3406
28	28	8632726158	867019311	28	2745
28	28	8542244354	913507795	28	2808
28	28	8281259665	1027016991	28	3055
28	28	8446749571	857291528	28	3261
28	28	9536913817	1091102069	28	2328
28	28	9722031490	1562862379	28	2335
28	28	12766439071	1179361640	28	2637
28	28	12684445825	813795195	28	2402
28	27	10441210557	1516020111	28	1973
28	28	10630064797	686898901	28	3303
28	28	11134406339	1190478730	28	1682
28	28	9613500856	1086524152	28	2652
28	28	7543524087	870069422	28	2905
28	28	7149487885	1081000894	28	3115
28	28	9769832878	1132663613	28	2923
28	28	19813129390	907392447	28	2263
28	28	6069219859	928931287	28	2886
28	28	7571043719	1038341895	28	2443
28	28	13894857686	872412428	28	2709
28	28	7552388546	754886162	28	2215
28	28	11434118793	543417038	28	2726
28	28	10674241863	864213857	28	2343
28	25	14372296005	1013269003	28	1763
28	28	10835561553	1243098248	28	2209
28	28	14420465799	1022844593	28	1930
28	28	10802307513	1073889554	28	2430
28	28	9770396142	765724687	28	2363
28	28	10972973953	1096727573	28	3289
28	28	15684511128	949636853	28	2307
28	28	9806627379	970865266	28	2928
28	28	12531493913	1190167373	28	1838
28	28	11495435615	964022866	28	2788
28	28	10860749796	765147435	28	2611
28	28	9482391778	489936472	28	1749
28	28	13904675586	1021420737	28	3063
28	28	8842443755	849328060	28	2888
28	28	10725945043	1446973368	28	2054
28	23	10081581059	1331493850	28	1710
28	28	16901071749	763586525	28	2251
28	27	19806244062	1301064473	28	2403
28	28	9353048880	702420893	28	2569
28	28	9540006960	746474962	28	2543
28	28	10320944064	650100239	28	3239
28	28	10713208098	1068310341	28	2388
28	28	7687814733	826583768	28	3508
28	28	11220980753	1271869142	28	2923
28	27	11315213928	1191578050	28	2608
28	28	13176217914	1291849980	28	2627
28	28	8785198350	1152613938	28	2504
28	28	15629976177	1133627812	28	2056
28	28	9565773126	1129513222	28	3399
28	28	8513209493	917165268	28	2441
28	28	11617543891	1141409408	28	2084
28	25	14748352491	1020780058	28	1916
28	28	8282185506	857973387	28	1989
28	28	10466888418	919990742	28	3571
28	28	9898346173	1515650816	28	2149
28	28	11378644093	1133185511	28	2804
28	28	11453894502	1356877233	28	3145
28	28	7761844703	798946252	28	3078
28	28	10698271136	1018627526	28	2619
28	28	8701200237	712349264	28	2979
28	28	10944835546	1075010370	28	2721
