5	2	1112649053	324538437	2	7
5	3	2424630448	817816002	3	18
5	1	326052210	270798392	1	3
5	1	160846475	154058557	1	5
5	1	1180394794	166050568	1	10
5	1	381194801	216898771	1	11
5	3	1945809479	481752157	3	98
5	3	2612786104	432864387	3	194
5	1	112026875	106138650	1	1
5	1	850631326	220605188	1	5
5	1	219181167	160872751	1	4
5	2	1491935449	485484325	2	8
5	1	51560085	55079930	1	4
5	2	706621034	377418277	2	7
5	2	1166334155	420350005	2	7
5	1	1057146921	592508410	1	9
5	2	2751314017	704438386	2	34
5	1	467471266	214481586	1	62
5	1	215337738	208472400	1	4
5	1	222661174	215410469	1	1
5	4	1904733163	386695273	4	22
5	1	426112199	103522706	1	15
5	1	285380840	112537526	1	3
5	1	523922746	267994064	1	6
5	1	1639903100	376155192	1	118
5	3	865486809	324021316	3	10
5	2	1450690338	317917789	3	14
5	1	52511634	53716511	1	4
5	2	478688456	270985270	2	137
5	1	264410880	104782432	1	4
5	1	473417805	324041150	1	4
5	1	157592069	163315768	1	1
5	1	160615063	109752503	1	3
5	1	478880845	320707449	1	10
5	1	154344311	104340300	1	8
5	1	1072907360	372938207	1	10
5	3	3984948238	1127542939	3	65
5	1	1060856630	486514846	1	7
5	2	375969595	109979091	2	4
5	2	425905096	273808590	2	4
5	1	265415723	53955063	1	4
5	1	856754980	268711241	1	5
5	1	704400217	484837160	1	3
5	1	268517224	214153159	1	6
5	1	220121415	54884048	1	10
5	1	429479978	218467774	1	8
5	2	418545513	52347535	2	11
5	1	262062073	108030038	1	4
5	1	581943658	269685172	1	5
5	5	2568618805	487992881	5	26
5	2	1508718138	323058632	2	10
5	1	57047289	54175184	1	2
5	1	312254409	105297698	1	7
5	1	54625821	51533177	1	6
5	1	491078931	162169863	1	13
5	2	1702644059	431840101	2	9
5	1	108992542	107287466	1	3
5	3	427124625	107431551	3	5
5	2	1824416618	273165097	2	41
5	2	1112186280	382543338	2	11
5	3	2795601499	711709546	3	10
5	1	1000960470	374178113	1	9
5	1	1033724815	435171487	1	10
5	1	270431875	103763050	1	57
5	3	2287768052	657380191	3	9
5	1	50578645	52419852	1	1
5	1	1796732812	432314001	1	17
5	2	1449697358	918072395	2	7
5	1	483238076	276313962	1	8
5	1	919335958	270140542	1	18
5	2	1258063586	482358883	2	12
5	1	223130261	114277307	1	9
5	1	794335657	437563825	1	16
5	1	55845971	56505522	1	3
5	2	919533111	489159798	2	8
5	1	106223700	107553827	1	5
5	3	1275795648	479431198	3	49
5	2	987063763	162611789	2	12
5	1	318937772	164929916	1	8
5	1	746384551	106556312	1	88
5	2	262170510	213167157	2	5
5	3	2212425730	267293502	3	13
5	1	637954009	323370424	1	6
5	1	860956524	102383281	1	7
5	1	1306781517	323811756	1	18
5	2	1200398014	318567186	2	13
5	1	166553564	108980546	1	6
5	1	214721561	216734023	1	4
5	1	110614371	102994246	1	4
5	1	1824368239	861448868	1	11
5	3	2125781230	163076454	3	19
5	2	1822700730	480750375	2	13
5	2	1994120023	378338507	2	149
5	2	2171335024	590475964	2	73
5	1	783789314	157176002	1	11
5	1	212401737	160995876	1	7
5	1	319081257	270988704	1	7
5	2	873486860	431937627	2	33
5	1	210572538	108445905	1	42
5	2	1215272577	272925748	2	102
