24	24	10199473784	970401493	24	6512
24	24	14803605833	873659692	24	5386
24	24	11745006627	857701147	24	6031
24	24	9290115937	968030132	24	5725
24	24	8801668408	974309425	24	4894
24	24	15700948228	917392162	24	7344
24	23	20918831595	900923537	24	5275
24	24	9781228473	862850827	24	5066
24	24	16477188869	858982681	24	7101
24	24	14356479786	1034558958	24	6739
24	24	14666014627	1183599760	24	6853
24	24	12778044356	1128735492	24	5425
24	24	14427047439	968763260	24	5426
24	24	11123723238	1015789470	24	6971
24	24	13038822406	1289628908	24	5224
24	24	17953336126	1367374273	24	4413
24	24	20901248290	1178071869	24	4992
24	22	12157154255	1019089271	24	5752
24	24	11820292734	1018453052	24	6289
24	24	9930663196	650473633	24	6862
24	24	10638208024	916580191	24	5787
24	24	13295065385	1149799639	24	5896
24	24	8245142073	753839863	24	6999
24	24	16846668273	1121121570	24	4802
24	24	11024344044	696766629	24	6409
24	22	20683767189	1011708164	24	5732
24	24	10812020638	973554864	24	5965
24	24	14121605490	1241406369	24	4435
24	24	10848840637	810889152	24	7268
24	24	11899489158	1340138351	24	5066
24	24	7744253959	1085512133	24	4830
24	24	22162140051	1191004605	24	6318
24	24	17582110736	1075407801	24	4466
24	24	12712997706	1029086240	24	5128
24	24	20541575837	1343757349	24	6330
24	24	15159834919	851939850	24	6822
24	24	12087997691	933812029	24	5507
24	24	28223495801	1227773688	24	5168
24	24	13550152083	1256170340	24	7042
24	24	14977411823	1144613909	24	6450
24	24	12599381574	974306584	24	5568
24	24	16342235092	967261798	24	4865
24	24	15687906979	1232398942	24	5063
24	24	12838270229	1287003232	24	4763
24	24	12561566076	1043390738	24	5053
24	24	15666756208	1176256119	24	5675
24	24	11767473293	872056618	24	5964
24	24	14120564561	965445879	24	5779
24	24	14085555200	1033780522	24	6128
24	24	11226943497	1084572255	24	5346
24	24	13516616445	535324753	24	6157
24	24	12301502911	1295358431	24	6220
24	24	11239689678	1191853531	24	6312
24	24	20165524531	1610333356	24	5482
24	24	10040572054	920828491	24	6002
24	24	11145583406	1137389473	24	5468
24	24	14994416124	1199203768	24	6480
24	24	16085545843	1018193561	24	5534
24	24	12926672019	904536366	24	6238
24	24	15123742211	763466294	24	5484
24	24	20052977683	957785283	24	6448
24	24	13484036998	1141618181	24	6664
24	24	8028896065	753028492	24	5874
24	24	15107579710	1297394627	24	4501
24	24	14533551264	1025694036	24	5153
24	24	18195915797	1244619739	24	6771
24	24	19116776200	1229226991	24	4091
24	24	17660600373	1034843092	24	5721
24	24	11593602088	1298307704	24	4733
24	24	8944333591	604777210	24	7638
24	24	11015530686	1206260423	24	5912
24	24	9945475675	842923225	24	6465
24	24	15367147149	1064224396	24	5967
24	24	16330556616	1124923755	24	6166
24	24	17156306263	1401950095	24	6242
24	24	14286795511	1138982902	24	5616
24	24	15296292051	1181110206	24	5962
24	24	10877099457	756667341	24	6055
24	24	13463507100	871678865	24	6390
24	24	11112528602	1144459827	24	7529
24	24	13955440746	1354028046	24	5255
24	24	11418290171	925753560	24	7473
24	24	13330568556	1359827088	24	6080
24	24	17181940338	1299316724	24	4687
24	8	13906249913	480573547	24	1234
24	24	23030499571	1070255869	24	5023
24	23	18066731867	1176453652	24	6301
24	24	21020788743	1548022023	24	5996
24	24	15465210467	1140621372	24	5197
24	24	26769347447	1115453311	24	6430
24	20	11099015785	1238091508	24	5077
24	24	15075445943	1195058809	24	6825
24	24	11856376226	1189013761	24	4993
24	24	11782207428	1167457364	24	4480
24	23	16935047605	916007048	23	5025
24	24	10987024163	704217435	24	6383
24	24	14496837505	1032650984	24	6160
24	24	13693216699	1237527756	24	5006
24	24	12100702389	848816314	24	5470
24	24	13245129873	1179602455	24	6753
24	24	10970695403	1313752369	24	5172
24	24	11876522199	592177101	24	6352
24	24	13404907522	1079771957	24	5364
24	24	16789482389	1294038260	24	5994
24	23	17345654965	1188837774	23	5782
24	24	13710302063	865939075	24	6087
24	24	6925027668	1016309858	24	5501
24	24	14836909958	1446732541	24	5278
24	24	13501251951	970492525	24	6360
24	24	15041997379	1346529336	24	5879
24	24	14397741970	1025388671	24	6938
24	24	16276051342	909229417	24	5552
24	24	16041040695	968738917	24	7617
24	24	9878414524	1403535269	24	4701
24	24	12312815629	1132484314	24	3867
24	24	15999248123	1295524517	24	5448
24	23	12373207451	1339779336	24	5215
24	24	21585655234	1454298936	24	5577
24	24	13176809604	1565288433	24	5007
24	24	10617929148	1089468348	24	5309
24	24	13839281915	860141674	24	6193
24	24	10337496054	865254726	24	7475
24	24	11096437798	1018747116	24	6151
24	24	14875374445	1028362854	24	3864
24	24	12748089975	1291138580	24	5335
24	24	18048311553	1280651721	24	5233
24	24	12818085379	974066176	24	7815
24	24	15969203068	1291648291	24	5384
24	24	10732668680	425927631	24	5552
24	24	14938148430	1140016623	24	4531
24	24	13347836066	924400258	24	5611
24	24	12207555333	651229803	24	5775
24	24	11008483579	1195623965	24	5339
24	24	12381088025	1017085644	24	6448
24	24	18069184461	1468224092	24	6194
24	24	13655415739	1192910852	24	5356
24	24	12285757094	752651312	24	5864
24	24	13567143526	377612456	24	5430
24	24	18918850386	1139386548	24	5832
24	24	13613580237	809383520	24	6730
24	24	9161066027	806342391	24	5903
24	24	19264433856	1023371232	24	5133
24	16	27571939096	966066984	24	5225
24	24	12531075519	933861737	24	5557
24	24	7595411785	865972864	24	5810
24	22	19932339838	1137300350	24	4794
24	24	11928409290	426929342	24	6007
24	24	19831947462	1198648638	24	6069
24	24	9662889970	957671103	24	6652
24	23	14684245049	1135482589	24	5907
24	24	16757137171	1131969982	24	6081
24	24	25428998675	871043644	24	4677
24	24	10568636281	1067745764	24	6272
24	24	11916337637	752877044	24	6628
24	24	13751724362	744047649	24	5871
24	24	10397319857	1127960743	24	5062
24	24	10873602375	817769763	24	6749
24	24	16919681652	1567901451	24	3939
24	24	11210331642	975768930	24	5290
24	24	15368576657	1089546284	24	5842
24	24	15109695726	988696456	24	7809
24	24	9847626104	485136975	24	5853
24	24	12680356497	762685713	24	5933
24	24	12741367562	755638479	24	5634
24	24	9816210585	1298796568	24	4703
24	24	9359395135	1027173731	24	6346
24	23	16273534973	864544940	24	5052
24	6	6000524893	805235535	24	756
24	24	18800007770	1448160898	24	6264
24	24	10983522676	855872815	24	6226
24	24	13232695996	810819909	24	6914
24	24	13292343346	926517104	24	3875
24	24	14304390760	905322749	24	6833
24	24	17159467874	971966299	24	4660
24	24	15349527301	969328509	24	5260
24	24	15695851704	818534294	24	6184
24	24	10887824439	881780443	24	6055
24	24	16619148006	856160428	24	4193
24	22	20011546625	1176412196	24	5579
24	24	12556208186	857383804	24	7625
24	24	18198562575	1189449882	24	6620
24	24	16503561307	1139692746	24	5369
24	24	13677694361	751973423	24	7167
24	24	12079346473	969917836	24	8628
24	24	9002617624	813932273	24	5006
24	24	14766147932	1073513470	24	5379
24	24	11199732416	1003765593	24	7024
24	24	13187414729	1022906042	24	6047
24	24	11636052505	1126590022	24	4396
24	24	11916033676	1130546452	24	5995
24	24	8272353641	802709739	24	6726
24	24	12788764407	1130310298	24	5565
24	24	17350274361	969260653	24	6056
24	24	10637661820	1268225513	24	6054
24	24	16990153157	1258750613	24	5212
24	24	13967942174	921320633	24	6584
24	24	10036034889	1034451406	24	6808
24	24	15264245230	864044864	24	5040
24	24	14760984108	932723499	24	7164
24	24	22850412236	647807430	24	6532
24	23	9437039962	908775660	23	5221
24	24	17069968376	877426307	24	5489
24	24	8030606443	853808102	24	5852
24	24	17791206937	1289192615	24	4986
24	24	11445235969	1077157458	24	4399
24	23	16375836144	1014321180	24	4978
24	24	17333184519	1115729620	24	6085
24	24	21357978698	1187201193	24	4841
24	24	11323763813	1038001690	24	6169
24	24	15334038665	1337265042	24	4877
24	24	14954057387	1086346576	24	6252
24	24	20466613971	758521421	24	7266
24	23	18828228182	1413603351	24	5559
24	24	15430623139	1133065506	24	6383
24	24	12670130837	697994955	24	5292
24	24	15293509413	1298554377	24	6645
24	24	8386900233	803818053	24	5333
24	24	8896185294	801273167	24	5419
24	24	12779016435	644305199	24	6196
24	24	15517175494	1022784726	24	6088
24	24	15254726280	1138786713	24	7147
24	23	24712406392	1196030683	24	5120
24	24	11575917900	1137492148	24	5604
24	23	14576531231	930603686	23	4953
24	24	16169154519	1062931963	24	5632
24	24	24283439979	1238609219	24	6018
24	24	10550717632	867592819	24	5966
24	24	10332670361	922423770	24	6398
24	24	14541667056	1347440729	24	3303
24	24	13893038319	854118906	24	6226
24	24	16275254281	1088587277	24	4412
24	24	18808253686	646744467	24	5032
24	24	13611776716	1243139148	24	4780
24	24	9775833586	1022497016	24	6329
24	24	18544853455	1081969669	24	5665
24	24	19787671428	1197735706	24	4724
24	24	12772455992	1355857335	24	6629
24	24	14004619511	1263368187	24	5818
24	24	11876280800	1187892638	24	5567
24	24	14187066562	1226471469	24	5177
24	24	12954301733	875646409	24	5649
24	24	27151674035	1231641519	24	4584
24	24	9663374958	824654325	24	4279
24	23	31466965582	960580738	24	5662
24	24	21283080452	920228610	24	4993
24	24	13376840064	1086360691	24	4856
24	24	19238142125	1198827277	24	5341
24	24	16015955120	1410217586	24	4867
24	24	12696498560	1187424799	24	6691
24	24	14179904511	1062692532	24	6554
24	24	17202929675	913098871	24	3946
24	24	14656931301	1248560973	24	4684
24	24	14062832839	765929097	24	6020
24	24	14324465237	1096043949	24	5649
24	24	19848789925	1361276217	24	5414
24	24	8647452825	819741972	24	6515
24	24	7175127578	764032471	24	5771
24	24	13622260292	863595988	24	6676
24	24	12225873209	1126455363	24	6163
24	24	10320060576	803236893	24	5361
24	24	14471959599	1189772365	24	5614
24	24	16920153474	852352064	24	4903
24	24	16803645719	804056762	24	6282
24	22	10762624979	1023263492	22	5913
24	24	12892238231	376992179	24	6319
24	24	13848551897	1243688894	24	5765
24	24	13606465723	1137496937	24	6393
24	24	12595002977	808068770	24	6128
24	24	13969545136	981805006	24	5703
24	24	16437369331	955647542	24	4912
24	24	12467150142	1203254079	24	6415
24	24	17920644568	1354105155	24	5193
24	24	14238013599	1334151131	24	6536
24	24	14163818831	1190629983	24	5229
24	24	9326377248	1080716351	24	6089
24	24	16778671182	1036313179	24	6632
24	24	16628095080	1245798962	24	5436
24	24	15015963596	971046889	24	7165
24	22	12102606056	764185002	24	6093
24	24	9895569565	871682778	24	6181
24	24	14848989385	1154765599	24	6542
24	24	14858811069	924289027	24	5679
24	24	14765824711	1464476861	24	3850
24	24	10908288856	1543752496	24	4691
24	24	16100461546	1453816557	24	5579
24	24	16783284337	1135792061	24	5684
24	24	12172290085	1184041882	24	6181
24	24	16250798027	1342529559	24	5563
24	24	15300843129	920480710	24	5966
24	24	22992660078	1396456641	24	5246
24	24	12316955599	958690187	24	5290
24	24	14010998403	1067242614	24	6719
24	24	11742492578	708054443	24	5156
24	24	15843922392	1296286998	24	4980
24	24	10179341971	645447117	24	7443
24	24	16931693247	1070045939	24	4706
24	24	12769883258	867583761	24	8103
24	24	11851387119	1417355744	24	5623
24	24	11725309498	818440243	24	6732
24	24	10148700079	592430877	24	6950
24	24	17082003268	1064270830	24	6660
24	24	22368347189	1182549359	24	4385
24	24	21161931387	1133649701	24	5282
24	24	11940415492	711628933	24	6448
24	24	16813900981	963841446	24	6261
24	24	11061344045	1150519058	24	5709
24	24	16933391163	1076460071	24	5103
24	24	10284971719	971388043	24	6077
24	24	11688005708	487027286	24	6090
24	24	10601748863	1079117091	24	6441
24	24	13884434415	1071394949	24	6164
24	24	17483218297	1076638644	24	5341
24	24	20094570583	973050310	24	6329
24	24	14492355828	814306406	24	5132
24	24	23735939943	1291528444	24	5759
24	24	22868200238	1302113693	24	5225
24	24	14968504276	1184793232	24	6147
24	24	10020273448	910855229	24	6096
24	24	18371959638	1445486227	24	5602
24	24	16668482876	1450471687	24	4913
24	24	13652891922	979749668	24	4907
24	24	8818850685	1349313160	24	5182
24	24	16382854520	1035500651	24	5205
24	24	16759939000	1133322626	24	5741
24	24	9234689201	1074192272	24	6234
24	24	13376506995	912693469	24	6896
24	24	12103350378	532383270	24	6173
24	24	10129847867	911699755	24	7354
24	24	13244536973	973716759	24	5590
24	24	12663082122	1023970012	24	5853
24	24	16906387256	1202018667	24	5741
24	24	16729218842	1442850140	24	5102
24	23	18006623461	1183604016	24	5045
24	24	7964990131	753763809	24	7052
24	24	18193091931	542233297	24	6019
24	22	21474702910	548848822	24	4363
24	24	13526090597	1260170651	24	5193
24	24	15635544726	903033238	24	5722
24	24	11124465411	901982258	24	5719
24	24	9670704950	750257164	24	4996
24	24	10557831214	1229911135	24	5125
24	24	13566100117	1241150056	24	5071
24	24	13156863929	811833044	24	5023
24	24	14345212694	854958255	24	5726
24	24	13040692040	1232839775	24	4526
24	24	13216847690	591475696	24	7299
24	24	13589154929	966674888	24	7057
24	24	14364278494	926549659	24	5984
24	24	19359509988	1342106002	24	4855
24	24	16541293892	1410233129	24	5488
24	24	11771559626	859102697	24	6204
24	24	17138891472	1130802753	24	5216
24	24	12313288360	865833606	24	6140
24	24	12710937286	918152932	24	6508
24	24	14241040901	1294876914	24	4948
24	24	11327975202	913965647	24	6329
24	24	13027161392	1119042011	24	5065
24	24	12457801540	868272141	24	6729
24	24	11322946172	864819913	24	6867
24	24	17500689141	1190261930	24	4795
24	24	19769312785	1187623276	24	5475
24	24	8805776348	1249822307	24	5878
24	24	10708624698	868725303	24	7380
24	24	12681997172	696859002	24	4993
24	24	13026492686	1308249645	24	4484
24	24	11951894271	816494376	24	7165
24	24	8975692186	1080111633	24	6398
24	24	12789830574	1080963694	24	6649
24	24	15799884506	655253031	24	3517
24	24	13851324385	1293355736	24	6140
24	24	12609556281	1148893350	24	6113
24	24	27157981603	765253807	24	7127
24	24	10523638377	1079432547	24	4413
24	24	11592402723	1077021727	24	5833
24	24	10353084663	1027333200	24	8102
24	24	10916896699	1058964145	24	4628
24	24	16055503034	1227914572	24	5487
24	24	22126749936	1023746211	24	4622
24	23	14057676799	1087579771	24	4118
24	24	10296241312	855231019	24	6676
24	24	10556731674	921627030	24	6307
24	24	12725409751	1410087620	24	5703
24	24	13709859562	1193893391	24	7988
24	24	9485525293	817216746	24	5853
24	24	9432907157	1083626824	24	6179
24	24	13613667289	810383186	24	7887
24	24	14365701343	1181857837	24	6727
24	24	13309218377	801767385	24	5585
24	24	12288783645	1292374450	24	3950
24	24	11122050332	856692400	24	5274
24	24	13726880360	1131536802	24	5712
24	24	13123939873	976271788	24	6108
24	24	12220399297	1016140066	24	6514
24	20	14446938468	1286209435	24	5461
24	24	15792616189	1295001928	24	5967
24	24	7794213495	650597774	24	7864
24	24	14999227638	1129067013	24	5907
24	24	14957437802	984392896	24	5339
24	24	13831932419	1235976367	24	4505
24	9	4751696103	650841342	24	561
24	24	10087462002	920592498	24	6716
24	24	17668481578	1030274567	24	5584
24	24	12064600401	852022504	24	6576
24	24	10473836185	961669147	24	6846
24	24	7836945788	819826617	24	6866
24	24	11148737645	1179789139	24	6908
24	24	16340964429	1342810428	24	6468
24	24	14415422805	1233454745	24	6072
24	23	14714414686	814983081	24	4045
24	24	15275418538	1079631330	24	5910
24	24	10278364881	706629920	24	5844
24	24	15343365858	1606579970	24	4822
24	24	16253522093	922012010	24	5979
24	24	8803564761	593393964	24	6089
24	24	27922543562	1036403663	24	4991
24	24	11593668366	1021152425	24	7452
24	23	20139720705	1237512420	23	5315
24	24	13683163709	1031543337	24	6810
24	24	23134202674	964622457	24	5520
24	24	9905504009	965518316	24	6246
24	24	10006547120	967289719	24	5701
24	24	19484338592	1030084062	24	5441
24	24	18855183765	1241359424	24	4829
24	24	10731002743	1033813280	24	6865
24	24	13709773924	1078515286	24	6360
24	24	16179078478	1083218670	24	5341
24	24	10962409753	985475714	24	7336
24	23	8983856294	1188878439	24	4716
24	24	15321245940	1135899582	24	5928
24	24	12788377946	1563339146	24	4234
24	24	12641916679	1292399736	24	7427
24	24	15585969978	1043939286	24	4844
24	24	11018420960	657455573	24	7872
24	24	17500996345	1340294783	24	5941
24	20	18716779354	1144890071	24	4056
24	24	10440342015	1252752798	24	5023
24	24	16301458328	1193822777	24	5015
24	24	13586041164	1532517191	24	5858
24	24	15397886197	875003863	24	6692
24	24	15511144938	1184971098	24	4918
24	24	12989031536	1035680357	24	4840
24	24	19812091265	761578597	24	5544
24	23	9382823170	1178773059	24	5146
24	24	9714201307	818687219	24	6722
24	24	11704862771	1219220382	24	5855
24	24	19496362033	1195006760	24	6481
24	24	11421668555	974008131	24	5351
24	24	16700652378	1354738285	24	5891
24	24	11319185819	960066657	24	6591
24	24	17252547387	1079266697	24	6413
24	24	14072450816	1097330099	24	6167
24	24	13316575933	1199663119	24	6050
24	24	10470230948	769184236	24	5653
24	24	11660714402	1073243884	24	5391
24	24	11192330916	1296777194	24	4965
24	24	11821996472	1016826068	24	6593
24	21	17517111334	1298338101	24	2948
24	24	12044430346	1243238638	24	5141
24	24	9268431799	486370266	24	6205
24	24	11574880193	1032777620	24	4677
24	24	10853573334	1294739765	24	4783
24	24	17084365505	1304131501	24	6384
24	24	9200722828	809654354	24	6805
24	24	15025687204	1066712732	24	5213
24	21	10976768905	1022874785	24	4443
24	24	13811343805	1081343829	24	5169
24	24	14565034324	1403318790	24	5492
24	24	22399082714	1059395590	24	6491
24	24	15664707271	915014167	24	4147
24	24	19120867669	1080550765	24	5152
24	24	14582528091	1143647458	24	4807
24	24	15307654499	690366160	24	6301
24	24	13625202260	1291909040	24	6049
24	24	17280479311	749008512	24	4201
24	24	12128134035	960060500	24	5305
24	24	14642483264	1522637635	24	4174
24	24	19271439929	911720403	24	5164
24	24	12008265545	1035363696	24	7164
24	24	16175963242	1190145552	24	6421
24	24	13813986784	1186369772	24	6882
24	20	13751214092	1308308609	24	5955
24	24	16178347285	1235653923	24	5628
24	24	19859579125	1293395056	24	6073
24	24	14352459098	862713524	24	6303
24	24	13614031850	1244229678	24	6007
24	24	12295047011	1082995105	24	5598
24	17	9897971701	701691147	24	3640
24	24	18908781878	1189116883	24	5703
24	23	17113110560	1294827751	24	4828
24	24	18746619401	1083146111	24	5289
24	24	11738873623	1129808838	24	6081
24	24	13717282073	712901180	24	8120
24	24	11118724660	821558040	24	6580
24	24	12066057875	1071956594	24	5271
24	24	18431818431	1170509321	24	5084
24	24	17346870019	918168232	24	4403
24	24	17292771106	799258367	24	6483
24	24	15751928640	1104713323	24	5581
24	24	15004104629	1137343096	24	6438
24	24	14854576879	862816415	24	5657
24	24	9745976744	870800162	24	6478
24	24	12315126780	1334892044	24	4170
24	24	14413065214	1183449169	24	5639
24	20	12367617922	430629232	24	4239
24	24	11647014993	965079443	24	5806
24	21	12333798038	748390961	24	6179
24	23	14141676953	802290584	24	4528
24	24	11048104216	1234963456	24	4153
24	24	19313925124	1297827520	24	5471
24	24	14139400461	1073728059	24	4688
24	24	14780640573	1126778931	24	6142
24	24	12787323502	1023500032	24	5432
24	24	16945643018	967820970	24	4044
24	24	9981737299	1022705977	24	6610
24	24	19514185234	1585570564	24	8877
24	24	18954437113	852910119	24	6338
24	24	14213956822	1247030252	24	7345
24	24	14394212611	1190800950	24	5724
24	24	13974509834	1188822240	24	5147
24	24	14639810253	1238550945	24	4991
24	24	9734418628	543610851	24	7948
24	24	14432007228	1460829723	24	6075
24	24	10858789477	875089232	24	5295
24	23	26593898110	907845487	24	4549
24	24	12885062081	694173995	24	5944
24	24	15843259779	1448913159	24	5762
24	24	15049632776	1177143443	24	5195
24	24	13594661446	1081471403	24	6632
24	24	18552937174	1170703452	24	4522
24	24	8367154859	692625511	24	5994
24	24	15629555466	972598042	24	5723
24	24	14520582375	815760267	24	5182
24	24	15614656938	897921552	24	5793
24	24	8582937454	579370019	24	5903
24	24	17327224141	1249983523	24	5879
24	24	15173942457	1248473283	24	5888
24	24	13090607756	1147134921	24	5581
24	24	15635581842	1089934223	24	5268
24	24	8611512770	983349910	24	4196
24	24	11490266857	1187500634	24	6503
24	24	12083810536	1127112180	24	6894
24	24	14158493171	1429031094	24	6534
24	24	9070271538	657826341	24	6825
24	24	12741959797	489787831	24	4879
24	24	11234505701	1013468399	24	5520
24	24	11454764749	1131079908	24	4492
24	24	13915106501	909847326	24	7962
24	20	21788533255	973600949	24	4076
24	24	14675019487	1252117354	24	4940
24	24	9848405040	922404523	24	6021
24	24	16030508197	813990566	24	5536
24	24	22610398980	1438873937	24	5410
24	24	16892820495	1183128158	24	5967
24	14	5957612414	590803208	24	2613
24	24	23046270280	1194075102	24	4496
24	24	10125439206	1286901750	24	6974
24	24	16514334980	975314933	24	5931
24	24	7298042685	697032494	24	6087
24	24	10470205517	917128662	24	6345
24	24	9723867542	749385121	24	7421
24	24	16347799361	1287383838	24	5487
24	24	16603545302	986379983	24	5192
24	24	13940951533	1251791860	24	5834
24	24	7996334789	732852061	24	5646
24	24	13432329885	904479900	24	7100
24	24	13451475447	1122468977	24	6117
24	24	12459905025	1025534368	24	6752
24	24	15998101999	1136056043	24	6532
24	24	11341365264	1342543051	24	5380
24	24	21830978903	1410440288	24	5573
24	24	15208548474	967478665	24	6348
24	24	14743923660	1196927564	24	6460
24	24	14979247313	1244433020	24	4737
24	24	14516242604	1149449233	24	6446
24	24	14625975490	1093760664	24	5805
24	24	13300151254	642680358	24	6138
24	24	18543875405	1177568228	24	6530
24	24	13453480615	1208098865	24	5088
24	24	16813802559	1186952234	24	5385
24	24	12181212342	1025290723	24	5108
24	24	17956771417	1348422992	24	5441
24	24	22005239426	1085630236	24	6188
24	24	14951946543	1139978866	24	4674
24	24	22419604532	1401921240	24	4608
24	24	11525493836	1139140547	24	2537
24	24	23391983801	811328680	24	6184
24	24	11045527759	1025595500	24	5587
24	24	7903197447	766670826	24	5951
24	24	12599409386	658475317	24	6974
24	24	15176472832	1077002709	24	6849
24	24	13520645428	806603852	24	6456
24	24	12315867230	959390973	24	5669
24	24	10595707831	753478161	24	5888
24	24	12551390125	1025923372	24	5291
24	24	18050440900	967125684	24	5769
24	24	14671400266	1018694869	24	5184
24	24	16717633439	1358567786	24	5793
24	24	12836313245	755107916	24	5965
24	24	18825700112	1018935003	24	5727
24	24	12636352588	1411998736	24	6110
24	23	13241030897	1016075032	24	6079
24	24	9362637688	799055249	24	7632
24	24	16472758688	1621992708	24	3671
24	24	16000902786	1241709487	24	6410
24	24	15630410797	1246051788	24	5532
24	24	15320317822	1304241719	24	6142
24	23	16500627161	1132084700	23	5767
24	24	19474264321	966323279	24	7359
24	24	12142746477	879194419	24	6383
24	24	10853077171	1552147075	24	6017
24	24	14274384377	1242980120	24	5834
24	24	15081748391	1348106049	24	5424
24	24	18311317980	1323761455	24	6115
24	24	11995457122	1195784923	24	6070
24	24	17921212676	1243048601	24	5983
24	24	15356392664	1182142794	24	4569
24	24	13763891127	953666326	24	5389
24	24	12785437715	1347117648	24	5902
24	24	17550836651	755124619	24	7443
24	24	16397293326	1236571624	24	6785
24	24	10157245664	961712814	24	4961
24	24	18616493899	926180213	24	5417
24	24	11434507208	1074796466	24	5775
24	24	27502332009	1134304295	24	4996
24	23	14175355973	1465725729	24	6092
24	24	14359283585	750624297	24	5223
24	24	12189917742	1074162295	24	5863
24	24	15918941349	1556902847	24	5106
24	23	12568933007	1192298226	24	3342
24	24	17432029797	764488605	24	4113
24	24	18738271335	1833274083	24	6027
24	24	11692451405	1255044379	24	6694
24	24	10653808427	960618982	24	5590
24	24	10028430062	868605590	24	6905
24	24	9067894649	691113364	24	7279
24	24	12664706239	1242839431	24	6018
24	24	14393751101	1189767705	24	6754
24	24	12378904343	1233205462	24	4138
24	24	11583974236	698491679	24	6934
24	24	15085468188	1309264416	24	5821
24	24	12909038639	1397627186	24	5101
24	24	11656458993	974142843	24	5893
24	24	13486509827	908073663	24	6364
24	24	12112798305	1019718588	24	6064
24	24	9588979751	1134472352	24	6265
24	24	9393055192	811763412	24	6253
24	24	11329761290	919549376	24	5159
24	24	15619110646	851037714	24	6114
24	24	12253116542	1149862734	24	5111
24	24	9689865871	1116860332	24	5472
24	24	17587520791	1034051409	24	6273
24	24	18042952220	765583411	24	7155
24	24	17261742745	1284816207	24	5022
24	24	13720901853	1142704740	24	5443
24	24	11707967771	1074351879	24	5476
24	24	10204233287	703695625	24	6928
24	24	10721675647	751876483	24	5522
24	24	10907573191	920923438	24	5938
24	24	14329296786	1308714707	24	4551
24	24	16625804443	1235408156	24	6600
24	24	13100523983	952046701	24	4898
24	24	18173739373	1351948386	24	4992
24	24	16981453487	909551445	24	5300
24	24	14252064756	793834051	24	7661
24	24	15327022581	1447131970	24	5793
24	24	8503475631	854468183	24	5747
24	24	15551724537	1136421857	24	5538
24	24	24822237623	1502346299	24	5750
24	24	12954317829	968942739	24	6240
24	24	8403244206	534882446	24	6061
24	24	14779581240	1014415831	24	5511
24	24	13664917413	1025449974	24	4559
24	24	14373930969	1022170076	24	5226
24	24	13729982401	1018897747	24	5400
24	22	11578694774	1083357557	24	5629
24	24	13170188308	1114081420	24	4935
24	24	10662043782	958984054	24	5901
24	24	16219125284	1075333052	24	4567
24	24	16102685203	1229746200	24	5752
24	24	14604844993	758123367	24	6870
24	24	9302602886	973191768	24	6238
24	24	17927302918	1303251736	24	4763
24	24	15914727515	1474683159	24	4531
24	24	16218078099	1248134150	24	4461
24	24	12217490644	1365077922	24	5565
24	24	15532992390	1237261659	24	6458
24	24	14382421532	1137649851	24	5117
24	24	15053306346	866606253	24	6449
24	24	13750417817	1563349806	24	3569
24	24	9523820983	481020003	24	8270
24	22	10480565004	1023860020	24	7600
24	24	17801778489	974831170	24	5648
24	24	10555968948	869813308	24	5685
24	24	14232696504	1143547062	24	5382
24	24	16755833046	1128761789	24	5763
24	24	11863862864	975853400	24	6540
24	24	13743525609	760109685	24	6163
24	24	7841331132	697826917	24	7502
24	24	11548841385	1079329219	24	5343
24	24	16294211782	929704195	24	6045
24	24	12609482468	963113431	24	5936
24	24	11721411486	1245517772	24	6433
24	24	18492351876	1203904402	24	5268
24	24	14075990313	1145069129	24	5312
24	24	14011527971	1180427206	24	5766
24	24	10088432533	918746726	24	6972
24	24	12323489927	921462627	24	7317
24	24	9375784614	805040421	24	5833
24	23	14980123510	1193254521	24	3477
24	23	13714828615	1314011588	23	5782
24	24	13159138665	1028550213	24	4989
24	24	11540614428	865404206	24	7801
24	24	16538166408	1135273885	24	6525
24	24	13631110006	917866613	24	7044
24	24	10580024395	1173897205	24	4117
24	24	15255940162	966547960	24	6058
24	24	23238733780	754041232	24	7446
24	23	22291638927	1179598151	24	5216
24	24	10375967313	806554954	24	6022
24	24	11665576358	1081814665	24	5073
24	24	12425388489	1190998547	24	6992
24	24	18570451833	1364432121	24	6563
24	24	10413829297	1127651053	24	5029
24	24	13792877494	844449742	24	6070
24	24	12725856771	1128019914	24	4853
24	24	10866536586	693867763	24	5164
24	24	12782715238	1017388600	24	6902
24	24	8585664621	431138162	24	7111
24	24	13836384574	1254803790	24	4455
24	24	13150476445	1345379387	24	5330
24	24	14100380892	854904020	24	4427
24	24	12931285918	912595543	24	6903
24	23	10198479137	1074847846	23	4734
24	24	13795899321	661188156	24	6700
24	24	16016244456	1572474335	24	5075
24	19	16419177997	811999317	24	4228
24	24	11055032163	972752557	24	5897
24	24	13378609371	863041590	24	6633
24	24	13031487552	821044037	24	8156
24	24	10609722611	599046363	24	5448
24	24	10813843690	752427856	24	6439
24	24	20415597292	1626499761	24	4523
24	24	12917248681	857710888	24	5941
24	24	14847569206	921791285	24	5715
24	24	12509313537	1198162581	24	5122
24	24	13732666024	1246628781	24	6135
24	24	15998684393	695067419	24	5685
24	24	15562596304	1122098640	24	4327
24	24	14178651243	978605199	24	5862
24	24	11089907716	1269794629	24	4533
24	24	14222399816	1075863424	24	4140
24	24	16463517774	1142918022	24	5126
24	23	19026478299	1473283544	24	4110
24	24	12448425072	1074201411	24	6418
24	23	21417526587	809095384	23	7405
24	24	13494203392	1133789195	24	5693
24	24	14584364083	909161856	24	5522
24	24	9897898809	699866226	24	6304
24	24	9667711569	864642434	24	5545
24	24	13558160366	824428443	24	6449
24	24	17663462333	1143365924	24	7029
24	24	17351919344	1339345589	24	6600
24	24	15588454462	1253202771	24	5485
24	24	17545116035	801872715	24	6603
24	24	8793225655	705429408	24	5515
24	24	13343654391	1181958194	24	7390
24	24	14021524613	1398727182	24	6194
24	24	10042105362	1310521817	24	5736
24	24	10023915526	805892946	24	6257
24	24	9160680884	799508475	24	6085
24	24	16238121675	1398971478	24	5692
24	24	13687167747	1027959000	24	5498
24	24	18604750310	1074946802	24	5045
24	24	17058811980	1250733108	24	5232
24	24	11430275318	535881480	24	6602
24	24	12905982880	963666912	24	6046
24	24	16906157967	1288520773	24	5533
24	24	18525402053	972909184	24	4387
24	24	11766571390	1292126413	24	5944
24	24	21258208840	1250777235	24	4659
24	24	11183588893	1075386867	24	4584
24	24	8850261995	700756752	24	6501
24	24	12251679247	1347234035	24	5841
24	24	18252048560	1237321082	24	4898
24	24	14591793995	1251359488	24	4833
24	24	21009609886	1251074670	24	5791
24	24	16707624992	1130517412	24	6778
24	24	14029223438	1359918063	24	6315
24	24	25271263916	1224582576	24	6645
24	24	14071349167	979754538	24	5248
24	24	12029609517	1354241562	24	4188
24	24	11570853416	977593432	24	4927
24	24	16315298253	1408213566	24	6309
24	24	10340680264	812950132	24	5923
24	24	13560035006	869180278	24	6061
24	23	18472782136	1078768171	24	4209
24	24	10816573533	1127583989	24	5981
24	24	16650794909	705261606	24	6435
24	24	11089548778	1139796014	24	6505
24	24	10153281237	713126592	24	5858
24	24	14926065822	581183100	24	4974
24	24	10464399247	760672373	24	4590
24	24	18053116319	861592323	24	5951
24	24	20296452185	1294430210	24	5969
24	24	14260012351	1344729777	24	6074
24	22	17959142009	1030986736	24	4352
24	24	9708087163	753910819	24	5956
24	24	10683750243	749001952	24	7279
24	24	8312323786	761902252	24	6433
24	24	12726229944	1398469034	24	4984
24	24	11684760728	759870945	24	5605
24	24	15698865455	863316693	24	5739
24	24	7852887170	595104801	24	7095
24	24	15521938748	1225740149	24	5439
24	24	8933648221	1024123978	24	6929
24	20	10785271760	749453031	24	6280
24	24	8226413273	423490242	24	5650
24	24	18073877997	1128219529	24	5663
24	24	14143876248	1452288256	24	5051
24	24	14681443207	1122771692	24	5153
24	23	19741882531	1030879970	24	6177
24	24	14448654250	929236373	24	4896
24	24	11995016960	758716285	24	7156
24	24	12766839028	1078487495	24	5178
24	24	11097083960	756777067	24	5397
24	24	14054580959	969437032	24	5118
24	23	13089970448	1020004372	24	6916
24	24	9594990675	909375508	24	6678
24	24	13023008178	480880814	24	7341
24	24	12650503381	636290005	24	5120
24	24	9026480800	976106970	24	6489
24	24	13849459604	1161027445	24	5487
24	24	16843576532	1296092781	24	5443
24	24	13762397837	1134928064	24	4732
24	24	9468173708	913318389	24	6203
24	24	16209808150	862729946	24	7429
24	23	17222617204	1128944816	24	3665
24	24	14595147964	1125080018	24	7583
24	24	13469695315	861914340	24	6687
24	24	17293391695	919372117	24	5454
24	24	12216185246	1290041910	24	5469
24	24	14845177939	1145041674	24	6771
24	24	15313484790	955297894	24	4967
24	24	16797895931	1456222567	24	4794
24	24	14787361764	926611191	24	6206
24	23	15402153888	1614037882	24	4279
24	24	14800516054	1252107528	24	4481
24	24	12103964276	1139627758	24	6499
24	24	10798538251	852476053	24	5856
24	24	16308779483	1173856310	24	5776
24	24	10496280555	858651563	24	4223
24	24	15485798403	1320042829	24	5963
24	24	11541602484	814317156	24	5537
24	24	13781712499	865530628	24	4616
24	22	11834800791	1018696121	24	3702
24	24	20383118957	659866878	24	6048
24	24	12339380779	1226173965	24	6759
24	24	18791209075	1342266213	24	4495
24	24	11131937632	813241025	24	6193
24	24	18465910885	1513500321	24	6215
24	24	11762943912	1079625943	24	6101
24	24	11927507852	1240721663	24	6763
24	24	13639946516	799740466	24	5746
24	24	10897371095	1100614878	24	5467
24	24	13456542023	1183906758	24	5563
24	24	13987214129	796104477	24	6473
24	24	15762998571	1123142354	24	5774
24	23	19215620225	926556515	24	3999
24	24	11987855086	1125026211	24	6166
24	24	13095466805	1012357192	24	4762
24	24	16709068322	870604942	24	5169
24	24	13258511482	1178771655	24	7239
24	24	19311651246	1187894338	24	6449
24	24	9371063763	1039305667	24	6441
24	24	14955666196	1074706666	24	6331
24	24	13957597237	1238567490	24	5623
24	24	13396953071	1405326801	24	5952
24	24	16707946391	1079898609	24	5809
24	24	18056395950	825340877	24	5735
24	24	22408502081	1328408510	24	7148
24	24	11995183279	745036986	24	5292
24	24	11313212217	1239145691	24	6916
24	24	14924999377	1137030370	24	6864
24	24	12914671064	583757000	24	5676
24	24	11789621203	1285427495	24	7017
24	24	14557287986	1152497403	24	4483
24	24	15966817193	905322103	24	5622
24	24	11579570777	1417192225	24	5154
24	24	21347822611	1238253178	24	5291
24	24	11387802281	1070937715	24	5892
24	24	13398232123	1132177682	24	4526
24	24	12818362069	1124814969	24	5745
24	24	9849992845	746374774	24	5585
24	24	19300994437	1120352103	24	6195
24	24	14422446733	817787444	24	6251
24	24	17278480483	1301732520	24	5199
24	24	12243605115	1073887671	24	6271
24	24	11829214408	964426107	24	6094
24	24	19636962510	1021506809	24	7011
24	24	7317960530	1300792568	24	4973
24	24	14458406809	811227889	24	6611
24	24	13225735183	1123874297	24	7655
24	24	14895953140	911826697	24	5976
24	24	14619200070	1079564351	24	6476
24	24	18322788755	1196756125	24	5732
24	24	27566143850	1232256684	24	5078
24	24	11080898041	548651591	24	6640
24	24	8938562846	976112189	24	6666
24	24	16676554085	1345796820	24	7050
24	24	17678688359	1506429423	24	5007
24	24	16616690207	1291161971	24	6720
24	24	17994075324	813150884	24	6344
24	24	14007186711	1025052182	24	7148
24	24	23824652753	1063676782	24	4559
24	24	9342667879	1026843260	24	6389
24	23	14468279158	1136733347	24	4575
24	24	11210544354	719417147	24	6338
24	24	17194223932	1090265231	24	5352
24	24	14754022539	1388959292	24	5995
24	24	12793528337	914819026	24	5166
24	22	16241931087	1067910927	24	4446
24	24	10529467042	1293529528	24	4840
24	24	10190567139	907349973	24	5668
24	24	18804905967	1291281548	24	5892
24	24	14234758788	1390175995	24	5559
24	24	17011988031	1238886094	24	6300
24	24	16944032550	1138551901	24	5393
24	24	11950889449	698312122	24	5944
24	24	16978138457	1034541599	24	6176
24	24	16575971040	1299803915	24	5814
24	24	9845890259	1131587772	24	5490
24	24	13053843310	1292415489	24	4909
24	24	14743305103	1123331616	24	4267
24	24	15038388507	1460598427	24	5783
24	24	14685233094	961122952	24	6014
24	24	8959961428	547535829	24	7335
24	24	32580453362	598565409	24	6781
24	24	11170905707	712360971	24	5903
24	23	16065404799	1781071982	24	4041
24	24	13372271210	1084704328	24	6045
24	24	13744831528	818414687	24	5846
24	24	10826264520	869732680	24	6925
24	24	9434388426	889220589	24	5682
24	24	21914209877	908991539	24	4672
24	24	18021726204	1334265265	24	6891
24	24	15559807002	1075403056	24	5333
24	24	13719460954	965546427	24	5884
24	24	13667255193	925349611	24	6500
24	24	16905946098	1192471267	24	5117
24	24	14406524647	1025850623	24	6937
24	23	14002930824	591319872	24	6846
24	24	13965252425	1204066979	24	4912
24	24	12627167065	958999375	24	6417
24	24	14724891685	818939717	24	6920
24	24	14718984488	1564464287	24	6575
24	24	15101146559	1135008943	24	5803
24	24	9201247083	968920876	24	5033
24	24	12399246171	548269263	24	5693
24	24	20305594795	1204105517	24	6403
24	24	13236136911	1121733035	24	6636
24	24	15586907423	1187225479	24	5699
24	24	9940864168	917455672	24	7063
24	24	14182180118	1125610454	24	7549
24	24	15709222300	1070990341	24	7958
24	24	19955332907	1035143289	24	5210
24	24	12711532427	697322039	24	5005
24	24	15081940734	1254904244	24	5352
24	24	12560916158	1265610820	24	5971
24	24	26180533591	1190500798	24	5336
24	24	13796204755	646472023	24	5181
24	24	13315644459	1070810577	24	6099
24	24	12980164728	1117833689	24	5753
24	24	12098248489	1152053398	24	5621
24	24	10661642922	695176421	24	6907
24	24	11403145508	1084146189	24	5853
24	24	14021543022	978500826	24	6545
24	24	13441944283	871616311	24	5191
24	24	11794002768	886773798	24	5896
24	24	12266163924	639446316	24	5824
24	24	14406351085	1077011491	24	5117
24	24	12357561916	761135240	24	5891
24	24	14330796303	1185933801	24	6301
24	24	8579902643	587367248	24	6133
24	23	10160403559	660074304	23	5570
24	24	13337908181	1443980601	24	4598
24	24	9316168041	962532370	24	5108
24	24	12690990394	1732409082	24	4886
24	24	10687560693	601673864	24	5937
24	24	15298426077	907241254	24	6530
24	24	8107592934	1009616310	24	5974
24	24	19521629215	1286855958	24	6337
24	24	11482037179	923768687	24	6068
24	24	15048592420	1066017396	24	6396
24	24	10602644842	975771989	24	5975
24	24	10990632376	861614093	24	5656
24	24	17270299467	1345250581	24	5444
24	24	11720912899	1251262444	24	6054
24	10	10392202704	960730765	24	2734
24	24	9513962195	652324829	24	6097
24	24	13212766424	1120550504	24	6418
