24	24	20959741673	1351795440	24	2538
24	24	12910423657	924333283	24	2744
24	24	24022527037	867177444	24	2862
24	24	20264467987	1184768819	24	2224
24	23	18005411036	1170425333	24	2536
24	24	20316182016	1189049685	24	2109
24	24	24966678537	817337914	24	2537
24	24	13504417897	1081637854	24	1582
24	24	20005422304	1064444333	24	2255
24	24	24307866838	1387047248	24	3069
24	24	14876773155	752133472	24	2903
24	24	19586215995	924330517	24	3122
24	24	16899662549	1133941392	24	2864
24	24	22629922046	483767191	24	2505
24	24	17044913806	1172997565	24	1514
24	24	16559038141	703183661	24	2866
24	24	15075144112	1236944473	24	2200
24	24	12583405933	822915189	24	2128
24	24	22870077798	747409501	24	2578
24	24	15671117266	719511828	24	2652
24	22	14675624636	1146321271	24	2760
24	24	12208133374	857657193	24	2210
24	24	12699516880	898488600	24	2277
24	24	23072135369	1176987541	24	1816
24	24	14521223984	1244338924	24	2266
24	24	17975588067	1140430079	24	1992
24	24	14767518942	844433611	24	2662
24	24	22607088515	1128417710	24	2405
24	22	21972459760	1125441346	24	1626
24	24	20598537843	1412316506	24	2005
24	24	22489824736	914362512	24	2236
24	24	17875685700	1205407416	24	2695
24	24	14828212014	1122995966	24	2419
24	24	18779750571	1180410848	24	2615
24	24	21618899151	966002533	24	2778
24	24	22210498598	1244473192	24	2098
24	24	24577572483	1080479601	24	2299
24	24	28385405183	1445005311	24	2422
24	24	17107493717	651744622	24	3214
24	24	26066110535	859527769	24	2112
24	24	19715216878	1232213331	24	2405
24	24	23817640627	978778726	24	2559
24	24	17958152763	937798921	24	2373
24	24	23014271436	1125675115	24	2317
24	24	15883570537	1077412972	24	2629
24	24	20293539900	972216883	24	2400
24	24	19675769316	1450194463	24	1461
24	24	21880859196	1135777745	24	2654
24	24	19335400903	755389571	24	2585
24	24	15176920978	1076539263	24	2044
24	24	20894694812	1405268639	24	2756
24	24	16940864724	911467508	24	1767
24	24	16235662366	856705618	24	2713
24	24	18664875975	991012704	24	2378
24	24	14945494184	1140509380	24	2456
24	21	12721487435	1023236931	24	2081
24	24	19472544081	965671881	24	2328
24	24	10428379722	1182626561	24	1277
24	24	26693584761	1512567312	24	2123
24	24	17710555417	1412613187	24	2534
24	24	20280831255	1307196040	24	2317
24	24	24298566937	1133441362	24	3457
24	24	11221081377	857790542	24	2215
24	24	21976248559	1020288989	24	1991
24	24	16131279880	745127129	24	2673
24	24	20706361383	1306661121	24	1823
24	24	16875456738	910622410	24	1893
24	23	14538225401	869433436	24	2691
24	24	28238100586	1308170844	24	1988
24	24	14846871105	647472254	24	1654
24	16	13693368863	535492821	24	269
24	24	21722041223	1022814036	24	2632
24	24	17988946402	1085595792	24	1974
24	24	21363238182	1186701667	24	3333
24	24	27988111982	1068181710	24	2368
24	24	20235018518	1132359616	24	2820
24	24	18040008733	1199340512	24	1448
24	24	18537264968	535077846	24	2670
24	24	18243174655	1117188880	24	1736
24	24	18807872978	1087846910	24	2730
24	24	20568499094	978252963	24	2419
24	24	25086068235	1516232965	24	2104
24	24	30769411206	819229454	24	3558
24	24	15122011523	436731696	24	1714
24	24	16052783032	973759673	24	1988
24	24	12631589417	1017626191	24	2357
24	24	30791520852	1344566078	24	2822
24	24	21117068341	867773465	24	2067
24	24	17985242025	1069775753	24	2247
24	24	20634459104	1391902037	24	1914
24	24	13010333718	653130182	24	2220
24	24	17244059500	1562139078	24	2466
24	24	16148539302	1349234392	24	2142
24	24	16563168940	1018441249	24	2232
24	24	21289256549	1232272924	24	2174
24	24	27798650037	1563632596	24	2256
24	24	22377838396	1180666383	24	3098
24	24	24381309220	1286058471	24	2381
24	24	31916000784	1085001239	24	2318
24	24	12636406957	988725442	24	2235
