10	10	7567281717	1304923627	10	2540
10	10	11741558380	1093753581	10	2114
10	9	5951799600	1244099846	9	2044
10	10	8127435621	912061354	10	2172
10	10	7651043447	1071879390	10	2936
10	9	10654605980	859637703	9	2842
10	10	7006968116	978006992	10	1247
10	10	7026791236	915846258	10	2186
10	10	13698732193	2168964070	10	2432
10	9	7361207896	1717849018	9	628
10	7	5726864411	1023136187	7	1022
10	10	8343369315	974631589	10	1483
10	9	10358305264	1082216605	9	2681
10	9	8261920765	978744284	9	1299
10	8	14203024501	1175956156	8	1002
10	10	11777170487	917562952	10	2243
10	10	11069813478	1137710828	10	1646
10	7	5668533384	1069217077	7	1665
10	9	6941252850	967972850	9	863
10	9	13908500288	1633886857	9	783
10	10	6913776734	1461171309	10	1679
10	10	4003226484	700620046	10	2517
10	9	15485372271	1072923438	9	2686
10	10	7335524334	764656851	10	1425
10	10	7940407312	856319633	10	2586
10	10	8587127815	873491904	10	2971
10	10	7640282857	1623665830	10	1441
10	9	6930343642	864146000	9	2861
10	10	12009081199	435794979	10	1723
10	9	9785647909	869633966	10	707
10	7	4982860178	866482203	10	1055
10	9	16849317411	744160201	9	1964
10	10	17927816966	1081502812	10	2632
10	10	12197258788	1574302355	10	2065
10	10	7827947729	806540101	10	1660
10	10	6571376381	1232147446	10	856
10	9	10649098879	1183705218	9	1082
10	9	19134960887	1352980142	9	2923
10	10	8653617178	1782227654	10	847
10	1	782581686	210665037	1	68
10	9	4689636885	1343316171	10	987
10	9	6112439582	850428789	9	646
10	7	6381786658	1184016017	7	769
10	10	4766575020	876723057	10	1868
10	10	6314827884	1738529539	10	1215
10	9	11274032246	1122947768	9	3366
10	10	14286557866	1357244857	10	1703
10	10	5601351052	1143014242	10	1483
10	10	6859392941	1444677345	10	1047
10	9	7589238281	960245376	9	1902
10	10	8463640097	1513284260	10	2359
10	10	11141942815	878317005	10	1140
10	9	9175312712	1090582332	9	2022
10	10	9658633748	1442647535	10	2256
10	10	21759900836	1334296371	10	1814
10	10	8406526941	1375250982	10	1383
10	8	8503845738	1598715551	10	622
10	9	5861700487	1145334119	9	1484
10	10	7917637365	861335237	10	1582
10	10	10718548717	1514955366	10	642
10	10	3687016803	703702166	10	2151
10	10	5840686139	1064073075	10	3106
10	9	6760834264	822033507	9	2089
10	9	14459262096	1240230253	9	2212
10	9	10457033293	1024418856	9	1977
10	10	6647238701	1239908274	10	2644
10	10	6508865622	487746113	10	2324
10	4	6605287982	911274939	8	629
10	10	6223604879	962418768	10	3056
10	10	7771138082	1194950003	10	1005
10	10	13875397705	534882572	10	2149
10	9	6084646797	382704605	9	1195
10	10	8319651253	647468666	10	2978
10	10	7471949674	1442166897	10	1455
10	6	10465309602	1029259985	6	1822
10	9	5725833700	917985153	9	338
10	10	9241770333	799084762	10	2697
10	10	12980894500	972595388	10	1450
10	9	9147482054	476305831	9	2754
10	9	8140526875	868163953	9	1625
10	7	14104039683	1992896710	8	1442
10	8	6171823344	913662843	8	1476
10	7	6300288618	643254739	7	1929
10	5	4009961156	748417733	5	1211
10	9	6203458206	809437435	9	341
10	10	4520490760	428370103	10	2321
10	10	7038302442	650843841	10	3298
10	10	5133172109	429207793	10	3263
10	10	6948845274	594629032	10	3111
10	10	6793867935	963499187	10	2210
10	10	10089446125	1724193938	10	2211
10	9	8392128389	1669207008	9	1198
10	8	5750594464	694367083	8	2348
10	8	7904177169	853701407	8	2700
10	8	11812239094	1303074257	8	1300
10	10	9724021196	589295011	10	2721
10	9	6887507004	1195790856	9	1162
10	9	9172238826	855544067	9	2686
10	10	14189867015	1559100499	10	1194
10	10	9463271187	1037518002	10	882
10	10	7607754009	863551001	10	1863
10	10	6906292587	1141938245	10	1080
10	3	1195275045	106852443	3	67
10	10	3885148739	648833942	10	940
10	9	4118183723	1189417562	9	2083
10	10	6550866217	1551709127	10	979
10	8	14611658958	1242298629	8	2043
10	9	11737871682	1224840943	9	2011
10	9	5680079100	593765655	9	1190
10	9	8253636611	1226726884	9	1295
10	10	5889242681	1202534981	10	2061
10	10	7575662401	1094627061	10	2558
10	8	7062256456	1192866253	9	505
10	10	14251821835	1183843291	10	1158
10	10	7679165451	1392011789	10	2940
10	10	9194178975	1621571577	10	1571
10	5	2957272722	982815683	5	1445
10	10	7701299982	980076295	10	2652
10	9	7750012563	1132183814	9	1850
10	7	8096870105	429651048	7	3181
10	10	11705117219	1131417228	10	1182
10	10	10496911229	701222186	10	1063
10	10	7342865786	1180419496	10	1890
10	10	5682429271	752503296	10	2558
10	8	6511467542	1149883153	8	408
10	7	3612690475	814307260	7	1890
10	8	6373703386	973651073	8	1220
10	9	5057940225	961004538	9	2453
10	6	5448170428	693633472	6	1242
10	10	14416443679	969682658	10	2364
10	7	6671172485	818057284	7	1755
10	2	1855346238	597717692	2	151
10	8	12788590915	650681245	10	915
10	6	12043342603	1772250515	7	1473
10	9	7617182292	1133810730	9	1696
10	8	7314428931	1073382479	8	545
10	10	4439765303	748918125	10	1411
10	1	704481333	492100884	1	22
10	10	6702365499	1255506681	10	1778
10	8	9947403047	1069242374	8	2171
10	9	8100790618	968534731	9	356
10	9	7726179686	900824440	9	2492
10	9	10745984086	852844563	9	1668
10	3	2032144850	1018784418	3	141
10	9	13227643829	1026482705	9	2108
10	10	8366789631	1073835385	10	1842
10	9	11491734524	1146096955	9	2099
10	8	10323055301	1233506583	10	2487
10	10	9382057327	1074399501	10	1698
10	10	10030124122	1565615211	10	2453
10	9	11055015341	2107526551	9	641
10	10	12319433621	978549771	10	1888
10	10	16940173308	1202661709	10	2334
10	10	8568843626	1174428732	10	3129
10	6	5258928190	1185252210	6	1527
10	8	5218245859	1284966157	8	1979
10	10	14275727916	1349351245	10	1248
10	10	5065266423	543880594	10	2576
10	9	7532400749	1682304212	9	1620
10	3	990338618	372344149	9	193
10	10	8545969652	861665932	10	1534
10	7	6069929215	1003265532	10	1284
10	9	16640418418	1069872751	9	2593
10	8	9420716828	1181400890	8	3379
10	10	8700284939	1340199207	10	1019
10	9	8536778758	1140643127	9	1452
10	9	9018578298	2148017256	10	476
10	10	7804396118	1183242154	10	2688
10	6	8692343349	1720662500	7	643
10	2	262552105	55329242	2	31
10	9	11587515262	910055844	9	1921
10	8	5859390938	863457581	8	1996
10	10	9858948713	1298311175	10	2174
10	10	23022528644	864711809	10	2308
10	10	17431575310	1188879987	10	1015
10	10	8215700210	872740230	10	2487
10	7	7145864719	812261881	7	1334
10	6	5027156183	1187839207	9	322
10	2	2241080717	742901452	2	104
10	10	14986043930	1141736912	10	958
10	10	8162488380	1069695035	10	627
10	6	4491848832	1184208992	6	1149
10	10	6042448894	1241899080	10	1093
10	9	7788303283	973621117	9	3095
10	1	1107873064	213265967	1	175
10	10	4423352360	588638166	10	1406
10	9	8978138481	1247512929	9	2082
10	9	9777220422	763821036	9	1926
10	9	16590165856	657657763	9	1525
10	8	6005487039	1077126949	8	405
10	9	17700513216	1622099000	10	1643
10	10	8996152536	801184347	10	2430
10	8	7922705235	1352334631	8	1737
10	10	14975332828	1056046982	10	3168
10	8	18252788991	1242454652	8	1772
10	3	3251867581	593840202	3	175
10	7	8333182553	1141651817	7	2025
10	10	11972831318	1662782176	10	1906
10	10	7058717122	1181279701	10	2264
10	10	5787845723	861000131	10	2866
10	5	4920465448	1472035751	10	330
10	4	3751295006	644324257	4	1452
10	10	6260576117	1032438294	10	1335
10	9	8316730103	917952498	9	2615
10	10	11137386180	1416215020	10	1979
10	10	6418980771	812503426	10	301
10	6	9396529467	1233861830	6	951
10	1	107894108	107986260	1	6
10	10	8707512186	928759283	10	2865
10	10	7302046937	1188690933	10	886
10	10	13749638073	1160049880	10	2001
10	7	6184547422	1299465347	7	1250
10	10	7905676239	1345780143	10	690
10	8	8721829509	1020328184	10	1137
10	9	15127315294	1293253180	9	1337
10	8	12882978719	1684337248	9	1621
10	9	14429742747	860072191	9	2166
10	9	5111289708	428391309	9	1519
10	10	12570026646	1172270474	10	1722
10	9	7467209071	1119921436	9	507
10	10	7373872774	918754747	10	2875
10	2	530302907	105162043	2	35
10	9	5688376636	1032248037	9	522
10	10	3906475316	862817610	10	741
10	9	11235160469	1839418703	9	1334
10	5	5142761738	1142339028	5	989
10	9	6490169293	910618121	9	1165
10	10	6663246903	600843184	10	1357
10	9	8736267813	858788383	9	3072
10	10	6510226618	814690737	10	1054
10	9	4849544198	426791595	9	2730
10	10	6634988053	584304272	10	2515
10	7	15608725563	1282736299	7	1598
10	10	11879544567	1996753970	10	1763
10	10	4885181073	488116918	10	2052
10	9	6523172489	1237129710	9	2032
10	2	737192663	267183864	2	55
10	10	23796184148	858925959	10	2771
10	9	11792485599	1309582488	9	3013
10	9	6767687962	912764460	9	1646
10	8	10857031552	1180069731	10	689
10	10	9661505637	763927945	10	1829
10	10	8592002757	960464978	10	2108
10	8	6121728008	1130896831	8	1404
10	7	8380151523	1018259240	9	544
10	10	8090684290	1128054328	10	1487
10	9	5776569882	798695225	9	2501
10	10	7802470086	1120673017	10	2075
10	9	16084364801	1184753560	9	1460
10	3	2135689505	591222831	3	62
10	10	17990090696	1388491963	10	2049
10	8	7224754086	1403105718	8	1460
10	4	2247257656	161440394	9	207
10	10	3716186306	532356798	10	1353
10	10	10159648545	1248788967	10	1941
10	10	8960962004	1560075386	10	708
10	10	10900314687	432124062	10	2739
10	10	8134384582	488198365	10	2014
10	5	7707886404	905702313	5	1000
10	8	8664418425	1184189893	8	2375
10	10	18809802602	1191451415	10	1733
10	5	21423459186	1339104286	6	1308
10	9	10039785802	693669259	9	2646
10	10	7407124829	978843839	10	2600
10	10	9998976564	1095308874	10	1415
10	4	1170589676	387238060	4	63
10	9	9491159112	805636027	9	2147
10	8	10662142198	1136860261	8	1673
10	10	8959940543	1126598852	10	1906
10	8	8248941774	1325725963	8	1150
10	10	11792204037	924925314	10	2339
10	8	4305047925	487291271	8	1411
10	9	7623969140	1334763181	9	1645
10	8	4694331997	1205062549	10	371
10	6	4686333904	855440214	6	388
10	10	6161848978	923191320	10	1946
10	5	4816344163	651425560	5	750
10	9	5155880170	601091731	9	2418
10	7	7707519352	1994414892	10	536
10	9	7494802274	975709776	10	2173
10	10	13671774307	1609104104	10	2292
10	10	14343774079	872667051	10	2042
10	10	5677637916	1018077218	10	1047
10	10	5104533000	959042685	10	686
10	10	18732987503	1142913885	10	1921
10	9	8642352926	762781048	10	2106
10	9	6278589006	741022136	9	1473
10	9	11496727679	1083833618	9	1766
10	8	9871855361	1355839907	8	2026
10	10	5706542480	1219207127	10	1895
10	9	6096336462	811826375	10	1500
10	9	3818669149	587167585	9	1306
10	10	10506355599	371790274	10	1969
10	9	9235626782	1122380255	10	683
10	10	7898057300	1018220169	10	360
10	8	7600654084	655780276	8	3222
10	10	6987060702	1302047284	10	1799
10	4	7412223465	603969437	10	529
10	9	4194427958	582951801	9	3383
10	10	12385363859	1201027830	10	860
10	8	6040701288	810862990	8	1299
10	9	8527592519	1151222809	9	2125
10	10	9761464655	2158371336	10	2242
10	10	9174991405	1080953741	10	2857
10	10	7630987980	754659135	10	2473
10	10	5120260383	587290348	10	1849
10	10	8198294953	432150707	10	4000
10	10	5723483501	475490993	10	1551
10	9	18776192588	1836451670	10	1864
10	9	13408373807	1125063338	10	1840
10	9	8234696945	1285710673	9	1733
10	6	18459340436	1285235629	6	1348
10	9	8140041991	1570981905	10	501
10	9	4995203395	1069905764	9	1285
10	9	6853371834	756901201	9	2194
10	8	10019257450	861002394	8	3050
10	8	7488853793	960596000	8	1314
10	10	7314233702	1408585147	10	438
10	10	12941214259	1397979725	10	2521
10	10	7904600204	1385041098	10	1747
10	9	10158543449	1248639895	9	557
10	10	13871626732	748716206	10	2262
10	8	7147821001	1171416332	8	2511
10	10	9019163208	763755794	10	1430
10	8	5854563712	869766543	8	1598
10	8	7531043126	916657229	8	2311
10	9	7006229686	1081684072	9	3071
10	10	9391732444	2318075532	10	2121
10	9	6320504055	639370413	9	2010
10	8	4951632265	911104957	8	1504
10	10	6088985076	1086579801	10	1591
10	4	4138738404	692241229	7	270
10	10	9633070668	1027742599	10	1568
10	10	8082155768	1036347264	10	2169
10	4	2979953783	374369055	4	784
10	10	6697189457	818983065	10	1813
10	7	4121341650	442417974	7	951
10	9	6936664027	1061688606	9	2057
10	9	6425378100	542960299	9	2285
10	1	2065544189	532311074	1	53
10	9	6057842647	803357379	9	2477
10	9	7101882031	1118952832	9	2278
10	10	15215419529	1078970471	10	2022
10	7	7770039415	1028645728	7	1788
10	9	9770061608	959052490	9	2119
10	1	319310919	51277995	1	57
10	9	12236820279	815731174	10	698
10	10	6156363687	1081484903	10	1575
10	10	10381453883	703079188	10	1657
10	10	6263096797	1187799418	10	710
10	8	20967915067	545610465	8	1562
10	10	7343136732	979262043	10	1864
10	10	8020699909	712523376	10	3798
10	9	4704730547	1185818824	9	1059
10	9	7614543227	925568603	9	2289
10	9	8484927535	1090142804	9	1711
10	2	3011122041	486777070	2	145
10	10	7278723897	1079743354	10	2630
10	8	6454160467	590049888	8	1927
10	10	8633059597	1288143889	10	1361
10	7	9231523394	1179447162	7	1549
10	1	159207985	54361451	1	15
10	8	4409367729	804470594	8	2746
10	10	8007884658	1056691710	10	2119
10	10	18205143586	1306059137	10	2134
10	10	14286083901	1194252475	10	2680
10	10	21084144707	1130231392	10	2951
10	1	1162056682	430998971	1	64
10	9	10103887908	1203645022	9	798
10	8	6469163944	1452311005	8	991
10	10	7957309983	765517245	10	2089
10	8	10240795257	756032703	8	2462
10	4	7392017151	766661535	4	887
10	10	6931344306	1008240269	10	2396
10	10	9587847851	1242646158	10	2217
10	10	5312503402	600213336	10	3111
10	8	7966569362	1618313037	8	361
10	10	8579207426	1128155834	10	2662
10	10	11826794192	1334747922	10	1205
10	8	7232579434	1226662710	8	1191
10	8	10257994546	1190243988	9	1413
10	9	10075288228	972570585	9	2236
10	10	7630777613	1398289084	10	1051
10	9	8435483491	661388346	10	595
10	8	12161243848	971073607	8	1813
10	8	5759454603	1130321449	8	955
10	8	11063870122	1469857451	8	1565
10	10	6638225992	870386675	10	1522
10	10	7893062201	1179077160	10	2056
10	10	6783482854	964881846	10	802
10	10	8185415424	1239252079	10	2230
10	7	4472727845	422833262	7	1956
10	6	7584021571	1777228322	10	354
10	10	7609011887	1031529225	10	3094
10	10	9279082606	647786905	10	2316
10	10	6546627704	758318192	10	2121
10	10	9562355157	809920224	10	2805
10	10	8978258708	748802432	10	2307
10	9	14030150465	904989070	9	1452
10	9	19475634781	1892463937	9	1939
10	10	8564763473	1138175140	10	1665
10	9	5596073401	1041745899	10	1170
10	9	19226981468	1505661434	10	2488
10	8	5753693727	1130434379	8	1136
10	10	9264176997	1131099586	10	2817
10	10	6992573444	1337798345	10	1235
10	10	6871427338	1416224033	10	1698
10	10	6360516409	910844322	10	1329
10	10	9358859672	1350504286	10	1988
10	3	582533273	164901692	3	1010
10	9	6435798897	751822394	9	1444
10	9	10631855442	1177086523	9	1966
10	10	12140006101	917788198	10	1303
10	8	10009163321	1185143713	8	1451
10	8	6799390110	1510420934	9	426
10	9	7435856255	1036432317	9	1845
10	10	5861435039	1088637528	10	2001
10	9	17690147230	976143197	9	2181
10	10	6690558323	475866074	10	2117
10	10	12527382354	811809976	10	2669
10	10	6747930004	799209802	10	3291
10	8	3636073540	748184518	8	2629
10	10	6867784207	1179596375	10	1768
10	1	735399553	105317901	1	485
10	9	13402284574	1143141402	9	2480
10	10	7017805988	959537889	10	1523
10	10	9378832876	1420043378	10	1441
10	7	8996866486	1285184494	7	1332
10	10	9788216963	787022228	10	2112
10	10	4640850201	701323610	10	1030
10	10	10122548971	874327881	10	2480
10	6	5688428945	1133352411	10	508
10	10	6751658316	1038324147	10	1490
10	9	14134899156	1179936818	9	1638
10	7	4455535860	975557530	10	2149
10	9	11617592636	917200049	9	3226
10	10	13952683672	1573829018	10	1374
10	10	5899406315	1025553218	10	1853
10	6	7978168477	1678211782	10	413
10	7	6843751201	636338678	7	397
10	10	9027867010	1011839848	10	1549
10	10	9526175248	904657830	10	1602
10	10	8227121453	1118512410	10	1792
10	9	6205076828	798796747	9	1068
10	2	2673941191	489920828	2	624
10	10	8730897336	761317646	10	2173
10	10	7597686253	1182469988	10	2723
10	8	7080170145	1175177657	8	832
10	10	9835614542	1396877753	10	2209
10	10	8439418305	1401942834	10	2270
10	10	15820627951	1344985233	10	1459
10	2	858636941	109499530	2	87
10	10	16313292527	488015396	10	1768
10	7	3844746080	543211728	7	491
10	7	4603385273	768050676	7	725
10	1	325678328	111592291	1	13
10	9	7212245503	1564610797	9	1303
10	10	13575559918	1273026116	10	2165
10	8	6956857776	1235265064	8	2043
10	9	7565941450	1616612571	9	1223
10	10	7901600031	1174129480	10	2117
10	10	6508185253	662197413	10	1723
10	10	6533601048	707570681	10	1765
10	10	9676402497	968248651	10	2048
10	8	5015291933	991342606	8	1179
10	9	12185116494	529128766	9	2582
10	10	6668226402	909637832	10	630
10	2	3853215800	1518910571	2	174
10	7	6810524282	921403339	7	1742
10	10	6081773253	1007700016	10	1660
10	10	5525743916	749973173	10	2486
10	10	7780487631	695575084	10	2628
10	10	20161758314	1181663004	10	2321
10	10	7059702039	848772196	10	1363
10	10	8286920409	644867929	10	919
10	9	6037165961	1178565544	9	2247
10	10	7780041408	1605328068	10	2357
10	8	11270147354	807150733	8	757
10	10	13238559970	1285935034	10	1264
10	3	5409139065	1124461532	8	263
10	9	8986896528	1142560049	9	1988
10	8	7802593413	750995853	8	2321
10	9	6554181447	1031956269	9	2400
10	10	7868141594	1442411412	10	1615
10	9	5344853588	908801504	9	1510
10	10	7609790082	1405026894	10	1800
10	5	13180930522	973659328	9	1464
10	7	4379803547	1229604889	10	336
10	10	10720196309	968574670	10	2329
10	6	5854765420	867885366	7	317
10	7	8413542760	608660740	7	1130
10	9	7215374487	642194320	9	1823
10	10	9782488466	1184316487	10	3177
10	8	11369220421	655063739	8	1821
10	10	6447441431	658477836	10	2102
10	10	8995791052	2004612457	10	1589
10	9	5486781083	969045489	10	743
10	10	13407153537	970310456	10	1466
10	9	5254769938	585220833	10	3094
10	10	5323669920	979342054	10	2285
10	10	6605933171	651374922	10	1988
10	10	6179914473	1068613164	10	1240
10	1	161928412	105849825	1	26
10	10	7559470983	1170761955	10	802
10	10	6795931064	757532957	10	2146
10	10	9529830123	534747169	10	3177
10	10	12323870618	533786709	10	2985
10	6	4110095233	708394251	10	2052
10	8	5860482725	366957691	8	2056
10	8	7339908884	644314977	9	1636
10	10	8821262367	1279461509	10	660
10	9	8791659422	653331042	9	2739
10	10	3889269207	862434654	10	2196
10	9	8464868995	800192766	9	3571
10	8	8967861716	1825858562	9	423
10	10	10382138264	1296335400	10	1415
10	9	8952296799	1788363028	9	599
10	6	8755389517	796819525	6	2114
10	10	19801369935	802338852	10	2952
10	9	8547308963	1077918479	9	1606
10	9	6789644901	590645712	9	3851
10	9	11903929926	765553129	9	1315
10	9	11362578436	159411979	9	854
10	10	8128155616	1303332701	10	637
10	8	5505781039	867978907	8	911
10	1	1229386460	326530375	1	447
10	10	11307336377	699293088	10	2146
10	8	11353007626	1351719913	9	2296
10	9	9607211099	494024617	10	335
10	10	6344238736	494207031	10	2382
10	9	13479558628	1840331045	9	1922
10	8	7961008587	1034842343	8	2289
10	10	6790318198	969480893	10	2018
10	6	5581866555	431744532	7	801
10	6	6499613335	1303486410	6	1187
10	10	6420623344	649336088	10	1935
10	8	5466644041	805238980	8	490
10	9	11067333237	1198300856	10	1588
10	10	9830999275	1725319465	10	2295
10	10	5260383665	1126861429	10	2052
10	8	6466078588	1248817659	8	1637
10	9	6484703095	813759377	9	828
10	9	5484531480	1037990002	9	1287
10	9	4776379828	1037584641	9	2160
10	9	20991889928	1279796483	9	2074
10	10	21086754550	2107383839	10	2377
10	1	280133572	159495735	1	18
10	9	8125446270	592058581	9	1781
10	9	20323038950	1186059954	10	2169
10	10	6362932202	647825782	10	1725
10	9	10380131930	639313965	9	2894
10	9	13528592399	1187343657	9	1427
10	10	11890389092	1346730119	10	2467
10	8	19196139233	1008654369	8	2275
10	8	4809354936	1075406387	8	2546
10	1	270042312	109880582	1	14
10	10	5351820039	594796580	10	1561
10	10	9767561108	1288514563	10	2547
10	10	8378592616	650947038	10	1977
10	8	26422148589	426510952	9	1328
10	10	4712059420	638770220	10	1104
10	10	10292435071	751704763	10	2593
10	7	15203685839	897591190	10	2028
10	9	5808857704	1298250010	9	525
10	10	10378175110	2005209661	10	1360
10	9	5866735239	1721860202	9	2684
10	10	10811841603	745198871	10	1605
10	9	15883293338	1022726130	9	2289
10	7	5811904754	1077543310	7	311
10	1	55699886	52197532	1	23
10	9	7057195459	759726389	9	2938
10	10	14190822435	650652672	10	1922
10	10	12806896868	2435945024	10	559
10	5	6871689607	968602877	9	1051
10	9	5703438174	1145439249	9	414
10	10	11242608761	1840137810	10	1482
10	8	10776425744	1295482038	8	2189
10	7	5968610545	1198720207	10	341
10	10	8298959464	1238445832	10	722
10	8	5006974461	378451603	8	2016
10	10	6182648978	484170414	10	2823
10	10	12477177385	655306318	10	2342
10	10	13416409865	920910690	10	2803
10	6	4806732256	645553971	9	691
10	10	5050575006	760246966	10	2014
10	9	9436940401	1350721941	10	544
10	10	9255066190	593722287	10	2483
10	10	11266459832	1405878374	10	2277
10	7	6105496112	750866322	7	1799
10	10	13638265304	1291253224	10	1914
10	10	7629091819	701010133	10	2178
10	9	6654320219	752398086	9	2059
10	3	4624842536	1167617957	3	612
10	10	8358088411	764727106	10	2792
10	9	7060977017	487354151	9	1784
10	9	6812112794	915756323	9	1489
10	8	9832351767	868189151	8	470
10	9	11438705737	1011535994	9	2009
10	9	10380169441	1738353685	10	1785
10	9	8121256359	1074609995	10	1139
10	7	8652267588	917073882	7	2611
10	10	10403116297	1030679358	10	1631
10	8	7339574658	1714529474	10	398
10	10	8176090467	923383032	10	2225
10	10	7028465465	1352981146	10	1482
10	10	6464163609	428379505	10	2067
10	10	8069526067	488396978	10	2469
10	3	5410905220	1932891332	10	443
10	9	5893669107	963083845	10	2471
10	5	2621325203	651452790	5	984
10	9	12212516778	1137492145	9	2532
10	7	12905680745	1825070249	8	1705
10	9	7673461934	911801455	9	1458
10	9	6920267780	482997001	9	2302
10	9	7017738734	802419959	9	2319
10	10	19830242684	1134342789	10	2322
10	8	5184163790	540615763	8	1905
10	9	14733475053	1607261337	9	2358
10	10	6449419539	762812997	10	2143
10	2	2779831318	761769556	2	1528
10	7	8543120553	975868591	10	370
10	10	11991903628	1164009629	10	1707
10	10	6793843446	1406823750	10	1450
10	7	5767458805	918468226	10	1748
10	9	24545520579	1304017174	9	1462
10	5	4962834559	758399554	10	834
10	8	11582246793	1294153870	8	2518
10	7	10596341995	975357892	9	567
10	10	6535862056	932786285	10	2802
10	10	7484710165	848542292	10	2087
10	8	5920247810	756600436	8	2446
10	8	9151524968	1284460963	8	376
10	5	5879944429	1129002516	5	1093
10	9	6177547562	810558129	9	2731
10	7	7443800926	915588683	7	2455
10	9	9442044018	1504889932	9	642
10	9	25329231107	1189780695	10	1598
10	9	5653985383	712218573	9	2102
10	10	7614430790	590471195	10	2873
10	10	12493029923	977645406	10	1765
10	9	9753390786	1782465759	9	1028
10	10	10799157516	862664871	10	2661
10	10	7712657672	1314390613	10	1788
10	8	11773586536	1183963315	8	2013
10	9	5270076064	536026359	9	2688
10	10	22694295224	1190564900	10	1929
10	10	9903889861	441082442	10	3129
10	10	9439535257	1413553521	10	1751
10	7	10600796373	1078905174	7	2089
10	9	8662534936	1463962848	9	2709
10	4	7125862233	1198123338	5	400
10	6	6836207349	803910504	6	1347
10	10	7870309661	1391583607	10	2254
10	10	13676590208	918540009	10	3628
10	10	9602462262	969114708	10	2368
10	9	4069289397	761562374	9	2320
10	10	9581123181	1087807476	10	1441
10	9	5221431693	651651638	9	1766
10	10	7690832978	976816509	10	1695
10	10	9403600636	1620533688	10	445
10	5	4409369373	818222455	5	325
10	8	6722831136	959775973	8	1839
10	9	7990939037	1472656841	10	2247
10	10	8790403851	1458126163	10	768
10	8	5597860678	751385507	9	1119
10	9	6866268144	1343311068	9	2285
10	9	3886830164	700302609	9	1439
10	6	2578632812	498938487	6	179
10	10	10032691324	1250328560	10	2488
10	10	9058203515	1177253336	10	2777
10	2	906727683	163274456	2	187
10	8	6889216143	918712041	8	1284
10	2	796141398	375273407	2	41
10	8	6440959022	1135544740	10	1580
10	4	7005296350	981731000	4	1387
10	10	17389234572	1294382793	10	1500
10	10	8010914574	1245666134	10	2330
10	10	10381622569	1027974100	10	2459
10	10	11055093369	1016128653	10	2447
10	10	7825094354	1015062884	10	1282
10	7	9383383552	1482403106	7	2363
10	9	5247989393	1188285268	9	1311
10	10	10181773336	750708976	10	3655
10	10	8497350810	1604916171	10	2156
10	10	7995579257	792186640	10	2707
10	10	9214441215	864266940	10	3892
10	10	5185675959	918222182	10	2099
10	10	10953481046	1245219049	10	3556
10	7	7783441884	969455975	7	1707
10	10	9117444535	1034118219	10	2550
10	9	8061846938	644448252	9	1951
10	8	12348399452	1082860567	8	957
10	10	10738180564	643643143	10	1635
10	1	162044321	57410382	1	6
10	10	19576855656	434332408	10	1133
10	9	5427155692	1505110853	9	1168
10	10	11191251349	1235529093	10	979
10	1	1287071528	436548974	1	58
10	8	6812634270	545122393	8	3800
10	10	7298815353	1016357849	10	2744
10	10	8501254074	2196021700	10	877
10	10	6698042109	704395455	10	3026
10	10	14594488843	1615880493	10	1998
10	9	6593464446	1082733068	10	1434
10	10	7036310441	701283481	10	1836
10	7	6927776518	1349004357	7	577
10	9	8123374409	1333587685	9	1809
10	4	2921577106	711612373	4	359
10	9	12295520450	1536930327	10	1131
10	7	3428158156	543933364	7	2055
10	9	10922173153	1016972337	9	1675
10	3	1473257320	372378297	3	191
10	9	8790799270	2509543400	9	1111
10	10	9309088328	1022036092	10	2347
10	10	10136736226	924462594	10	2673
10	10	6103904773	1182972812	10	1961
10	10	6211211046	846165486	10	2069
10	10	4040150843	808597766	10	2717
10	8	5453647647	1277087637	8	2486
10	8	8165672237	1368074414	8	1780
10	8	15617199309	541857427	8	2116
10	10	11065577719	1143554755	10	2227
10	10	7192033699	1229952123	10	2165
10	9	12279724906	222293988	9	1558
10	9	6669108636	661751453	9	2236
10	10	10504581804	1014246509	10	1742
10	9	10116697345	703326779	9	995
10	10	8842366450	1130907738	10	2605
10	9	9109733961	1553719313	9	1132
10	8	7734234899	584343042	8	3091
10	10	13776384764	1293512126	10	1696
10	8	6524511049	1036157634	9	387
10	10	20105209361	1218300871	10	1891
10	9	5433726766	602542846	9	1688
10	10	7061655334	1078694203	10	2182
10	10	13307837791	1296598784	10	2792
10	3	2688148816	429167282	3	179
10	10	9720307242	381410078	10	1241
10	2	1724415526	544954138	2	70
10	10	4944780684	1009050197	10	1432
10	9	20515499449	1291672093	10	2295
10	9	8135615821	1175742959	9	611
10	9	10292587019	801909988	9	2836
10	10	8447230233	1076337638	10	2508
10	10	8775115452	1622244818	10	459
10	9	6695494206	758147711	9	1157
10	10	17093540515	979636608	10	2170
10	8	7855680377	1077497012	8	1020
10	9	8887786300	809931080	9	2440
10	9	17686784837	1141511991	10	1913
10	9	6793049751	699763277	9	1895
10	10	6923514189	856489985	10	2274
10	10	9682722881	1347749869	10	1519
10	6	7848783056	659033438	6	2767
10	9	11608332414	758210035	9	2359
10	1	110069954	109150780	1	11
10	8	9674938671	1517302411	8	1466
10	7	6642782582	1139865351	7	2133
10	10	5884561779	1358585047	10	1851
10	10	6540620904	644497552	10	1908
10	10	3194774974	472994391	10	1633
10	9	15146392505	1298130164	9	2487
10	10	8610654417	1145936447	10	1352
10	8	7929790178	1608824911	9	483
10	10	5905944194	752668161	10	1652
10	8	7494618741	1073739527	8	2396
10	9	7906769948	1010216663	9	2331
10	10	6322237762	910871453	10	978
10	6	4587330880	816087146	6	618
10	9	6951500911	1293545858	9	819
10	10	9090609535	1116992506	10	1396
10	10	7804396118	1183242154	10	2688
10	7	12417227539	1087086476	7	1847
10	10	8698627296	1438966239	10	509
10	9	10361371239	486763611	9	1962
10	10	21298135395	1358952586	10	1645
10	9	8127747495	1392380908	9	2827
10	10	14679589550	1510865769	10	3201
10	8	11320474099	812849134	8	1374
10	9	8921507161	796851462	9	2267
10	4	7443933664	1085269829	4	397
10	10	10658277766	915709225	10	2431
10	6	4275343798	595868237	9	1647
10	9	12491394076	806160793	9	1320
10	9	8894638133	1399460361	9	552
10	9	4178523923	978931661	10	321
10	9	5048603797	1185528581	9	2420
10	9	6688622676	854499891	10	2657
10	10	10038662003	794621485	10	1445
10	10	10006162544	1168641731	10	3315
10	10	9316860474	654548062	10	1785
10	9	9043961640	1071303779	10	1304
10	7	5068840939	1080503718	10	1522
10	10	15075265869	907937214	10	978
10	9	7169037325	1290041802	10	1099
10	10	6290780452	805588585	10	4328
10	9	17888745414	849826605	9	2417
10	10	10397406309	2508000775	10	1021
10	7	9773949389	795362566	7	385
10	10	19569537623	928525211	10	1905
10	10	8899549914	1733959998	10	1240
10	9	10267465861	1681715641	10	906
10	3	2373428214	627249661	10	238
10	9	12694989224	1416398031	9	1603
10	9	9208502357	1140197032	9	2628
10	9	9762119046	1186545035	9	2122
10	9	9271049174	859934654	9	2151
10	10	8080371366	972757774	10	3637
10	10	7013276124	793938535	10	2590
10	10	6269222549	871452202	10	2565
10	9	10433187540	1226792250	9	810
10	10	7101182378	421888574	10	2049
10	9	7866754903	1124936855	9	1716
10	4	7372863784	481754224	6	233
10	9	6525025346	1503799204	9	1559
10	10	5968051071	700530802	10	2450
10	10	10882934689	756169139	10	927
10	8	7058656843	1207790340	8	640
10	10	11734578974	1517080915	10	1673
10	10	7195982598	1566907706	10	1379
10	9	9512738125	1086472131	9	1697
10	8	12109428117	962381107	8	1221
10	10	9285795428	1236734268	10	969
10	10	11169650870	1626797644	10	2025
10	10	9712678867	911420656	10	1419
10	3	2819002643	429734393	3	127
10	1	113624961	105150346	1	60
10	10	7235416548	1530720373	10	2352
10	9	7799561981	1128319967	9	2020
10	10	21655018157	1226087159	10	2967
10	9	7899567862	1173517600	9	1113
10	7	7991886129	1022036819	7	2292
10	10	8356731591	1437626284	10	1336
10	8	8470325383	1178934988	10	1775
10	9	5658648281	1211390988	9	1272
10	9	7591245497	814726276	9	1075
10	10	9608336757	1080344615	10	691
10	9	8718053842	921727118	9	2014
10	10	7457570823	1027815518	10	1460
10	9	9105158453	492826027	9	2495
10	8	10520203253	655685263	8	1465
10	6	4185653027	426041166	6	1481
10	10	7767637464	1196697686	10	2480
10	10	7274941474	927412344	10	3590
10	10	4317485094	740036635	10	1567
10	10	5171888702	702474408	10	1625
10	8	5677480561	962172337	8	1604
10	10	6152949557	697972777	10	2579
10	9	17700665766	435290649	9	2897
10	7	6791742152	1181748202	8	1101
10	9	8134200209	917939093	9	2662
10	9	8202110186	971523377	9	2393
10	8	9074901496	1233294091	10	693
10	2	1889860312	376080084	8	179
10	9	6425693250	918932023	9	1777
10	8	9717140706	964298233	10	817
10	10	6458893655	1137918580	10	1547
10	10	7591451231	1602138742	10	771
10	9	4964860601	710668315	9	2137
10	10	8067360456	1361855254	10	1420
10	10	16618442910	1876676263	10	1909
10	6	4589563109	857171574	6	1328
10	10	7537842964	919181736	10	1918
10	8	9700348635	912736771	8	1542
10	8	7906401907	485197243	8	1750
10	8	5872149794	1073624825	8	935
10	9	8595432427	1192785277	9	997
10	8	6831349622	1238620221	8	375
10	9	9578064512	2528268735	9	646
10	9	7043054474	647173648	9	1691
10	10	6685571630	1238336370	10	2147
10	6	5605618621	941607636	6	1302
10	10	7139220603	964803243	10	1691
10	10	10769102929	1178591830	10	1788
10	10	5150843013	1084517553	10	2249
10	1	1264959259	594639882	1	65
10	10	10835996214	2245489048	10	794
10	10	18057337000	918054063	10	2798
10	7	5626078525	957281136	7	1978
10	8	9163620274	1416882258	8	1862
10	8	6307706820	633086958	8	2763
10	9	9752622494	1565771120	9	2423
10	9	7472883613	1019955087	9	1390
10	9	10461712332	819269355	9	2797
10	8	14112301496	1126908338	8	3003
10	10	9085170364	1281424031	10	1499
10	7	7770147307	1669016874	7	905
10	9	7476802003	1134351594	9	1265
10	10	9894176274	690443842	10	1895
10	6	5908696048	1461944361	8	870
10	10	9933536571	853963374	10	3239
10	10	6840172419	1195206317	10	2620
10	10	6734822549	637681787	10	2704
10	10	9168074738	1314606411	10	1822
10	8	11576550626	927659662	8	1549
10	10	11566035692	427567114	10	1376
10	10	7121251492	1572578031	10	1862
10	9	7384613722	1239559209	9	2567
10	7	10222065706	908264747	10	1888
10	10	11688536270	981494124	10	1773
10	7	4871291396	872944242	7	457
10	9	6535227679	1297016384	9	596
10	10	9774024990	1314120584	10	2416
10	10	9622818299	915193316	10	1899
10	10	5358988614	1287861765	10	1287
10	10	8071708919	1227726924	10	1543
10	9	6706059427	973274763	9	2299
10	5	3069390479	700882270	5	376
10	10	7739010254	1297266866	10	1780
10	6	3779997277	765929386	6	805
10	6	4165756374	807146235	6	1863
10	9	8788229291	848431199	9	3416
10	10	7125968047	1142220004	10	1866
10	10	10292668723	1066665881	10	1884
10	5	9641091160	2096362759	9	1084
10	1	2111410378	325994372	2	76
10	8	15518377805	1091375082	10	2222
10	10	17642360776	1846176359	10	2825
10	7	4676654218	650006490	7	1490
10	10	8092622843	705287939	10	1390
10	10	15462864195	927620097	10	2508
10	9	6809366456	654222058	9	1894
10	10	8196741191	824479501	10	2383
10	10	7864858743	553498392	10	2672
10	9	11923119291	1042345593	9	2741
10	8	23299595556	1347986361	10	1562
10	9	7343093983	1040494854	9	365
10	9	7112973346	1554162437	9	1320
10	9	11871052706	1561048472	10	2204
10	8	8368600957	1890142678	8	934
10	10	23171936365	1228300375	10	2585
10	9	5515367181	439912519	9	2741
10	9	13116276478	714525488	9	2032
10	9	11806813498	1416311457	9	1930
10	3	5424806030	1300229289	3	209
10	8	6149744481	820039856	8	1575
10	10	4113757097	911026629	10	2094
10	9	9295929307	1568993812	9	1537
10	2	1715957895	382855095	2	66
10	2	639895052	218070873	10	260
10	10	5445332000	865831454	10	1477
10	8	5364206950	1027262623	8	2061
10	8	5179463324	1186879716	9	922
10	3	5442444571	1247870619	9	372
10	10	7813968944	962983268	10	1813
10	10	26820829692	979015253	10	1805
10	10	6874023402	1240024824	10	3085
10	4	3309331811	322300406	5	119
10	9	5035741941	1024185064	9	3723
10	10	9003137571	1298591629	10	2300
10	10	14584313069	1132054763	10	1996
10	10	13244374064	923093877	10	1878
10	10	8392007231	1128267482	10	2583
10	10	10147084643	1241175660	10	1448
10	8	10836435145	1179857123	8	2180
10	2	1548340320	323015645	2	137
10	10	6423511819	1246282151	10	1386
10	9	9631662067	1119834185	9	1836
10	5	6368418891	1147629111	5	1737
10	10	9502809608	1082524198	10	2105
10	1	266866926	166597150	1	26
10	8	5373967031	698864854	8	2107
10	10	5572197409	1417430133	10	2271
10	8	5530820539	698442642	8	2424
10	8	5110698441	865849605	8	287
10	10	10669658033	1391176277	10	439
10	4	2880649163	858509642	4	228
10	10	4183682406	748786460	10	3092
10	6	8149569374	1367201252	6	1420
10	10	7874859506	974655355	10	1964
10	9	7969067395	708851421	9	2122
10	10	18967502808	1448681521	10	2390
10	10	10466945035	1283576865	10	897
10	8	5067788909	969792305	8	1222
10	9	12309253050	1027990311	9	1915
10	9	7691311977	978570030	9	705
10	6	4754722777	962521048	6	512
10	7	6923381486	1893741950	7	1967
10	8	13111201830	611661778	8	2109
10	2	4168127524	1292369376	2	179
10	10	11027331146	1397820037	10	3271
10	6	4508630941	961461561	6	480
10	8	7442892661	814999677	8	1461
10	8	10497520373	1175450360	8	549
10	4	5551447162	1281901405	4	734
10	10	10482794747	1452105317	10	523
10	10	10626784692	1508703334	10	1378
10	8	5134199887	222570658	8	1823
10	7	6782325621	1248908469	7	966
10	6	10392295002	1511252123	6	1260
10	9	9389944488	1511844759	9	1264
10	9	4862351832	1139072702	9	1121
10	10	10148212378	1291065230	10	2062
10	6	5367453747	1301506403	6	603
10	9	7140206163	1013058066	9	1538
10	10	13125902041	876142412	10	2167
10	6	4617287312	1075097022	6	1462
10	10	8428236330	1251997017	10	2270
10	7	8025811943	1472642620	7	1266
10	10	6222844867	953816941	10	2287
