18	18	9714317052	873395390	18	1800
18	18	7198577190	855565309	18	1793
18	18	15794907205	1029422065	18	1216
18	18	7961056106	1038407295	18	880
18	18	14985696229	977384276	18	2142
18	18	8328900894	1025905514	18	1249
18	18	12275840191	1081318399	18	1528
18	18	11287940829	962488450	18	1851
18	16	10866329226	1247529858	18	1298
18	18	7905924962	1028128866	18	1664
18	18	8675449951	804300525	18	1562
18	17	6646145603	547574294	17	2504
18	18	6604129730	593237543	18	1306
18	18	9740642135	1084329466	18	1065
18	18	7197481171	762864903	18	1600
18	18	5540105671	749786499	18	1348
18	18	16553979945	483821275	18	1568
18	18	15602571762	1134923980	18	1530
18	18	10899614732	985695297	18	1669
18	18	13219134002	708999555	18	1410
18	18	8426888908	866645239	18	1299
18	18	6386366847	862713562	18	1491
18	18	9392943643	651353898	18	2076
18	17	6359308070	915705232	18	1634
18	18	12489807922	1201188433	18	1587
18	18	9379062376	1204693221	18	1878
18	18	11156367581	1462712171	18	1690
18	18	9675052708	1236872996	18	1506
18	18	11463838830	1009361822	18	1921
18	18	9787248802	914604776	18	1431
18	18	11588996621	862733507	18	1536
18	18	9780998622	1087934686	18	1573
18	18	9424788273	1253158438	18	1116
18	18	8443864955	1242520775	18	1844
18	18	8452608205	543995298	18	2043
18	18	12073688447	929373061	18	1663
18	18	9406558961	962613732	18	1482
18	18	9257056622	854705366	18	2005
18	18	7414548476	377104755	18	1805
18	18	10178049445	1019961238	18	2181
18	18	11151256495	982140918	18	1842
18	18	8144968679	965792116	18	1530
18	18	16213723923	1184297609	18	1562
18	18	10035778525	1788164647	18	845
18	18	12255011864	1250180457	18	1355
18	18	16349381009	1176298602	18	1800
18	18	21074934466	903889289	18	1561
18	18	11625543623	1245256646	18	1293
18	18	15733980797	1142625249	18	1136
18	18	9627992144	859115084	18	2024
18	18	10131031048	1181330728	18	1716
18	18	10657482821	1233488483	18	1633
18	18	10709149763	1139824820	18	1518
18	18	11077633027	982869144	18	1962
18	18	11657785621	1241392536	18	1337
18	18	11713477034	1131013347	18	1527
18	18	9425467490	1090941910	18	1564
18	18	9430046648	1079293403	18	1791
18	8	15946956158	1137045328	17	612
18	18	9742990400	917140225	18	1469
18	18	12314299730	1027915957	18	1232
18	18	7385030398	802991922	18	2167
18	18	8047105566	589409152	18	1698
18	18	8299401596	766613495	18	1773
18	18	7341107384	850900673	18	1554
18	18	13594065359	1505750237	18	1357
18	18	10643859455	642301977	18	1604
18	18	12644009816	1336983634	18	1621
18	18	9381090381	1202625783	18	1945
18	18	16339018247	1018936967	18	1165
18	18	9861710948	921465530	18	1830
18	18	17160987422	922069717	18	1386
18	18	8700292096	1146917813	18	1606
18	18	9583004067	1152403319	18	1391
18	18	11739830360	864591953	18	2262
18	18	14583997679	915949778	18	1557
18	18	6992992441	652898978	18	1747
18	18	14968836816	1133210697	18	1447
18	18	9052603819	804175659	18	1463
18	18	13338484710	1081507058	18	1773
18	18	16272278520	1458496089	18	1526
18	18	10869929425	866200169	18	1319
18	18	7348870570	1143605779	18	1620
18	18	13014591665	1071145148	18	608
18	18	15543336188	922820973	18	1123
18	18	7918923042	1088973338	18	1510
18	18	10576012206	1182307044	18	1834
18	18	14735073635	1082035724	18	1145
18	18	15072756378	1234847845	18	1401
18	18	8007333201	972813405	18	1095
18	18	10170200448	1020066632	18	1889
18	18	8780160891	1350561100	18	984
18	18	11772243358	425466238	18	2042
18	18	7446528036	965262539	18	1884
18	18	9360760797	651532766	18	1359
18	18	16438024247	1129306888	18	1418
18	18	12521538060	1245246176	18	862
18	18	10299102569	1134066324	18	1431
18	18	16805292415	1129462122	18	1794
18	18	14596311914	1187149782	18	1401
