23	23	13017759514	1006602798	23	2428
23	23	11328362271	1131837287	23	2167
23	23	10395270080	703331108	23	1653
23	23	15904537456	1252047212	23	3034
23	23	11132869678	903272433	23	1902
23	23	20512831608	1184733117	23	2401
23	23	18753307709	1036962344	23	2759
23	23	11710811832	1010670759	23	2306
23	23	16655621567	822243213	23	2789
23	23	12566584659	315558051	23	2346
23	23	12689169474	808946999	23	2279
23	21	21166486480	1198203077	23	2047
23	23	14207744544	1140810764	23	2353
23	23	9025390148	809866644	23	2809
23	23	8904695930	1238692513	23	1708
23	23	15588227547	1232488639	23	2423
23	23	10280567226	1028437483	23	2783
23	23	16012822606	971047004	23	1992
23	23	13062138570	1129275166	23	1867
23	23	15672422556	968132953	23	2521
23	23	12789478999	1073761461	23	2136
23	23	12182170614	1188792749	23	2198
23	23	12500459176	1227824415	23	2716
23	23	12485393139	693884767	23	2546
23	23	12122086119	1135965797	23	1535
23	23	16287953705	1306846768	23	1489
23	23	10582017488	1073805896	23	2614
23	23	13686204366	1022778553	23	2296
23	23	16786654495	1186535423	23	2127
23	23	17432849357	1071649250	23	1898
23	23	10526348975	1028197551	23	1852
23	23	14680306594	1350399938	23	1189
23	23	16148131084	1134573230	23	2018
23	23	12598449292	1078796668	23	2400
23	23	8616598267	915885631	23	2413
23	23	19151910214	704971064	23	2555
23	23	19191028836	817296891	23	2467
23	23	14309506800	931026277	23	2073
23	23	11384465345	857779913	23	2161
23	23	16749495919	1039510464	23	1953
23	23	8992292218	763669292	23	3130
23	23	10976893385	476101896	23	2270
23	23	7890224383	692333794	23	2466
23	23	13929374300	1074358120	23	1739
23	23	13700462398	1102077986	23	2526
23	23	14727224279	1540189865	23	2577
23	23	16798844622	1202237604	23	1693
23	23	13598367177	1190068446	23	1839
23	23	12243781681	902480735	23	2362
23	23	14524649802	1248368704	23	2475
23	23	11248863421	1309440731	23	2224
23	23	13393633121	1174734518	23	2254
23	23	12846292227	1445964558	23	2198
23	23	11423790984	1283141750	23	2020
23	23	13119482275	1182200052	23	4034
23	23	21555612634	1195186699	23	1803
23	23	12684150032	809155663	23	1906
23	23	12605205331	1015524446	23	2267
23	23	15497864731	1188473505	23	1803
23	23	13852681430	1270578334	23	2049
23	23	10511128759	694412863	23	2685
23	23	9198022104	1084405437	23	2487
23	23	13823132430	1131420348	23	2157
23	23	10843635375	867937435	23	1982
23	23	14318547175	742586471	23	2027
23	23	13086971971	1407023071	23	2094
23	23	11312419103	1183244977	23	2738
23	23	10266397898	1024399908	23	1874
23	23	16413112980	1227538794	23	2425
23	23	11685324558	867216985	23	2045
23	23	13014217182	965509747	23	2476
23	23	15982695613	758085826	23	2208
23	23	17277678623	1009349672	23	2434
23	23	11796565031	536794623	23	2276
23	23	12009972070	705461566	23	3662
23	23	18652348613	973799247	23	2475
23	23	10356037718	1522505076	23	1707
23	23	8126746182	593648788	23	3133
23	23	14288608126	1177088639	23	2018
23	23	13474054338	802631958	23	2022
23	23	10952616444	1355073894	23	1587
23	23	16001580170	1354756669	23	2107
23	23	22512503782	962842330	23	2216
23	23	10430123624	980932850	23	2767
23	23	14501533729	965288841	23	2434
23	23	11992678207	1240766861	23	2589
23	23	15288600307	1133887181	23	2544
23	23	11820838432	1185623382	23	2391
23	23	14545559189	976489512	23	2509
23	23	8918573473	811556329	23	1645
23	23	11587738725	934656528	23	3018
23	23	17435888685	1034192440	23	2130
23	23	20048675373	964730702	23	2260
23	23	12338411098	865369575	23	1809
23	23	10587879536	1090516591	23	2331
23	23	7533128744	596543114	23	2563
23	23	16558217432	1192153241	23	2165
23	22	17052190819	933921534	23	2065
23	23	10989890915	809061568	23	2257
23	23	14644538697	804682371	23	2622
