31	31	17639363900	930152835	31	7209
31	31	23999664435	1301220958	31	8581
31	31	17038972931	1175987036	31	7549
31	31	20634354214	1024507823	31	7817
31	31	29167354196	1236899845	31	7861
31	31	28114335260	1189770355	31	7977
31	31	19605883196	1134844953	31	6787
31	31	23985669351	1393877409	31	7449
31	31	18673900295	796685138	31	8480
31	31	37106436409	1002889909	31	8200
31	31	23001487167	1130348203	31	7869
31	31	32720827802	1019149166	31	7985
31	31	14494974977	706005493	31	8154
31	31	26375684464	864351225	31	8049
31	31	24150795601	1232492306	31	7331
31	31	25955563503	1085879808	31	8298
31	31	26214774980	1289146569	31	8271
31	31	33832261256	1555104342	31	7344
31	30	40881705685	1278196043	31	6542
31	31	26249485255	917864738	31	7949
31	31	21467944094	755502706	31	8248
31	31	24734266394	1177912608	31	6092
31	31	21369854971	765247670	31	8687
31	31	32176774578	1252147219	31	8206
31	31	13761976796	1064382047	31	8390
31	31	28449027493	967740467	31	6401
31	31	24301566841	1415781682	31	6556
31	31	18109740662	1031645283	31	8404
31	31	40411660033	1513965931	31	7417
31	31	29962649202	1292594780	31	7921
31	30	15083497347	712867828	31	8119
31	31	31499897742	1293640389	31	6558
31	31	27679021100	763385578	31	8522
31	31	23343287436	1511291782	31	6020
31	31	21716149726	920141908	31	7340
31	31	25221894635	1146570439	31	8217
31	31	25356890492	1185324462	31	6853
31	31	42740685490	1395465796	31	8659
31	30	27486757044	860299477	31	5875
31	31	25711040668	990840587	31	8287
31	31	24919844067	1020718735	31	5204
31	31	19646346360	926430573	31	7664
31	31	21791810902	1154777051	31	6418
31	31	14883358540	651097248	31	8078
31	31	31916955155	589584518	31	6427
31	31	16664115999	1193158094	31	6087
31	31	39354732226	1188595202	31	7338
31	31	17178819770	916576589	31	7958
31	31	28784931595	1193937607	31	9300
31	31	17865764486	855585569	31	9775
31	31	34781794266	1577617104	31	7894
31	31	19011645481	640420136	31	6343
31	31	25387132632	1127761992	31	8297
31	31	31072757027	1029927107	31	7468
31	28	30401692092	1127753739	31	6020
31	31	20482584701	1039736134	31	7820
31	31	21558769318	1091713206	31	8213
31	31	22515973078	1073356643	31	6158
31	31	27092448927	908348695	31	6255
31	31	25911034715	1411434713	31	5511
31	29	26854070602	1395572282	31	5087
31	31	22780888545	1091182922	31	7927
31	31	19059857109	798069463	31	6381
31	31	29220147274	1133455658	31	7772
31	31	16199060388	1019243579	31	5700
31	31	22631424273	1249489633	31	6289
31	31	29595596965	1290626479	31	5631
31	31	23449967653	1028680318	31	7261
31	31	28313639286	1012462867	31	7342
31	31	37884235604	1459632699	31	7457
31	31	17979673206	1399488770	31	7050
31	27	26106382595	1555690880	31	5067
31	28	18543677076	975765195	31	6775
31	31	21405654578	1197252433	31	5772
31	31	34407418931	1116235447	31	7977
31	31	21623133018	1062216245	31	8685
31	31	24006165677	1255258756	31	6809
31	31	19136270166	1121983678	31	7330
31	30	19958418334	1348193330	31	5113
31	31	19751008785	1449566648	31	6286
31	31	32048622792	705227462	31	7243
31	31	26922116534	1401170656	31	5891
31	31	20450490174	926891581	31	8038
31	31	14374791334	1036115318	31	6695
31	31	27033287810	1473500853	31	7114
31	31	17802940150	644710257	31	6159
31	31	19755628421	1033748883	31	6165
31	31	22292277247	1343501944	31	5549
31	31	25767805369	1249257102	31	7376
31	31	26214935315	1513658047	31	7383
31	29	35193553280	1234390970	31	5069
31	31	28667104576	1115250035	31	6962
31	31	20220591190	1192397710	31	5987
31	31	26436437731	1409921853	31	6128
31	31	38123283254	1545756717	31	5167
31	31	33783123936	1072456785	31	7728
31	31	25395110120	1629802533	31	6384
31	31	23507597451	754184608	31	8676
31	31	26436212594	982867638	31	7315
31	30	24621698685	1240240325	31	5585
