16	16	12762272447	968114550	16	3793
16	16	8561938034	655752724	16	3321
16	16	13949838139	1037308736	16	2703
16	16	13666806484	1190110239	16	3483
16	16	10837082563	634619612	16	4850
16	16	16155808334	1136438356	16	3744
16	16	21639837733	1141182298	16	3620
16	16	15255984477	1169097963	16	3579
16	16	12850903997	1179792345	16	2997
16	16	11470449616	908923181	16	3871
16	16	20606355030	587871963	16	2961
16	14	23539021827	902784834	16	2714
16	16	10338225654	984401327	16	3891
16	16	13910063313	1089576521	16	3033
16	16	14889296711	927785579	16	4119
16	16	13770427612	1224989207	16	3050
16	16	9690494005	749773313	16	2703
16	8	11125942067	1139284654	16	3164
16	16	12266863786	858178754	16	4092
16	16	8947144228	756879293	16	3896
16	16	19364828395	1023086279	16	4054
16	16	9675862523	921058651	16	3186
16	16	14715841431	1127781724	16	3787
16	15	14232880063	975646188	15	3779
16	16	8175044928	762237722	16	1665
16	16	9527163472	848274622	16	3028
16	16	14346016585	1018519695	16	3131
16	16	11436049882	749857432	16	3693
16	16	10068248307	910012066	16	3881
16	16	12857097205	490744615	16	3726
16	16	8964968494	597226706	16	3824
16	16	10983140640	913598967	16	2701
16	16	8638205257	638865993	16	5049
16	16	23699114688	1302945995	16	4099
16	16	14219927869	1289325028	16	2479
16	16	16647949877	1019028831	16	3617
16	16	9954667990	828058407	16	2710
16	14	14731459804	1118125563	16	2747
16	16	13750932258	604607636	16	2876
16	15	8796490396	861923397	15	3837
16	16	10904121870	743757635	16	3641
16	16	13335256716	1182808890	16	4337
16	16	29579826974	913117647	16	3199
16	16	17052845582	1391665209	16	2144
16	16	16127740955	1191057703	16	2907
16	16	11316527631	857357253	16	2918
16	16	34015003538	645866165	16	3585
16	16	9428414545	849456535	16	3048
16	16	21523185059	1112998550	16	3243
16	16	10908573256	865397226	16	2600
16	16	9679333507	805654448	16	3365
16	16	12696717550	1228965225	16	3549
16	16	8585716529	1046291884	16	3601
16	15	11962002314	859668256	15	3275
16	16	10462070592	1009980981	16	3761
16	16	12429342144	806460880	16	3564
16	14	24898630905	923970754	16	2226
16	16	8497704216	809966828	16	4162
16	16	10233612302	910972119	16	3172
16	16	12198086400	974917823	16	2736
16	16	15882427854	1026941724	16	2274
16	16	10656149855	691227086	16	2554
16	9	6607428686	432068393	15	863
16	16	15839108879	1094665297	16	4759
16	16	9518514224	1065571860	16	3964
16	16	17145301841	722742091	16	4395
16	16	14463620196	1300643437	16	2827
16	16	17511540884	1140245218	16	3290
16	16	6842457430	907490308	16	3390
16	16	16957700172	1131525458	16	2969
16	16	22932601156	1194626737	16	4867
16	16	13228368166	1345420676	16	3434
16	16	12314841921	1236911047	16	3378
16	15	9855819850	831431206	15	2809
16	16	19929377285	913490701	16	2776
16	16	11205844871	1302063475	16	4060
16	16	13824720131	973886394	16	3461
16	16	13470978315	1016817234	16	4010
16	14	9722704971	809974639	16	1849
16	15	9865087178	1132669514	15	2391
16	16	8902447695	537788232	16	2935
16	14	29122501706	651983378	16	3882
16	16	20431930499	954172616	16	5246
16	16	15317976080	974797785	16	3332
16	16	14034182066	749194946	16	4446
16	16	11237581449	803756872	16	4260
16	2	2824414633	483956882	16	314
16	16	16919616495	864009475	16	4660
16	16	12598689594	1228473065	16	3849
16	16	22301306675	1068985361	16	3545
16	15	9028729484	1011829680	16	3110
16	16	7948547769	697448183	16	4513
16	16	17840545620	859637785	16	3052
16	16	17471766935	1244054058	16	4115
16	16	16821845553	868456414	16	4614
16	16	11643619990	1231790358	16	3163
16	16	11962536533	1176979945	16	3488
16	16	14251438213	1187352217	16	4322
16	15	14218011806	1237342946	15	3102
16	16	8329354444	915492975	16	2633
