21	21	11159462177	1282387046	0	21	1795
21	21	7936293705	802018933	0	21	1855
21	21	14158306658	996432178	0	21	2628
21	21	16312691916	1190261562	0	21	1933
21	21	14332079511	867330373	0	21	1656
21	21	16975382925	1014201783	0	21	1555
21	21	8308662118	975505363	0	21	2456
21	21	15688351959	1072643205	0	21	1579
21	21	13119506508	1062471734	0	21	2317
21	21	11189643797	921717881	0	21	2439
21	21	8175463180	649206454	0	21	1918
21	21	13156508371	1134560245	0	21	1982
21	21	11916430099	982685333	0	21	2595
21	21	6544030109	757825975	0	21	1671
21	21	9477768195	853122147	0	21	2265
21	21	19190911221	1188200008	0	21	1579
21	21	13718695803	813747892	0	21	2555
21	21	11550408081	1025717025	0	21	2687
21	21	14172430340	847152170	0	21	2568
21	21	13551170784	1028399021	0	21	1842
21	21	13661808364	1006514515	0	21	1482
21	21	11117213389	539454614	0	21	1549
21	21	13179715490	539876256	0	21	2418
21	21	14811631850	1066556493	0	21	2380
21	21	14791054982	1021021336	0	21	1693
21	21	16196234435	1399909870	0	21	2412
21	21	14322794452	965381090	0	21	2195
21	21	11927704641	1182289967	0	21	2054
21	17	10027302208	962949726	1345076958	21	1265
21	21	9775365887	1246958546	0	21	2081
21	21	14270690622	873007469	0	21	1843
21	21	9826011232	757688839	0	21	2141
21	21	9659162173	1014685401	0	21	1764
21	21	10764624186	1018876187	0	21	1851
21	21	11617540791	1570957723	0	21	1130
21	21	8776476979	1233486349	0	21	2269
21	21	13742381647	1412576411	0	21	1735
21	21	8661781200	483810466	0	21	2260
21	21	9186273633	767935282	0	21	2051
21	21	12538667199	1023949532	0	21	2036
21	20	9585670487	1070650882	1186599527	21	1620
21	21	9602149748	922189102	0	21	2503
21	21	15345904314	1014025346	0	21	2864
21	21	14482541590	1065050286	0	21	1873
21	21	12721813157	854443784	0	21	2086
21	21	21003184039	1008269735	0	21	2093
21	21	16274592104	865184142	0	21	2264
21	21	7675985750	483910786	0	21	1948
21	21	8975491695	809879694	0	21	2472
21	21	10348727139	1007831152	0	21	1978
21	21	10657048093	1079032334	0	21	1287
21	21	7516059774	591718090	0	21	2067
21	21	10890913923	434329093	0	21	1918
21	21	11068023879	1131031031	0	21	2219
21	21	12490692935	702665746	0	21	2531
21	20	12727928889	1173117530	1512637437	21	2374
21	21	13653948152	1083240176	0	21	1541
21	21	7586915237	1017723863	0	21	2045
21	21	12795282558	1094436739	0	21	2861
21	21	12116673063	1246788350	0	21	1962
21	21	14034933863	1275758347	0	21	1942
21	21	9472343027	868079191	0	21	2319
21	20	14129885628	1077015052	1077015052	21	1592
21	21	10876629437	1250600659	0	21	1836
21	21	8616341645	695520646	0	21	2160
21	21	13940283642	1010798145	0	21	2871
21	21	13242990059	575956372	0	21	1968
21	21	11201273302	1346611818	0	21	1258
21	21	9832777876	1126131932	0	21	1460
21	21	12145270463	1065720645	0	21	2104
21	21	10504148070	974441925	0	21	1805
21	21	11352236798	982015053	0	21	1890
21	21	11944602096	652968792	0	21	1950
21	21	11631397638	1073198577	0	21	2234
21	21	8755050047	1234335884	0	21	1734
21	21	11677460611	1024021414	0	21	2216
21	21	15318877843	1247163496	0	21	2196
21	21	16508602353	1064745483	0	21	2432
21	16	18844840228	852012174	1567582678	21	1347
21	21	10107156933	1396631074	0	21	1600
21	21	11213158090	870186975	0	21	2269
21	21	9491013177	900562046	0	21	2180
21	21	7924092801	698620778	0	21	2677
21	21	14869773538	1179224288	0	21	1892
21	21	8217689233	919133929	0	21	1791
21	21	14429895225	1450263951	0	21	2243
21	21	7286009753	645036209	0	21	1172
21	21	9396989863	981743091	0	21	2500
21	21	8726692370	538260883	0	21	2049
21	21	6669730976	922395170	0	21	2000
21	21	10372574743	714367657	0	21	1959
21	21	12529512218	1029908617	0	21	1588
21	21	27094675922	755891433	0	21	2090
21	21	11037546461	1086799267	0	21	1863
21	21	14886361853	875305669	0	21	2365
21	21	10710704601	980258738	0	21	2140
21	21	13313413479	1132396606	0	21	1835
21	21	13201422100	1026677194	0	21	1912
21	20	13614884490	974099192	0	20	1921
21	21	10911139607	924422263	0	21	1723
