32	32	27887846408	1251096712	32	4901
32	32	17989047806	1008573524	32	2611
32	24	18163516572	1120299782	32	2985
32	23	26799435706	976333851	32	3764
32	27	22396183166	1514408224	32	1992
32	30	29463232383	1313688519	32	5268
32	32	38800529158	1076962662	32	5248
32	16	22856694260	688751085	32	1184
32	31	37094277434	1521453958	32	5649
32	21	19542728384	969930411	32	3824
32	30	26287154140	1241133274	32	4004
32	27	30380647930	1252884523	32	4136
32	25	29054746468	847643862	32	3793
32	25	19596322003	974706738	32	4908
32	29	33924657717	1392758378	32	4918
32	32	19996692851	930779641	32	5289
32	15	16987603363	972441189	32	4098
32	28	16507815379	922145197	32	4352
32	27	19965723843	755654971	32	1075
32	32	19123636696	1086351571	32	6229
32	26	21359733067	1196778106	32	2811
32	32	32981289367	478073060	32	4582
32	28	18071938935	1411180058	32	2712
32	31	31569175777	813183860	32	5281
32	24	21842927003	809065290	32	1394
32	23	26611568070	1195787028	32	4124
32	26	23366272456	929376974	32	4225
32	32	26137669833	1416763364	32	5400
32	22	26603862928	821934502	32	3781
32	31	31443078090	1227110391	32	6933
32	24	26724554066	860081469	32	3011
32	32	26262050494	916773202	32	8082
32	30	31414950523	593648450	32	4154
32	32	29158113993	879729705	32	3656
32	15	21535770519	1286267145	32	3486
32	29	27029276449	862739811	32	3598
32	20	29653623445	1140831287	32	4317
32	22	14037920479	1335701130	32	1469
32	30	26747212418	590475286	32	2845
32	32	23242778750	1244111109	32	5304
32	20	18331967957	871532143	32	3993
32	28	23682678844	1188086245	32	3123
32	30	20450047829	1023019259	32	4492
32	20	13285268452	1178768322	32	1823
32	28	37100587089	1568054300	32	3830
32	31	22967717386	855368381	32	4632
32	29	28973123205	868647297	32	4596
32	17	19345230135	1221442030	32	3029
32	30	32429603917	1024892084	32	4539
32	31	36250812966	702025761	32	6221
32	32	17878534982	698698142	32	4707
32	20	34253301120	1072125204	32	3369
32	31	26285244721	1179792026	32	4219
32	25	22227674664	643051862	32	3365
32	22	26933910588	806468184	32	3078
32	19	16738763807	1350748112	32	3657
32	25	30316499336	1293669830	32	4102
32	17	19260712669	1448048345	32	2426
32	32	20683160283	925173399	32	4187
32	30	23069407948	716373709	32	3933
32	32	22473714109	1087117904	32	5824
32	31	24080103543	918171428	32	4792
32	29	25155998132	1447346922	32	3857
32	20	17047508903	975594252	32	995
32	29	25632547055	916175974	32	4884
32	24	29128010623	1033640526	32	3459
32	23	14530232040	912111203	32	905
32	31	28779639914	1244371650	32	4290
32	24	24265421681	1073292145	32	3045
32	30	24906173678	1028472077	32	4877
32	31	29701333446	978420851	32	4469
32	32	28758221625	1080133921	32	5528
32	19	22659744476	1082837051	32	3171
32	24	29337501325	583344649	32	3920
32	29	18967567940	1083037318	32	3562
32	23	24296322449	747334200	32	4049
32	31	32856525114	1346154992	32	5415
32	25	24856362085	603615257	32	3158
32	31	37361422963	977283718	32	4779
32	28	19547688183	1142263619	32	3336
32	29	23786163734	1138285231	32	3031
32	26	24335185502	1194671227	32	4866
32	32	31235792689	1350737753	32	5380
32	25	25771703204	1307783929	32	4496
32	32	23416673699	913036953	32	5437
32	31	23013844467	987451164	32	5292
32	29	27717093902	1087565080	32	3223
32	32	36544496898	1355610713	32	5537
32	32	22359890183	1073527788	32	5820
32	30	27407678026	1067375665	32	4912
32	31	25466112147	1229876273	32	4570
32	29	21477105921	1242236282	32	5234
32	32	27450313285	531226744	32	6220
32	32	21165631846	825748703	32	5860
32	17	10955775953	380765378	32	977
32	32	33752606677	1253198423	32	5342
32	32	34041962522	1398779212	32	5859
32	31	38258480302	322926340	32	4375
32	24	16618255516	645974612	32	4929
32	31	31497335460	1017697326	32	5669
