32	25	12922508034	764994256	32	1153
32	24	21670057494	1014043679	32	1487
32	21	17996770621	1183235066	32	1129
32	27	22171182091	1495553548	32	1351
32	29	21537959585	1066592998	32	2200
32	30	16567634180	741702010	32	2130
32	28	19584641503	689583656	32	1458
32	22	25389982325	645205243	32	1425
32	26	28425560406	1500025328	32	1794
32	21	12247720307	1234773757	32	1192
32	32	21270616736	747043017	32	2170
32	30	15659845216	917051310	32	1789
32	31	13971342126	1034242901	32	2182
32	32	14383910826	1524606071	32	2651
32	23	17783442176	602629352	32	1571
32	32	15859190261	1469710034	32	2141
32	21	13717883267	1076179823	32	1492
32	26	23385083937	1408151956	32	1341
32	32	28490187325	706717530	32	2132
32	26	17817308843	1359101683	32	1458
32	31	18255481425	757986595	32	2102
32	18	17626026328	918315798	32	671
32	20	16891129637	1148836616	32	995
32	28	23626534141	1188978592	32	1519
32	32	17037518754	1179796276	32	2066
32	23	19464201330	429684517	32	1211
32	31	26765267483	910247146	32	1402
32	23	12113844303	1396309169	32	1447
32	29	14083227598	491100487	32	1604
32	30	15094151258	850485112	32	2126
32	32	28770934011	805734784	32	2243
32	21	17174696164	1243064073	32	1606
32	26	18624292073	743301254	32	1442
32	31	17348163900	1034947447	32	2203
32	20	14572200860	1016518222	32	818
32	26	22878609960	975045667	32	1737
32	28	14604156724	851392552	32	1470
32	16	15345652948	985880004	32	1334
32	26	22211488013	1289303463	32	1691
32	30	22021470170	1202057253	32	1688
32	32	28764707403	1453198174	32	2031
32	32	18577065578	1126902060	32	2119
32	30	24939924176	967996091	32	2237
32	29	18278826059	960496873	32	1841
32	19	15877493387	915009470	32	1252
32	32	18758471039	821810216	32	2576
32	27	24881295540	1245559609	32	2136
32	22	13381614790	749953757	32	1134
32	23	13533686086	1232217818	32	893
32	24	27195093915	1312362062	32	1397
32	31	14981715178	1216119579	32	1075
32	21	13672772097	909178166	32	436
32	30	20939190844	1292814985	32	1545
32	30	20896434084	694555831	32	1607
32	32	25192903797	1306447863	32	2535
32	32	15718962421	860398308	32	2224
32	29	22695398912	1063021263	32	1822
32	28	19179013448	967159675	32	1955
32	20	14502077509	1400313867	32	932
32	29	20901437235	693204700	32	3265
32	30	17786373910	1230161083	32	2203
32	20	15934828629	764446754	32	986
32	24	21353686741	808627499	32	1650
32	29	22512262432	858515681	32	1626
32	30	15671385046	1015692788	32	1402
32	31	21847126058	1394205929	32	1825
32	28	12932450830	1075290607	32	949
32	29	16861321370	713157396	32	1659
32	26	22117290469	710164592	32	2309
32	32	19354570705	645707783	32	2968
32	32	19211545431	803146086	32	2434
32	32	23801082383	645353684	32	2304
32	30	15695158544	808743829	32	2114
32	22	17407073289	1127658351	32	1297
32	32	13365738608	865920710	32	3207
32	30	22277682170	1030064510	32	2262
32	32	20836995782	757878815	32	1531
32	32	17582467373	1350922060	32	1986
32	29	19779945384	1028623885	32	2112
32	15	15684538941	767384790	32	824
32	31	23280931078	1031371599	32	2221
32	32	13000318915	864398095	32	2416
32	32	16375690935	870815631	32	2267
32	32	23160751177	639662415	32	2863
32	17	14538878712	922632125	32	710
32	32	15800009018	1345424650	32	2279
32	29	22911792208	1401829341	32	1238
32	29	19431418703	650059997	32	1872
32	23	19636392931	1353550060	32	1437
32	30	21155937298	1187527271	32	1402
32	27	15334752222	1171336749	32	1911
32	27	20388441196	642458607	32	1935
32	27	17377568353	545026100	32	1408
32	27	16890126696	863635196	32	1192
32	32	25352782691	485679598	32	2308
32	28	18754322176	1022786882	32	1583
32	31	16408847817	576884849	32	2045
32	28	16102264876	814404442	30	1308
32	11	9772643576	538682390	32	349
32	29	21971500029	1179935984	32	1677
