28	20	13427433000	1411045533	28	957
28	22	10915555812	1335314299	28	1005
28	28	10337566395	1033548255	28	2213
28	27	11524084939	1289429880	28	1609
28	28	11921116064	974079307	28	2033
28	27	10741906815	1131747797	28	1586
28	28	14787470624	869672749	28	2110
28	25	10549925425	1609218854	28	1037
28	26	12459159182	1252256596	28	1878
28	25	10575021981	1238351295	28	1701
28	28	13899903557	1149284334	28	1876
28	28	11924603121	1247700251	28	2276
28	12	9612087541	1203252389	28	968
28	18	16804613487	1222968625	28	1266
28	19	9720495792	1127657803	28	1700
28	25	10891207813	1187625212	28	1421
28	28	13943637152	1180784791	28	1774
28	25	13386893632	1336690156	28	1410
28	27	13734366067	1564132001	28	1567
28	25	13023909418	1145137325	28	1877
28	27	11070636788	1247407469	28	1374
28	22	12352272945	1503875825	28	558
28	28	12439816914	1133182153	28	2049
28	28	11695541798	1400027833	28	1642
28	24	8055256250	1018698941	28	1165
28	24	18461073710	1187651383	28	1359
28	16	9096820754	1469072067	28	907
28	25	15566043046	1019156993	28	1752
28	21	15235181581	1469865914	28	593
28	28	7280535582	814306746	28	1998
28	27	11405559681	1026773903	28	1930
28	22	9929205306	1309541921	28	1115
28	24	15828161366	1577686153	28	1426
28	19	13213609903	1288074628	28	1228
28	28	9541620425	1129205094	28	1592
28	26	14810169634	1570875465	28	2229
28	27	13179235032	1351481280	28	1735
28	22	12336381079	1083675573	28	1369
28	25	10463032701	1130247701	28	1040
28	23	9776309972	1244178556	28	1612
28	27	13787788013	1348000977	28	1905
28	28	11978281619	974864646	28	1908
28	26	17853879942	1128523713	28	1747
28	19	12962410745	1269071249	28	978
28	17	7599135139	1659782785	28	1365
28	28	15755101085	1144400586	28	2178
28	28	11457409008	1514509464	28	1778
28	18	13998880758	1193570005	28	1358
28	23	9988372491	1466579540	28	832
28	28	14094852531	1030410720	28	1745
28	21	11750991922	1408804353	28	863
28	22	11141881003	1347799028	28	1204
28	26	13263886201	1471119113	28	1715
28	28	11780320108	1301039284	28	1845
28	26	11470722894	1297015330	28	1929
28	27	12359358297	1063675373	28	2083
28	28	14857283575	1196817284	28	1325
28	28	11374536128	1087160290	28	2046
28	14	12777481653	1399769211	28	723
28	28	8736070696	1202630575	28	2026
28	28	11623588312	1189674271	28	1549
28	22	9020974858	1512144602	28	1004
28	27	11847148304	1363324585	28	2053
28	25	10452741641	1339726515	28	1628
28	28	13363361329	1014724111	28	2254
28	20	11746263004	1071178298	28	1475
28	28	13804874510	1288281495	28	1775
28	24	13497250617	1394174134	28	1641
28	28	11685692741	1244579167	28	1759
28	16	12704499069	1128405261	28	1362
28	27	12839413778	1236414030	28	2505
28	28	10020273209	1034689290	28	2810
28	25	13493922669	1298967675	28	1697
28	25	11521189286	1126249399	28	1363
28	24	12241389566	1185002733	28	1610
28	16	13528216294	1339861488	28	763
28	18	15603881897	1187348374	28	821
28	19	14807405516	1521069510	28	1360
28	19	10791567568	1286962358	28	862
28	24	9766480355	1225441134	28	1359
28	16	10670497230	1116494419	28	1032
28	26	14560470874	1582136697	28	1422
28	25	9512564357	1333161311	28	1118
28	18	11903336163	1184183371	28	1602
28	15	10854275691	1257032424	28	924
28	19	7066703323	1458023993	28	1238
28	26	13871417709	1079255117	28	1462
28	24	13140354211	1285916356	28	1223
28	28	13452091789	1025952428	28	1464
28	27	13161200465	967088757	28	1317
28	28	7365082747	922779438	28	2374
28	18	10735639874	1573360326	28	604
28	24	13025013768	1251091470	28	1304
28	24	12027961914	1012630600	28	1898
28	28	9926807227	1189198113	28	1479
28	22	12610001403	1496519833	28	1358
28	18	15415278800	1175965742	28	1001
28	27	9355157441	1339723474	28	1561
28	27	10818359353	1083553761	28	2229
28	28	13041011683	1342597230	28	1925
