8	4	8176088309	1184961392	5	325
8	5	3896236680	1084597380	5	344
8	7	5883491376	1602009934	7	351
8	2	964553345	479347142	2	48
8	8	7176356455	1404361375	8	329
8	4	5297375412	800665900	6	250
8	6	6335848276	1518008793	6	655
8	5	4233276916	1175752701	5	252
8	8	10710949492	1133556313	8	1528
8	7	14101386584	1458326741	7	1188
8	5	3994048752	1191727631	5	277
8	7	8265592893	1458590231	7	638
8	6	8909692640	381711201	6	1774
8	3	2919826474	478494586	3	227
8	2	786581452	269109808	2	57
8	5	3821412127	480836519	5	947
8	6	22969122819	1035601932	6	1061
8	6	6005435824	1407195549	6	364
8	7	7239682562	1612254926	8	429
8	6	3865607726	1300527048	6	995
8	8	6861094482	1078736330	8	1400
8	7	7246147276	1471877053	8	312
8	1	106019103	107871316	1	11
8	5	4103232477	647784352	5	314
8	5	5795608003	1109279384	5	222
8	6	7223309974	1653906854	6	259
8	7	6047833552	1205207012	7	976
8	7	9847450813	436935443	7	973
8	5	8028084312	1138950381	8	326
8	7	7492847818	816303725	7	472
8	6	5947776543	873977529	6	434
8	7	5386741665	983467769	7	690
8	8	3492568989	1136237665	8	1598
8	5	7534786172	2010770415	5	403
8	6	3038318143	1101321264	6	803
8	4	3613615003	425423101	4	156
8	8	10724992581	773198213	8	1443
8	1	375934025	222749258	1	11
8	3	2858080846	600234807	3	301
8	8	13698321716	1244626736	8	756
8	8	7060909211	1085323810	8	427
8	2	4246310962	696383920	2	113
8	3	1592826486	376542433	3	64
8	2	1979462360	545591013	2	75
8	6	3508655841	705108608	6	302
8	2	2303115947	971669801	2	149
8	7	5197065653	1137394785	7	1071
8	7	12057228960	1138996630	7	1048
8	6	8735949922	737943365	6	1241
8	8	6554630496	752014547	8	369
8	7	13460551365	540055251	7	1117
8	5	2449055514	812242224	5	319
8	4	6804894955	591540558	4	982
8	6	9667211974	918056782	6	869
8	8	8280021903	1124166565	8	562
8	7	5097789021	873154839	7	637
8	1	1033994215	263940149	1	52
8	7	5009314237	1079096142	7	921
8	8	12365889545	1729205177	8	1365
8	8	10328075415	1610398804	8	1234
8	1	538896748	273272065	1	19
8	4	3752101755	1299467074	4	191
8	2	1112946225	211373989	2	75
8	6	9919785952	869232226	8	526
8	6	12415220847	644699625	6	554
8	4	6487133381	646858053	4	263
8	6	2865915739	480241022	6	302
8	6	3327443352	692751403	6	490
8	8	5956689224	1091014576	8	993
8	8	7212595796	808032487	8	1387
8	5	7190298540	2270535019	7	398
8	8	7978109453	1309298164	8	443
8	7	6403763240	1302172879	7	591
8	2	1250675909	274229686	2	114
8	2	1443993053	321126641	8	146
8	6	8397354217	1594679684	7	333
8	7	6221156970	798782994	7	993
8	8	11387767450	1667262801	8	857
8	2	2094751224	533607805	2	69
8	6	5075327953	1186552343	6	254
8	6	4161839865	1071219856	6	662
8	7	4419362787	818377196	7	1947
8	5	6848259419	1127092562	5	322
8	5	7857124977	379701555	5	943
8	8	6952919757	1236923881	8	1147
8	7	8227863958	547337550	7	1750
8	5	6173535943	1561149113	6	408
8	5	5568505356	1077074180	7	330
8	8	5835147340	640590723	8	757
8	2	110600541	109077647	2	310
8	8	11942459541	822424557	8	1480
8	4	6406605178	1665982855	4	617
8	4	2712012008	426634766	4	418
8	7	5877559754	1522640511	8	744
8	6	6344084834	922216416	6	1159
8	5	4704741559	865912037	5	220
8	7	5623496763	1502337162	7	344
8	2	2324255430	590514180	2	75
8	1	431587008	320578712	4	70
8	5	3288759724	755800322	7	140
