15	15	11384289222	1026227117	15	992
15	14	7356509635	861670211	14	777
15	14	9226900412	707228537	14	899
15	15	9312052142	921708960	15	1291
15	15	10697440169	1077441249	15	921
15	14	10007696953	483562160	15	924
15	15	9586156254	1231198462	15	944
15	15	8062167363	651916887	15	817
15	15	14067461385	1017017719	15	616
15	15	17112596946	1087309581	15	1028
15	15	17810098195	969986180	15	1130
15	15	16186973117	919409564	15	1420
15	15	11306380501	917118416	15	1135
15	15	9069862990	1149051162	15	394
15	13	7740275559	640874766	15	898
15	13	8128310767	1066341275	15	177
15	15	8187822497	1098050544	15	700
15	14	7071413889	817953994	14	977
15	15	9005595455	915182204	15	1050
15	15	7091400800	1031010835	15	670
15	15	5451437787	653256288	15	975
15	15	9211041757	920975306	15	767
15	15	7279670809	586149426	15	982
15	15	6709413831	813790276	15	1239
15	15	11383432933	1085860781	15	760
15	15	8427032184	977965291	15	611
15	15	13050852154	961435657	15	982
15	14	13163535793	1009766657	15	601
15	15	12796848758	1291147676	15	747
15	15	5217338288	860261308	15	962
15	14	12771257377	745485622	15	483
15	15	12235029364	1020144214	15	434
15	15	9460265697	1083620089	15	1164
15	15	11179278752	1025627463	15	944
15	15	9407648501	1195400716	15	724
15	15	12344986642	1289829101	15	841
15	15	15897462387	977724242	15	541
15	15	10946075307	1300754702	15	490
15	15	10301805386	906700562	15	293
15	15	6217494794	758658343	15	756
15	11	10089950116	919546075	15	458
15	15	15000774261	901406553	15	728
15	14	10230457332	1077240510	14	1051
15	15	9571996733	1082337986	15	1026
15	15	8374206891	793598634	15	1323
15	14	12663960168	1185970558	15	853
15	15	11268250120	1075086998	15	757
15	14	10762778663	487155576	15	909
15	15	11679825482	1077591317	15	956
15	15	14138007301	698788166	15	1033
15	15	8356040568	758759629	15	1259
15	15	8166266290	1187163801	15	884
15	15	8851826673	910078604	15	946
15	15	10669454102	597467612	15	1055
15	15	7146547727	962703992	15	952
15	15	12357011417	802564840	15	639
15	15	10614354102	534479089	15	1189
15	15	12782421707	748781067	15	1252
15	13	9756574405	1088889796	15	465
15	15	9780793331	909816275	15	838
15	15	10345158118	863561166	15	848
15	15	10354468941	1033405066	15	505
15	15	10608629103	751257941	15	915
15	15	11468544661	1201459891	15	979
15	13	17679436678	1186011416	15	903
15	14	11994734196	695881505	14	1502
15	15	6638381000	701508610	15	719
15	15	8516933649	804969409	15	767
15	14	14106328119	812577661	15	976
15	15	10854554097	864934055	15	1129
15	15	10728288700	1192030103	15	893
15	15	12274983448	1018787553	15	686
15	15	7451803005	818129082	15	1243
15	14	13813539624	1024846017	15	788
15	15	8461670172	535461935	15	877
15	15	8538407188	701888084	15	726
15	15	16382873607	1148952834	15	1171
15	14	10997889440	1090268164	15	862
15	15	9310439224	1021053327	15	779
15	15	7426136028	653637225	15	852
15	15	12272654444	1141542449	15	670
15	15	8266949073	912177829	15	693
15	15	5812201361	437621582	15	514
15	14	7507834628	1087583444	14	700
15	15	9809292460	643939115	15	879
15	15	9678731189	1364084109	15	1028
15	15	7718293029	1193819117	15	1314
15	15	9042320788	879024764	15	850
15	15	8150750904	1297641418	15	866
15	14	5966088741	1065861339	14	730
15	15	9987707501	972813232	15	818
15	15	8607186688	790679675	15	1194
15	15	6914548764	1018268180	15	493
15	15	8822828537	644130904	15	672
15	15	11193968997	1156442187	15	812
15	15	7716603727	1195114152	15	366
15	15	10580836827	913549060	15	848
15	15	15348925953	861989527	15	1099
15	15	15044959272	804482620	15	1105
15	6	8101863766	641997307	15	116
