26	26	17311398453	895593245	26	5066
26	20	27175699018	743945002	26	2575
26	26	25567411433	593501035	26	4734
26	26	35534577676	1227860595	26	4070
26	15	14248284712	1035870508	25	1268
26	23	23073002925	1179761582	26	4113
26	26	15848801162	916088422	26	4841
26	26	27186172546	961174806	26	4168
26	22	19104654770	1116160162	26	1335
26	18	16238813567	642840437	26	1671
26	26	14503641133	692692130	26	4141
26	24	22103521587	1192066811	26	4348
26	26	14796330953	979717758	26	3464
26	26	18384176433	811783142	26	3930
26	20	14368057863	648649228	26	3826
26	19	19681131283	1293407718	26	3009
26	26	18563392628	658967959	26	5106
26	22	20570051514	1242833785	26	3148
26	22	26027317166	697907981	26	3927
26	26	26382972520	1025718655	26	4214
26	26	22799747906	1248336425	26	4268
26	25	23837473298	1345457114	26	4723
26	26	12627709579	864512075	26	3866
26	26	25060232834	1077243576	26	4516
26	26	21341051061	1059735419	26	3762
26	26	22178811992	1134373947	26	3569
26	26	22877986268	639252545	26	5726
26	24	17837925298	1239327811	26	3682
26	26	21510341730	1083300759	26	2417
26	24	27541754263	808324616	26	4004
26	25	19254395625	1144351211	26	2375
26	26	20080570510	1080562440	26	3956
26	21	14542047147	976166127	26	1321
26	25	15444517774	1407379811	26	3010
26	26	16890186950	488861811	26	5698
26	26	17568642940	645113746	26	4662
26	26	20550774361	920470577	26	4103
26	26	16930705436	1362348309	26	5233
26	26	21486603881	757109392	26	4751
26	26	32456188225	1292441753	26	2979
26	26	16122745870	811959152	26	5554
26	23	14429867560	1086936692	26	3002
26	24	17013839247	978173470	26	1218
26	22	16946946891	1078329083	26	3681
26	20	28227865693	1398343544	26	3716
26	26	31356951593	803247342	26	6618
26	26	18596567785	1239142341	26	6369
26	25	23619696533	919909749	26	4168
26	18	31838464641	860563764	26	3184
26	21	25027746943	745400439	26	3032
26	18	26421859914	649142570	26	4308
26	26	30721948194	1098157126	26	4499
26	26	20162280691	749875596	26	5996
26	20	20210512367	1396813611	26	1870
26	26	36959326730	966582178	26	4373
26	20	13848497979	425119336	26	4559
26	26	30588468716	1290457167	26	4441
26	20	18716538822	1135977387	26	3217
26	26	30576896113	1144886414	26	5209
26	21	21460895794	1358000623	26	2563
26	26	17439896237	534827630	26	6184
26	26	23100313729	1034938152	26	5634
26	22	25067419683	809282566	26	3476
26	24	28407558456	1077226840	26	3085
26	25	24177049079	1129281667	26	2969
26	26	16053389966	763582585	26	3981
26	25	22698798192	1063727961	26	4456
26	23	20267319048	924159241	26	3809
26	25	16165700686	1128625782	26	2358
26	17	28836880221	588310661	26	2346
26	25	25331323686	744277009	26	2819
26	26	24625309408	270718689	26	5364
26	26	24236625912	694136147	26	4564
26	24	22060163744	1179554483	26	3194
26	16	14130148407	1033912441	26	2456
26	26	20143754649	916965459	26	5112
26	26	33108002567	877910571	26	5602
26	26	28808191115	925807015	26	4478
26	23	31032558511	987835435	26	4187
26	26	23522042482	1076431319	26	5515
26	26	23493945369	700013021	26	4908
26	21	21368467794	1200001448	26	3341
26	26	13671913299	1035819917	26	2474
26	26	36434482003	808408768	26	5171
26	25	23994416921	1222652175	26	5175
26	26	33907518273	697602031	26	4303
26	26	17126829280	944725663	26	4241
26	24	17483254202	1393303818	26	3112
26	23	25882127574	1671682600	26	3310
26	19	20787174355	535781899	26	2507
26	26	25798428372	857567125	26	4586
26	26	22941528251	908049611	26	5580
26	26	19342067661	691021573	26	5618
26	26	20212248503	1094616715	26	4542
26	26	23738548549	1014651498	26	5799
26	21	15492931894	1174916269	26	1075
26	19	23943130603	766334891	26	2932
26	26	24752976565	1125611477	26	4134
26	24	23385768621	481980898	26	2522
26	26	30914413158	986688946	26	4747
26	25	18485488128	1077658169	26	3136
26	25	20098840962	796447478	26	3241
26	26	26457883042	1029866968	26	3978
26	25	29241718642	1509993226	26	3777
26	26	25222551654	813171999	26	3654
26	24	16897317420	1133780092	26	3907
26	25	25337161643	536958132	26	4099
26	26	22918257621	536595845	26	5186
26	26	21413414596	1075159094	26	4222
26	21	22003357689	802443900	26	2545
26	26	15749350331	976442160	26	3912
26	25	20005811861	813480729	26	4465
26	26	20616501645	1291157257	26	5331
26	23	14463743639	978080178	26	3079
26	23	12588622399	1405391833	26	3910
26	26	25990498103	1568531496	26	4693
26	22	24382129551	1344511410	26	3250
26	26	25689108947	758921750	26	5932
26	26	28575675230	1256579270	26	4026
26	24	30406466509	1181569105	26	3441
26	26	16447273087	799440130	26	4293
26	26	27953024238	764995347	26	4177
26	26	15197025375	1597258508	26	2228
26	25	28156394894	1199299633	26	4389
26	26	14506111863	1171011902	26	3103
26	26	27041766209	815403563	26	3759
26	25	19654619603	1025161629	26	5610
26	26	16816595427	1260248708	26	4571
26	26	21604450302	533804200	26	4877
26	23	20645895182	1179788576	26	3310
26	26	33223212549	435557387	26	4823
26	25	29680188094	917434383	26	2813
26	23	37356586323	650121744	26	3779
26	25	38375646094	817427848	26	4383
26	24	22275661464	765549901	26	3079
26	19	20283053341	1135348209	26	2395
26	26	19347279965	1083990418	26	4679
26	26	20035189652	917681177	26	3873
26	24	26507378143	444639971	26	3230
26	26	21161351397	747253105	26	5896
26	8	7798036622	922355610	26	498
26	24	30638897027	429197453	26	3886
26	26	22494767002	911345032	26	5035
26	26	22308875452	1515201734	26	4021
26	26	17262547021	709403493	26	4238
26	25	25514480071	930743211	26	3632
26	26	33569402613	1160158932	26	4695
26	24	25379453926	1078161002	26	4118
26	21	19852591113	1204747052	26	2079
26	18	14675106339	1054783451	26	4099
26	25	22436393293	1130565664	26	2316
26	25	15514132384	865807243	26	3628
26	26	22111225320	1567083727	26	3609
26	25	18895834840	1135636129	26	3870
26	26	15389920933	865382215	26	4513
26	26	24649635084	1016165303	26	4455
26	25	25733231177	906505773	26	3538
26	26	21271787862	1018898842	26	4712
26	24	20195753260	1139471337	26	2689
26	19	19746339202	867436730	26	2457
26	26	32853613399	748119387	26	4190
26	26	28115693291	583678870	26	5114
26	23	13042610358	1076848892	26	2021
26	26	15277747079	1029194640	26	3470
26	24	24123143583	693010086	26	4535
26	26	28753209636	1194000372	26	5051
26	25	22926346645	699953906	26	4168
26	22	18647676950	1018328760	26	3915
26	26	18700527163	800701009	26	6761
26	23	26684105851	751596669	26	3581
26	25	22460901996	1338686418	26	2936
26	18	17594716933	1229228259	26	3071
26	26	26247492438	1169951654	26	6171
26	26	26924884601	1575203281	26	4470
26	26	26274816449	763102494	26	5589
26	26	28078432684	1134631139	26	4290
26	26	20632948396	1285378627	26	4113
26	25	30300376774	827514583	26	5320
26	25	11853892488	1078633225	26	4265
26	26	25001729520	1249895068	26	4238
26	26	31240285790	1141708128	26	4602
26	22	26388000352	918406223	26	2688
26	22	16225711402	1246022576	26	1436
26	20	12299632151	1116329885	26	2679
26	26	25374508617	954440679	26	5052
26	24	26791103804	911001978	26	3974
26	26	32632213614	861429469	26	5916
26	12	23378561426	707435043	26	2917
26	26	15770898241	967882282	26	6054
26	26	22284346531	1138605527	26	4123
26	17	20242053868	1357811517	26	2902
26	26	21489509415	1014388228	26	4660
26	26	25166417854	1129454402	26	5157
26	17	24525940018	597370646	26	2196
26	26	18724327300	900641296	26	4176
26	24	21326950740	644975755	26	4091
26	18	24577806452	869615044	26	2107
26	26	26049449154	1333382878	26	3949
26	21	12756932910	1125354119	26	2606
26	22	25261994428	1128616546	26	3552
26	25	21111076700	1189365038	26	4022
26	26	23388781327	815643171	26	3170
26	23	32845264967	1399398424	26	3822
26	23	19386940497	924661667	26	2566
26	24	25066027447	1130367390	26	5050
26	26	20474217833	334044959	26	3698
26	26	20044394414	1025663896	26	3707
26	26	27257792696	1034590685	26	4886
26	26	20460695403	542306052	26	3909
26	26	31580298399	1031103362	26	5782
26	25	23624518490	1238336172	26	3975
26	17	27608754234	528136627	26	2960
26	26	36817973120	807367530	26	6433
26	26	22977831258	1127836480	26	4099
26	24	16568042309	1074530904	26	4039
26	26	18367049001	482788328	26	3341
26	26	13198921924	634828577	26	4392
26	23	23478608080	1086977596	26	3414
26	26	22958873898	647402124	26	4702
26	26	21069802896	1135064036	26	4036
26	25	16840165745	972175750	26	3509
26	26	20643187410	758317366	26	4597
26	20	19478685706	1025499102	26	4453
26	18	18380117247	754181508	26	3485
26	26	28982886220	1440514094	26	3015
26	26	18732478078	1034833857	26	4576
26	22	17166269620	1155488567	26	1275
26	26	24664634931	1132515121	26	5656
26	24	20475896642	1133102398	26	1707
26	26	26181042985	1080241613	26	2866
26	22	16927915446	1193346771	26	3176
26	25	31088452828	1671067009	26	3770
26	26	26466912791	962239782	26	3432
26	26	21035868884	1183169115	26	5767
26	18	21810554538	1465707827	26	2043
26	26	27053578656	866744663	26	6552
26	23	20767357133	1236753918	26	4539
26	26	21604558891	1128755300	26	5145
26	26	26366824469	973280934	26	5065
26	25	25320037325	1182827761	26	3394
26	26	21410795957	857370369	26	5204
26	26	26755885143	1133148563	26	4194
26	26	34415845805	1823975238	26	3649
26	26	21412149724	853184703	26	4575
26	20	20120790696	809634320	26	2203
26	24	22292381280	1126355201	26	2347
26	24	19597640738	425505947	26	4126
26	22	16389354893	706485887	26	3349
26	25	13275851584	917602777	26	3143
26	24	32008980460	587929572	26	3696
26	26	27934342334	1033021284	26	5928
26	26	12242061941	988441797	26	3209
26	25	19073142574	1064538035	26	3014
26	26	23868783508	1404537350	26	4483
26	25	19757482251	1185199731	26	4474
26	18	21159039396	921743824	26	3255
26	26	18730071879	1354226429	26	4463
26	26	16299699280	536319066	26	3493
26	26	21236949327	601392369	26	5728
26	26	24941104350	1026721493	26	5149
26	20	25935373494	650939505	26	4061
26	23	16796334381	850109429	26	1022
26	25	27447442675	1514141837	26	4414
26	26	23163447629	698341329	26	4272
26	21	23757498644	1015618675	26	3602
26	26	25428865830	1244140131	26	3590
26	26	27955114187	903534521	26	4938
26	26	15965822574	1031903510	26	3981
26	17	23518975735	806407777	26	3051
26	18	19448617342	377616391	26	2322
26	26	22774107290	802756342	26	2596
26	26	19371204868	642344571	26	4420
26	26	17047121662	871776704	26	5185
26	26	26626854322	697435013	26	5246
26	25	32815382425	795556885	26	4648
26	22	30803626477	936633254	26	3862
26	25	13879330114	970373856	26	3609
26	26	22360489362	1348073165	26	3699
26	26	17477038914	1015154860	26	3332
26	25	33759590825	641799574	26	3640
26	22	17077193820	855901955	26	1981
26	25	31982782949	1075507829	26	5452
26	24	18117899116	535414309	26	1570
26	23	18572289145	1124281532	26	2154
26	26	23210983692	1304901985	26	4188
26	23	28989866238	1430716049	26	4375
26	26	21073290464	1234977964	26	3794
26	26	26150443846	1090355595	26	2890
26	26	27500796552	1185122582	26	4910
26	26	30508109873	593641090	26	4874
26	26	23412513898	817088109	26	5005
26	26	19383918954	1226564681	26	4280
26	26	11322905163	594433584	26	4198
26	26	18992008576	979777265	26	3624
26	26	20640789192	1085655615	26	4134
26	26	27233940166	1228047808	26	3789
26	25	24332315625	1129196850	26	2695
26	23	14923130213	1233344454	26	927
26	22	12337426881	650789485	26	2944
26	26	19937444786	1461010228	26	1813
26	21	23174360885	872104922	26	4464
26	24	24378261111	1025011331	26	3234
26	23	18028227985	1252955114	26	2171
26	22	17994622969	865301860	26	1299
26	26	27609100310	812658170	26	5007
26	26	15318024150	996760880	26	6784
26	25	26907702508	913674153	26	1543
26	26	23682013368	1070761856	26	4853
26	26	35583176623	1007581230	26	5518
26	25	35562812284	1634275746	26	4775
26	26	23016635826	1026787468	26	5575
26	26	13826371944	869627403	26	4728
26	21	21573647521	1293367666	26	3907
26	24	29385617849	1134536706	26	3091
26	26	31029561221	968131720	26	5543
26	26	18938481054	1117153443	26	4265
26	21	12330212065	482518400	26	2541
26	26	29528265521	974331496	26	5731
26	18	11134469879	1131711759	26	2914
26	26	19921549052	1030714539	26	3625
26	21	24253174201	903424801	26	2552
26	26	16646789968	1232752686	26	5066
26	25	16844200665	1293384652	26	2175
26	26	17588733672	432525339	26	5352
26	20	17350217956	1035165159	26	2672
26	18	17575846940	323207452	26	2026
26	26	30066510853	859201370	26	4436
26	26	27079623004	915139200	26	3238
26	25	26809786709	1180668148	26	3171
26	25	32067354258	1249482527	26	3047
26	18	11251393633	950702378	26	3372
26	26	51439529692	656415411	26	6192
26	26	16047050650	374555192	26	2987
26	26	17144951280	757739367	26	3672
26	26	17304746672	1036051474	26	3914
26	26	24199742323	1091788184	26	3668
26	26	19477436704	1089429940	26	4057
26	23	21770535738	980282741	26	3241
26	26	15710481134	1250706411	26	2464
26	25	19217314879	1065349866	26	3977
26	10	12386367351	1076517208	26	1643
26	26	23985929288	1250049401	26	4974
26	26	24897005632	1087432460	26	4720
26	25	21726016454	973310934	26	4244
26	26	27181439227	1298849686	26	3664
26	21	27570764715	909600106	26	3763
26	26	25719570232	814770507	26	4953
26	25	14998810484	1352124316	26	1629
26	26	11970144701	1199993565	26	3779
26	23	27760208559	1079985025	26	3428
26	24	25485489909	1278226868	26	4471
26	26	22355955165	1286117458	26	3268
26	26	14073474288	971049875	26	4846
26	26	19397793993	1404726166	26	5585
26	11	31264135012	1026375130	26	3235
26	26	32075220282	1128146638	26	5639
26	20	21936156768	1305315827	26	2663
26	26	24079702216	1512459280	26	2873
26	26	19905321398	1287981532	26	3753
26	26	17287908223	1165553943	26	3915
26	26	33461384987	1508520729	26	5598
26	25	20762690880	1351702015	26	2523
26	26	14406808884	915408408	26	3169
26	20	15562894189	1023549917	26	2867
26	26	19013006739	712589099	26	4102
26	25	19188246539	1338885762	26	1536
26	26	17868694312	1140152955	26	5290
26	26	18479215852	706017320	26	3952
26	26	23470753945	980768481	26	5249
26	26	23712342382	1087875189	26	3685
26	24	20302309064	1186392964	26	4600
26	26	16849779831	760852452	26	3874
26	21	27390312164	1173592685	26	3766
26	18	11630260645	1136455915	26	1026
26	26	16458747189	924100272	26	5750
26	24	16063388825	1123757323	26	3116
26	23	25280111661	764750659	26	2990
26	25	19745174137	1299205905	26	3056
26	26	23896396703	1180708708	26	3921
26	26	30588640329	1147680300	26	4912
26	23	21946118359	914394239	26	2631
26	26	26477580373	700704739	26	4286
26	17	13154687700	1128310152	26	2673
26	25	25448961426	1618581845	26	4253
26	26	25212378891	1081247930	26	3426
26	22	30752810997	1242048155	26	3999
26	26	26290510135	869634126	26	4588
26	16	14233774143	1355732355	26	2989
26	14	11381270763	1128126781	26	3456
26	25	27664670029	704077537	26	4139
26	21	30437793596	706780068	26	4034
26	22	21071583752	1124612358	26	1451
26	26	16452912772	488868460	26	4875
26	25	28557752540	1089415662	26	4194
26	26	19985072345	882923729	26	5071
26	14	13196154727	932416895	26	994
26	26	22230960012	1352419600	26	4241
26	25	29185218227	1144497279	26	3911
26	26	19088357447	1091984134	26	2870
26	21	25619622986	1025347252	26	4069
26	16	13701757304	486073267	26	2605
26	21	12692712120	920806806	26	812
26	26	20184126097	913459451	26	4253
26	25	24717576716	865288379	26	4990
26	26	28212957158	1074729880	26	3187
26	26	19325005639	1072704167	26	4957
26	15	13080298069	1143736290	26	1495
26	12	12567414146	690544702	26	1150
26	26	18217185942	870462749	26	4156
26	13	22321494937	376941943	26	1481
26	26	27191636256	1126936468	26	4767
26	19	11074105162	866946139	26	2685
26	2	2050867021	374814215	26	462
26	25	24325624133	1088046006	26	2170
26	24	16567058919	702738786	26	5915
26	21	21874549405	538763392	26	3915
26	26	21352483260	924168300	26	5126
26	26	20367367299	1384801014	26	4115
26	16	13543706451	1250147904	26	2224
26	26	25961585594	1281091282	26	4127
26	26	31628670250	1135424072	26	3693
26	24	20299775416	1247316761	26	2411
26	25	32585996289	764086188	26	5144
26	26	18601556626	1029462658	26	4325
26	24	33723755683	1141030076	26	4117
26	24	16825439356	799786869	26	2894
26	26	19148367745	1127673066	26	5499
26	26	24624669274	748743417	26	3784
26	26	32349024207	792742063	26	5999
26	18	12041417167	752964604	26	2444
26	26	22034786726	765923115	26	4436
26	26	25131997386	1248120129	26	4740
26	26	33596494027	860497369	26	5209
26	23	22537390359	974741032	26	3522
26	25	25632942764	488419692	26	5527
26	22	22990335694	1242992266	26	3065
26	26	26872579450	1398314348	26	4140
26	20	21683693297	1126248847	26	2663
26	18	13044078443	1066395936	26	2698
26	26	15967331250	1344819548	26	3596
26	26	27528612638	864248772	26	4525
26	17	9533868137	815932251	26	731
26	25	20313843264	1018041204	26	4089
26	26	16376717555	542299240	26	5250
26	26	14102425293	645479511	26	3627
26	25	15255439293	1294211290	26	5444
26	26	20087111428	535942942	26	4513
26	26	18709927850	649523566	26	4694
26	26	17686655653	1014901680	26	5432
26	26	21961111235	973024300	26	4754
26	25	23429809150	1395046424	26	3440
26	26	16782359387	757441416	26	1061
26	26	20065869203	1082863271	26	4855
26	26	16431828727	1009267927	26	4042
26	22	23236892141	1301712136	26	3561
26	19	21042808825	1256268242	26	3046
26	16	14689934676	803820647	26	744
26	21	17512863218	847306380	26	2326
26	19	22713439881	915004475	26	2595
26	26	15541674027	649679923	26	5108
26	26	20390238051	651329300	26	5758
26	14	21369728884	1022425827	26	2190
26	26	18127750216	1580589967	26	4701
26	26	18108974774	871100442	26	4836
26	26	24598835973	1076250250	26	4578
26	18	21046971850	1238287461	26	3984
26	26	13851630943	584212205	26	2424
26	25	33628627864	1118137640	26	4556
26	26	17530750721	1186078534	26	2646
26	26	20756371634	1275455539	26	4446
26	26	28578708934	638160757	26	4622
26	22	19344875673	925658093	26	4184
26	22	22338069813	905624547	26	3570
26	26	9992286139	754508659	26	5258
26	26	19389438303	809273840	26	3673
26	26	27247879203	1015896402	26	5834
26	26	17632580909	1031098278	26	6929
26	19	14072675343	591881830	26	3081
26	24	16325216413	646848411	26	1830
26	22	17386980393	976186446	26	3594
26	26	21730450485	486982410	26	4786
26	23	25435416351	382538623	26	4713
26	24	30313032930	1305659195	26	2760
26	26	40150180815	487234945	26	4630
26	21	12093810463	1189032068	26	4776
26	23	22172291352	1137084511	26	2750
26	26	20690048985	1170651185	26	4453
26	24	21194971552	652534115	26	3467
26	11	8835549944	746167806	26	1590
26	26	21130962995	595302641	26	3080
26	26	27302501596	876437086	26	4803
26	26	14165033116	644606398	26	5904
26	16	15077367781	1027991453	26	2137
26	26	18116996248	914533051	26	5462
26	20	15187060401	1075531136	26	3127
26	26	18122143006	925695907	26	5279
26	26	23289585513	1149617348	26	4996
26	25	20798114985	753781943	26	4571
26	21	17925759856	926511973	26	2038
26	26	20950997046	810730997	26	5918
26	23	16256105128	975345044	26	3794
26	15	19667415657	1021158586	26	3034
26	25	32279752206	1346711609	26	4498
26	22	26706079873	811486834	26	3428
26	22	24560396443	1080492816	26	2595
26	26	24690829025	754257204	26	6413
26	25	20755105521	1390558375	26	3303
26	26	24490747343	1246213653	26	4600
26	19	24069669868	910023119	26	3302
26	26	24676769987	914000105	26	5482
26	14	18644086137	957619059	26	2333
26	16	15244289983	590526939	26	2047
26	26	27758734521	1062971747	26	6187
26	25	20474644926	926845914	26	3398
26	26	16725247922	1190211687	26	3724
26	26	18681726606	1127438035	26	3157
26	16	15515751498	914422426	26	2779
26	21	18302589118	687127232	26	1485
26	26	22812286192	1190513827	26	4708
26	26	24811245666	1241370160	26	6192
26	20	20304237960	982989486	26	2687
26	26	21813780266	602186597	26	6018
26	24	26073572369	859056582	26	2824
26	26	11347365443	1204704832	26	2775
26	26	14189386734	593631358	26	6220
26	25	24299478433	805357135	26	4639
26	26	13407917779	706884048	26	7050
26	26	22995650092	815013690	26	4653
26	26	22859027687	593381183	26	5445
26	24	16713529609	866670788	26	2937
26	26	22669061844	822398453	26	3653
26	26	24812229020	812722400	26	5153
26	26	23181010778	1016167485	26	5247
26	22	21315821879	854617006	26	3527
26	26	17774301538	697205978	26	6012
26	23	29649975152	766963799	26	3089
26	19	24766453585	545048689	26	3503
26	25	16523878314	1135674587	26	2597
26	26	36354543343	1022792062	26	5051
26	26	20208160191	805382117	26	5311
26	19	36398725142	1286285459	26	3387
26	26	25849255138	1032698643	26	5119
26	23	47510352339	1296029330	26	3805
26	26	15187366807	1076178133	26	3234
26	19	15316491000	858078292	26	2304
26	26	20137273373	1069331726	26	4985
26	23	21075334185	1025157334	26	3195
26	20	20091848665	809591068	26	3403
26	26	20789406725	1144336803	26	5026
26	26	22159803600	1334248019	26	4499
26	26	20061247018	754425179	26	6057
26	23	27034853198	648934390	26	5626
26	12	21471399798	1016717830	26	2654
26	26	22028433827	756450541	26	3350
26	26	36928686552	384784137	26	5276
26	26	19787925693	1200749518	26	4290
26	23	13434459765	326583517	26	1910
26	26	21378443919	1244511446	26	4965
26	26	22809220553	1179629788	26	4609
26	24	20583582731	586640378	26	2914
26	20	23075587224	1012395043	26	2990
26	26	25028539340	751499977	26	5439
26	22	13755869971	1143488182	26	4073
26	26	35315193163	1137215233	26	5032
26	26	26430394531	757337540	26	5150
26	23	24013332567	1152728639	26	4081
26	26	15945072176	871244577	26	6045
26	19	19866236718	1201434344	26	2416
26	25	23786643370	1074136517	26	4105
26	21	22333575528	654812589	26	2564
26	24	20916208365	756011622	26	2175
26	22	31779287834	918783657	26	3097
26	24	19541708982	923335548	26	4083
26	19	11810137749	810594889	26	2599
26	26	16289000485	690386033	26	4483
26	24	15467503387	1192148076	26	4651
26	24	14062955950	1234794219	26	1730
26	24	19239253054	1404421262	26	2609
26	22	40453872737	799024793	26	3814
26	21	22196093648	710544397	26	2663
26	23	23252447242	427988854	26	3380
26	18	18290828059	595935410	26	3181
26	26	17221571854	909449787	26	2174
26	23	20093462868	864387303	26	3079
26	26	13711550512	752542552	26	3538
26	26	19001033462	1088616746	26	5291
26	25	23199583106	1133722367	26	3540
26	26	32802263566	682578333	26	3913
26	26	24547803059	1400804004	26	4240
26	26	18069995680	1139814015	26	3920
26	26	15691315143	741623628	26	6088
26	26	12074400113	1092195109	26	2524
26	24	23499103105	524696878	26	3383
26	16	15363538841	1306893005	26	2147
26	25	26254416061	597438647	26	4426
26	19	18649001119	1022930975	26	3235
26	18	16801003183	581725467	26	2335
26	24	26303559822	861108003	26	3215
26	26	26879679952	1249704809	26	4108
26	14	19904491608	865558024	26	2625
26	16	17877051570	649425990	26	2591
26	21	27442043360	874542476	26	4487
26	26	20078878897	1028305764	26	3691
26	24	28095448285	714602140	26	3873
26	25	22887607067	1225083817	26	3290
26	26	19634438947	869969195	26	1807
26	22	14694380273	1133944704	26	1162
26	19	17522062122	1449989954	26	3255
26	26	21975230502	856383883	26	4765
26	23	36424695291	709140165	26	3372
26	24	31163834065	1686998655	26	3365
26	26	21842071289	911568073	26	4932
26	23	30141812634	491348079	26	4823
26	25	29377787728	863594469	26	4837
26	12	12113613049	1180617029	26	693
26	16	12538705429	793576011	26	691
26	26	18257858661	713814159	26	2207
26	22	25819769488	1183587037	26	3825
26	26	20042834520	1081147419	26	4094
26	26	16449176623	445358151	26	3253
26	17	19656850768	1463181753	26	3542
26	20	21644442733	703609406	26	3450
26	22	20294913120	910623280	26	3140
26	26	26592491880	1143671867	26	6073
26	19	17753455087	747977803	26	2698
26	17	11952223462	1242706070	26	1499
26	26	24455302120	916971397	26	4859
26	26	24735163718	1189341717	26	2808
26	18	17495418954	1026941652	26	4146
26	21	24698548852	857492032	26	3474
26	26	20014677340	812518674	26	4184
26	26	30544205237	934121823	26	5965
26	17	17527478618	909685687	26	3656
26	26	16014745436	921649972	26	3121
26	25	20900540575	1290733053	26	4077
26	26	14216143049	1082588747	26	4810
26	26	13080628344	645684993	26	5244
26	26	18851308711	1021145936	26	4570
26	24	24562571666	1031638797	26	3407
26	26	22197257202	1134960169	26	4626
26	16	17644301318	822781319	26	1487
26	25	21368480355	912028307	26	3146
26	25	23513419161	1308904069	26	2456
26	26	27944994889	598813899	26	3455
26	16	15878922411	1381803690	26	3252
26	26	21231609633	1017476096	26	4503
26	26	24396383164	697858376	26	3951
26	22	27344591299	914260121	26	3736
26	26	23509723090	1234141215	26	3039
26	25	32979724712	1122739523	26	3870
26	26	25453053255	1084373206	26	4524
26	26	26330241957	484773188	26	4698
26	24	11414465974	1093615157	26	2676
26	19	20673328766	1195744005	26	5626
26	13	23264718902	326437884	26	2398
26	26	20084740871	1084703507	26	6041
26	26	17161646403	928107195	26	4259
26	26	24150161354	973290645	26	3231
26	25	25809967522	432955416	26	3064
26	26	15203270752	592666995	26	3342
26	20	20325053134	1072716560	26	2303
26	20	20652876129	972161765	26	1124
26	21	19106406544	580830693	26	2506
26	23	26386025410	908019817	26	4224
26	22	25615900381	1016488101	26	2556
26	26	19578279453	1076146436	26	5402
26	24	15655736953	915827551	26	1647
26	26	18042820873	1460379096	26	2700
26	26	22226586577	904738358	26	4826
26	23	24640781786	1178231641	26	2987
26	25	19113090041	643925610	26	2999
26	26	25923000686	813026750	26	4510
26	24	27690651494	1242163253	26	4624
26	26	16656128727	660877521	26	3591
26	20	14018876410	707786795	26	2498
26	23	28497801621	971769552	26	4254
26	24	14613582099	814538449	26	4479
26	23	22248904720	1090871323	26	3257
26	26	20453416584	922356100	26	4543
26	18	21202744197	1007557994	26	3382
26	26	19716646074	1630083073	26	5884
26	26	22419775244	1416006316	26	4428
26	24	19681854344	1081657241	26	3797
26	23	26777695369	536273900	26	1890
26	26	21756195579	1236312923	26	1869
26	26	27017548697	1028861800	26	3721
26	23	25491457934	1174692729	26	4544
26	23	13865687497	801922620	26	2498
26	22	26332134634	1126720195	26	3098
26	23	19022851223	1401196795	26	1893
26	19	24062896736	379949524	26	1936
26	24	17565369413	920627269	26	4703
26	26	21299687187	1152331364	26	4209
26	25	17709993885	1235164641	26	2783
26	26	21560496082	1009086699	26	4807
26	26	16081202619	647029165	26	4457
26	26	19217192788	983148257	26	5361
26	25	27191467630	1404033271	26	3745
26	24	36489376695	1202563627	26	4233
26	26	20032783701	1085901425	26	5304
26	26	20248536239	1076282097	26	5153
26	26	21701386235	1457585002	26	3723
26	16	22045288900	1225243430	26	3241
26	25	26161165967	967322265	26	3211
26	26	14503092483	748118410	26	6481
26	22	29548771004	1403100043	26	3392
26	22	28170357363	485560007	26	2627
26	26	21563509380	1018012586	26	4216
26	26	21965283721	857988782	26	5234
26	25	33292987092	871926758	26	4207
26	24	20651492549	924133203	26	5348
26	26	17725108857	1258678879	26	2769
26	22	15140093099	808345425	26	3341
26	23	21697597828	1218480026	26	2893
26	17	14152725532	865752110	26	2867
26	26	17567403450	1450172683	26	3883
26	26	23368665428	1346175487	26	4050
26	26	17263576597	539212061	26	5381
26	19	24425069786	690357972	26	3696
26	23	19890771813	1032506911	26	3784
26	25	22422986686	756887139	26	3867
26	26	24550666317	271101446	26	5147
26	26	23263438277	962873660	26	4287
26	26	20485011275	963235500	26	5532
26	18	14175098857	1076747709	26	4141
26	24	35444751433	1124835654	26	4607
26	26	15759012664	1243593743	26	4240
26	23	19444893975	480637866	26	4050
26	21	24749121452	1304258267	26	2741
26	13	10961808990	1082484240	26	3018
26	26	18144299558	1065200181	26	3498
26	26	27026630170	627913463	26	4949
26	26	15760075568	656164849	26	4428
26	26	20661864060	654148880	26	4340
26	26	15919956353	1071811927	26	4512
26	22	21393665759	1346699266	26	3390
26	26	26785032396	750221097	26	4834
26	18	19382374812	1071328441	26	3097
26	26	30657544308	975553002	26	4913
26	26	13213403413	903241845	26	4027
26	25	25007738081	1179205409	26	4354
26	26	15442773044	960845547	26	4340
26	26	22345293314	1079261192	26	5471
26	24	28261107572	976781517	26	4810
26	26	24720422777	1017667261	26	5757
26	26	13247854380	762747726	26	6919
26	15	13306652882	982453851	26	1874
26	19	22663874994	882398516	26	1789
26	23	17566728143	1455401948	26	2703
26	26	24746471624	1349884110	26	3271
26	18	29687786768	868629849	26	3793
26	16	23110308275	1247748295	26	3145
26	20	21004434851	1141551806	26	2565
26	21	26796318757	1178053026	26	2967
26	16	13741183077	1016096522	26	3074
26	26	18455586759	856804313	26	5383
26	25	13430362910	1230535616	26	2516
26	26	18590005628	426810072	26	1431
26	26	15991415919	645478757	26	3726
26	19	29978048941	1030977425	26	3404
26	25	32899841284	1121569408	26	4779
26	26	21435721808	974850246	26	4510
26	26	18685155757	969291982	26	2807
26	20	13457398719	1012755559	26	1459
26	26	17942279904	1070701922	26	3450
26	25	13770799594	750496886	26	4233
26	22	25546203419	650769366	26	4255
26	25	24552339665	972651056	26	5575
26	25	16729115542	1011473906	26	3659
26	26	24763579102	1352098140	26	6023
26	22	26708131190	437385098	26	4544
26	26	27236712467	1353462799	26	4080
26	24	21696906868	758386325	26	3683
26	23	21285970355	269598761	26	3283
26	22	28977983646	913046910	26	2702
26	17	22044895205	824499120	26	2685
26	22	11378708562	1133814878	26	3332
26	19	20832960226	959210431	26	2488
26	26	21056559391	796580782	26	4786
26	25	15776166724	1071821716	26	2907
26	23	20495651035	801133548	26	3847
26	18	13221153139	1368552631	26	1512
26	26	37535637961	754175360	26	4804
26	26	32740650546	430726188	26	3046
26	24	25974007434	1198020651	26	2086
26	24	26551856931	1129598468	26	3229
26	24	18857744923	1012487533	26	3211
26	17	17401048738	1234655035	26	1349
26	26	27245062551	1347642076	26	3563
26	21	18989337908	1453545623	26	3014
26	24	20871582886	873117900	26	2189
26	18	22604713711	1195008246	26	3086
26	18	19189674562	755822832	26	3206
26	26	16264842396	1017681196	26	5057
26	25	25363488269	650982129	26	5463
26	14	23572609637	1140577944	26	2652
26	24	19211394112	1409348417	26	3782
26	25	29570075823	1241204486	26	3802
26	26	17951300678	914494675	26	4083
26	19	15016345855	1020074858	26	2502
26	26	11549562098	764390096	26	4684
26	26	16906592820	857867097	26	4351
26	24	16671099010	1084706381	26	3955
26	26	23542920717	1021010649	26	4012
26	26	18988142900	1041083732	26	4737
26	21	25805860377	1035100233	26	3235
26	21	15615989108	1017988313	26	1437
26	26	14938819717	1141604446	26	2389
26	24	19436419145	1183917137	26	4158
26	24	22579323966	700050223	26	2766
26	26	18730664368	1249717436	26	4140
26	6	8123759741	917416945	26	550
26	23	26088016721	987843580	26	2601
26	26	17016433970	582978140	26	4046
26	23	20363513474	872594291	26	3418
26	26	14500258617	383681977	26	3357
26	15	19560088948	1015888325	26	2993
26	26	17999804326	1025778240	26	6116
26	18	24167970266	805526921	26	2937
26	22	22226320955	650138460	26	3270
26	25	21451763356	539441061	26	3405
26	19	26413423654	864039131	26	3938
26	24	26854994397	976600318	26	3615
26	25	22893592065	862241795	26	3734
26	26	18582106329	1024901836	26	4311
26	26	19542025659	811570609	26	4807
26	26	18396015125	867049278	26	3863
26	25	40289020675	691011119	26	5184
26	26	19874020589	1244661455	26	2412
26	26	23049632148	1137034141	26	3649
26	15	15530974105	759285667	26	2026
26	23	13376325488	807749243	26	2282
26	13	17634989235	529766203	26	3617
26	26	28102724831	1198962105	26	4000
26	13	17545495370	1032239044	26	2625
26	26	28726967573	919007991	26	4687
26	26	25316305926	1354292197	26	3932
26	22	18867255962	701423222	26	4508
26	16	14456338787	816767826	26	2214
26	25	23547049632	1082637837	26	3183
26	24	40637532470	1073322920	26	4005
26	26	26059358429	1182038636	26	2184
26	24	23812744534	1284941050	26	3718
26	23	20219419016	1135539664	26	3192
26	22	16846476845	751975171	26	2201
26	15	12089082428	1024910746	26	1884
26	26	18523159578	607489428	26	4485
26	22	34372661706	1176631229	26	3916
26	26	18533750713	1032154180	26	5012
26	25	23019798858	1501187578	26	3949
26	25	26008079415	1142292833	26	3497
26	19	24936102330	810131251	26	2997
26	25	23919484072	1086037258	26	3923
26	23	20418285278	1227133124	26	3934
26	26	31361702634	873356333	26	4806
26	23	20951974939	1078708558	26	1999
26	25	20693906548	974607806	26	5040
26	26	22084642713	920236458	26	3531
26	22	33055273297	748698214	26	4141
26	24	25399223932	543951215	26	4561
26	23	23786804587	646983007	26	3113
26	26	21213237953	1081573691	26	3743
26	26	12852734426	1128729379	26	2172
26	26	30156379729	806086345	26	5498
26	26	19882007445	1282057467	26	5137
26	25	26794934236	963270277	26	4705
26	23	15029995527	684155661	26	1741
26	23	17349982226	1028323855	26	2960
26	26	20554925012	747824491	26	6093
26	19	22152319157	808924852	26	2413
26	26	27993717319	593014451	26	4582
26	24	16385500810	817498117	26	5045
26	26	14283262877	1079056600	26	4788
26	26	26092382903	921365600	26	4573
26	26	19263205716	697489902	26	4425
26	21	18493658590	1017937249	26	1061
26	26	15708895798	919338345	26	5069
26	24	17563411476	858191681	26	4220
26	23	10852603099	774706083	26	3287
26	26	21092757110	593620000	26	5447
26	26	15759526358	1392930162	26	3353
26	26	21176555886	217056477	26	2214
26	21	23423006470	1519477825	26	2075
26	26	25933562418	1124454596	26	4921
26	26	26649372500	817981329	26	4484
26	26	20589729516	1102599113	26	3493
26	17	23689466585	1095452718	25	3110
26	26	23926582469	1120929198	26	4012
26	24	21662613742	1147579308	26	2256
26	26	30985825183	965615344	26	4025
26	26	22563991772	542242462	26	5874
26	26	18722809990	328021533	26	2221
26	26	21890403129	1033994079	26	4708
26	25	18543438387	1132299320	26	3410
26	26	17510905936	651211455	26	4198
26	26	25136514922	652045330	26	4546
26	21	25495378343	906508780	26	3371
26	26	19457734336	474887524	26	3264
26	26	13623169280	865973253	26	5632
26	26	18296663224	683310962	26	2206
26	26	22310386841	1350792959	26	3211
26	26	13377752936	700383550	26	1880
26	26	17706636942	876554209	26	4100
26	26	28117956886	1243384398	26	4962
26	24	26989558136	1029695489	26	3454
26	19	16989438253	584817936	26	3506
26	26	23808405649	1289625985	26	4739
26	26	26024304661	762790882	26	4983
26	26	23363057894	974196233	26	3430
26	23	29454828734	1020304274	26	3405
26	23	15665248988	912714322	26	1775
26	22	14641030325	545085306	26	3900
26	26	26383682084	745135118	26	4308
26	23	28032106650	918883503	26	3059
26	26	15898388077	1225861561	26	5653
26	26	26821917524	968014830	26	4269
26	26	17736886189	752126550	26	5175
26	22	12400887305	1238813503	26	2480
26	24	16597339213	1358333395	26	2532
26	24	23791151934	744001636	26	3782
26	26	31880188801	1029852710	26	4047
26	26	30987539233	530466992	26	4159
26	23	25780132460	968916557	26	4795
26	26	22029711524	1446133633	26	3674
26	26	21301666122	640825056	26	5101
26	26	25045046868	1144142234	26	4723
26	26	23638548857	910910372	26	4423
26	26	20729533965	1023101929	26	5767
26	25	18007841418	929747049	26	3227
26	26	34702464182	530031420	26	5053
26	26	19505210979	1512830394	26	4612
26	25	20738029983	1190421419	26	3084
26	20	22497661047	802362701	26	1892
26	26	20801405692	1183081326	26	5240
26	26	12932130699	1124269258	26	3184
26	19	17033944604	1337310561	26	1062
26	26	24141908389	1307629932	26	5292
26	26	21660736143	486386437	26	3685
26	25	24053388234	1399613909	26	4206
26	25	34184485122	660701941	26	5002
26	26	19469827717	1072358883	26	4351
26	26	23088475442	1120122392	26	4854
26	24	16924831010	532506711	26	3438
26	25	24626152811	757996175	26	4030
26	26	18856762061	1288730312	26	4379
26	26	24854299477	1035184012	26	4549
26	18	18769333297	1129381000	26	2934
26	14	13274569241	811570977	26	3339
26	24	26001328915	1516260780	26	3933
26	23	30324619819	970309660	26	4467
26	24	26625575240	1033870511	26	4062
26	26	22776157197	1177242339	26	5081
26	23	20392344814	862967086	26	2722
26	24	35448432291	811564998	26	4011
26	26	20440351179	1200276358	26	2061
26	24	19720078223	647307173	26	4838
26	26	21828990485	1341259964	26	3763
26	26	21048830347	1358418896	26	4403
26	21	18744423850	1685618244	26	3685
26	26	16984077332	1028566838	26	4260
26	26	22091851592	697004122	26	5468
26	24	29588409432	863469132	26	3527
26	16	18899461391	425921290	26	804
26	24	23301511514	536034606	26	4903
26	20	27848440649	811886776	26	3148
26	26	25405465368	930790652	26	5881
26	26	15705671299	1085123089	26	5390
26	22	13406655647	879525987	26	3169
26	23	25693865446	1195817474	26	3603
26	23	20986246093	806142590	26	4250
26	21	22610699112	805647116	26	3667
26	26	21748824601	974484585	26	3814
26	25	17309745708	1352028311	26	3892
26	26	16761148295	756665833	26	4831
26	26	23721262905	813021890	26	4881
26	26	16724479899	859903495	26	5614
26	26	25428534333	965428385	26	4676
26	25	33948010935	1354354780	26	5237
26	22	23019243570	971022729	26	2411
26	23	13239527058	327268333	26	1838
26	26	34237499070	916827593	26	4708
26	19	20606999406	1242466229	26	1762
26	24	22643529551	1298888853	26	3619
26	22	20768528071	1002217145	26	1954
26	24	25703048083	1189892890	26	4371
26	26	23259848100	743044374	26	5976
26	26	27724586806	915018326	26	4312
26	19	23100611501	857204613	26	2809
26	26	21619381158	1034592688	26	4387
26	26	18004551318	976375044	26	4265
26	9	12017925946	655640384	26	1916
26	24	25702922085	711853252	26	3749
26	26	21653987690	1082943130	26	5154
26	23	26922226707	1201728412	26	3681
26	26	17381637616	969847742	26	1759
26	23	12979863165	922825277	26	1593
26	21	17210273386	1483610840	26	1183
26	24	21674949823	910306783	26	5666
26	24	19421633239	697160301	26	3113
26	21	28723090022	642404567	26	3326
