24	24	10768439161	1033631110	24	1323
24	15	7608983442	1189552299	24	1111
24	23	9421637926	1128813741	24	1427
24	20	11610290345	1362571871	24	837
24	21	16459943808	916701871	24	1855
24	19	10210962180	1194710866	24	1077
24	24	11286364202	744662096	24	2705
24	18	7561882894	1350456831	24	1134
24	24	12380551477	1121951779	24	1705
24	20	10903926283	1477696915	24	1416
24	20	12314458915	1412418152	24	1148
24	24	9776456149	1187104258	24	1394
24	12	8267944016	1342855870	24	558
24	22	8811013649	1395611305	24	1528
24	24	9688738342	1251509811	24	1708
24	22	9843891626	1200476160	24	1409
24	23	11188287792	935066450	24	1573
24	24	8863721602	1185457547	24	1927
24	24	7324318604	1294048138	24	1531
24	21	10972455759	1315496730	24	1361
24	22	7587528297	1397135535	24	899
24	21	11651079308	1387616724	24	1357
24	24	11938465369	1237057003	24	1638
24	16	7585192442	1497630366	24	623
24	17	12356462185	1238109183	24	1209
24	24	9969746679	1302123413	24	1426
24	23	10659429763	1354648020	24	1459
24	18	10224438105	1148383201	24	985
24	24	10223881680	1243480676	24	1271
24	24	10920092583	1086253758	24	1810
24	15	8653053825	1242106163	24	1267
24	24	14208342189	1015160933	24	1923
24	24	7776162093	969985528	24	1730
24	24	10391072929	961813392	24	1616
24	24	8931738715	1022450421	24	2099
24	19	13452132424	1132343690	24	1558
24	18	10182935819	1294451435	24	788
24	12	12244164078	1290005797	24	658
24	18	13377182454	1182074914	24	1247
24	21	10333124236	1193074550	24	1459
24	21	10535288573	1080611399	24	1873
24	23	11082035784	1397533310	24	955
24	15	13922030684	1183965691	24	651
24	15	11226380926	1469745909	24	953
24	21	9809553279	1777773752	24	997
24	20	15423247937	1013026645	24	1300
24	23	13354459200	1083934518	24	1462
24	24	8930834815	1191345974	24	1406
24	24	10796063468	916687900	24	2045
24	19	10560553221	1132365638	24	921
24	18	9847424910	1187825881	24	638
24	21	12496417568	1336853026	24	1131
24	18	13344702727	1333697078	24	605
24	24	7595509622	860363225	24	1659
24	24	8901294743	1133440538	24	1699
24	18	11672176752	1243690506	24	1073
24	18	17296873676	1239237350	24	1203
24	24	12740714134	984333660	24	2161
24	18	12639039544	914526737	24	1218
24	22	10713061978	1087477987	24	1721
24	20	9765862879	1236847713	24	1284
24	24	10323438475	1030481593	24	1875
24	16	9519854648	1616380290	24	532
24	24	9956579378	910856170	24	2222
24	11	8458695900	1474906967	24	929
24	19	11517680482	1465653555	24	760
24	24	12637414159	1076983161	24	956
24	13	12433450004	969735807	24	937
24	23	12526534233	1146461655	24	1435
24	21	12914080194	1250262336	24	1513
24	23	11500012293	1353778152	24	1348
24	20	11915064182	1392096627	24	1103
24	19	13089465230	1061099012	24	1174
24	22	11397960438	1303494581	24	1577
24	13	10669511540	1252713663	24	1305
24	22	9204457895	1297373649	24	1167
24	19	8267773407	1188323260	24	873
24	24	11107301027	865942448	24	1790
24	24	8385398615	1283638688	24	1608
24	24	12467115019	1336383992	24	1487
24	22	12288823184	966828936	24	1523
24	18	15172091771	1131333073	24	942
24	24	7999453320	920149969	24	1482
24	24	10531806887	1015848448	24	1902
24	13	13038471910	1283361311	24	674
24	24	12384883316	916171783	24	1323
24	19	16422575022	793888970	24	1652
24	24	11293863806	1069619697	24	1733
24	19	10418798552	1665138116	24	700
24	11	10055307343	1192809698	24	661
24	24	12787462747	1506116627	24	1237
24	18	14271108683	1289738890	24	1321
24	24	8653584592	866744313	24	1453
24	20	13607110028	1173922991	24	1234
24	16	11631507253	1229870417	24	794
24	18	8840763035	1635532392	24	604
24	24	12712150955	1130652154	24	1288
24	23	7927172464	1390703420	24	814
24	24	9559956533	983682691	24	1660
24	22	12011124275	1459682178	24	1242
