31	27	15750577093	1472502571	31	4386
31	11	11385574006	807179948	31	2335
31	31	10658644022	755878605	31	4952
31	27	11988836860	1076500169	31	4141
31	31	11931014333	810682284	31	5799
31	24	13790337221	918708041	31	4706
31	31	8621465443	1403105927	31	4904
31	30	13508247080	1198416489	31	4491
31	16	13275493677	419513860	31	3238
31	31	11418383994	850499161	31	5197
31	24	10588408329	965997646	31	3757
31	29	13464730808	320308989	31	5133
31	26	13081782372	1182326389	31	3786
31	27	11784109373	878164961	31	5173
31	18	9116256286	807802305	31	3006
31	30	14700408371	1231882959	31	4485
31	25	10525566837	1191436250	31	4147
31	21	12561035200	978392116	31	2688
31	31	10870125610	655581583	31	6803
31	31	11712813416	1401555416	31	5014
31	31	15301408264	1222103955	31	5108
31	18	11597032475	932305189	31	2557
31	18	14312196698	587839845	31	3094
31	31	11992647910	691170388	31	4604
31	19	14850315055	1227471693	31	3913
31	26	13221668239	922977746	31	3391
31	26	14658776890	1132247008	31	2896
31	25	12582239866	1350273278	31	2812
31	29	8768341176	1126442923	31	4166
31	31	12012124309	984070692	31	5872
31	31	12210987305	981607803	31	4915
31	25	13113416016	1186320821	31	6222
31	20	14796020869	1087692507	31	3681
31	16	13689230610	1131526440	31	3081
31	13	9887957717	650774649	31	1959
31	28	13436183040	964705547	31	4357
31	27	11159285257	1226155050	31	5174
31	13	7791330810	806077853	31	2739
31	27	15490707931	815441169	31	5115
31	31	14294734307	918401238	31	5911
31	30	19475394463	1184354590	31	5140
31	25	10428105193	1184716052	31	2416
31	28	15380203773	1046338726	31	4795
31	31	13745222923	968535064	31	5467
31	26	15383742811	749131406	31	5279
31	14	12317601204	1142402046	31	2383
31	23	13115579123	321632169	31	3181
31	29	16496143918	432158177	31	5441
31	29	17984022311	1080447279	31	4772
31	23	11054800787	756436324	31	2234
31	23	16741481205	822735651	31	2989
31	20	9213595000	926333269	31	1939
31	30	13098340491	706581381	31	5243
31	30	15403942532	1238576510	31	5916
31	29	14663726983	1335016513	31	3805
31	31	12085389616	684668206	31	5924
31	30	17298012186	1723127901	31	4756
31	15	12024425432	545433447	31	2840
31	28	11981806603	1182084021	31	3953
31	28	15580498648	978310088	31	4415
31	26	14029524240	1282813552	31	3151
31	19	11202623617	546010952	31	3486
31	24	19299621279	869856421	31	4733
31	31	11506628217	973366499	31	5656
31	30	13118242138	1231859797	31	4744
31	28	10494141534	916310202	31	4874
31	30	12602422209	582300965	31	4532
31	27	10426556518	1242846210	31	3656
31	26	14386419818	1235004521	31	4707
31	20	9721199453	801737237	31	3816
31	30	13480493886	968935285	31	4573
31	28	13543023819	1342401831	31	3713
31	27	13583306361	866424329	31	4293
31	26	8433318066	915555501	31	4015
31	31	14708795245	1186647226	31	6493
31	19	12380871495	916356414	31	3062
31	16	11834316718	1202888353	31	2034
31	14	13580759983	753320546	31	2833
31	25	11743293304	1075911502	31	4000
31	31	18075362548	1183580090	31	4912
31	11	13336652359	1340726190	31	2202
31	28	15633467217	1288961315	31	4497
31	26	12564473798	748355585	31	4734
31	27	14433888923	909919987	31	4200
31	28	10495411257	582448863	31	4602
31	24	21447479011	1306642030	31	4820
31	17	10877963346	1514687385	31	2787
31	22	13803649538	1010999646	31	3400
31	28	10959105458	1083768346	31	4008
31	29	13178047689	1233801628	31	4869
31	26	13777628881	1073137910	31	3755
31	31	12525407814	1225198024	31	4659
31	29	11671179943	1298784875	31	4541
31	20	13970109549	537072544	31	3460
31	31	12797010083	1290914357	31	4749
31	12	9527294577	1080752532	31	2467
31	20	12598558535	1076837096	31	3028
31	19	10924987076	1029011191	31	4441
31	25	13075549705	854122529	31	3482
31	31	13373253033	855213101	31	6985
31	29	14642356472	1392802360	31	4375
31	17	12975678256	921783300	31	2872
31	15	9788958422	811372616	31	3995
31	27	13064111198	970428507	31	4266
31	24	10898929982	800996654	31	4491
31	22	11355134672	713387576	31	3584
31	26	14367004036	974617361	31	5791
31	21	14978624947	930672589	31	2241
31	28	10420899423	1028881867	31	4825
31	28	11892261692	1289046820	31	4913
31	31	9201053910	1140657448	31	5959
31	31	11182203594	1081146417	31	4541
31	25	12034293824	750551316	31	3841
31	29	10258374007	1278162822	31	5071
31	28	10388775052	1248154705	31	4263
31	24	12400169334	977994515	31	3722
31	10	9964212004	813246324	31	2436
31	27	12475212943	867978923	31	3216
31	24	13737772112	1352860117	31	3033
31	25	11866154665	925214536	31	4584
31	28	11519240751	534814868	31	5679
31	31	20499344704	969949831	31	5877
31	28	11865956150	1036850178	31	3997
31	24	14203479636	1082119484	31	4246
31	26	9938329025	1131210527	31	4380
31	31	12582048193	1029875435	31	5167
31	20	11257759789	874672510	31	3083
31	18	10888825394	916614071	31	2548
31	24	12778286983	759873732	31	3228
31	31	11324306396	535958343	31	6712
31	31	13184051554	1124571560	31	3991
31	18	16379129170	802762384	31	3244
31	23	9383082607	1080487950	31	3854
31	31	10320142163	1235153406	31	5484
31	24	10665176005	1205521272	31	3777
31	23	17595159665	531802306	31	4242
31	31	11759781060	1235120151	31	6225
31	24	12754784099	1025092074	31	5031
31	21	17128313856	651836041	31	3152
31	31	11827757410	911457793	31	4601
31	29	11615422864	549394010	31	4289
31	26	11922143776	1022980021	31	4396
31	27	12146767753	925408711	31	4593
31	31	14749000681	1079174956	31	6813
31	22	15467015629	795495144	31	3786
31	15	13353170308	811884615	31	2473
31	29	10354583810	818399615	31	5432
31	21	12212423769	592259113	31	3561
31	29	12814140398	1178511513	31	4047
31	23	12966128724	917329474	31	4329
31	30	13058674391	426497611	31	4833
31	31	12088397461	1360493666	31	4833
31	26	16158853399	1035184965	31	2961
31	29	13720567612	1195826120	31	4145
31	21	12947666955	381492626	31	3673
31	29	11348769058	1412872852	31	3600
31	31	14829652096	974254580	31	7188
31	31	10495114665	1033543748	31	5258
31	30	17033351636	535016120	31	4692
31	30	10912906583	700308554	31	5632
31	31	13752071310	1067134260	31	5355
31	18	9777690474	1188625354	31	2350
31	14	6593953734	437970777	31	2729
31	22	12442294596	1142368162	31	3519
31	28	13792959854	916112047	31	4393
31	24	12698018411	1244644129	31	3140
31	20	14932703675	593511697	31	2714
31	27	15900224478	1183136126	31	5739
31	29	12685313247	1402969196	31	5229
31	31	9280971695	750822972	31	4272
31	31	8904417623	929389056	31	7019
31	31	10889226387	859622124	31	6087
31	27	14868611400	945844038	31	4141
31	21	12269791614	696915368	31	3880
31	21	14297994812	651747371	31	3747
31	22	17490676512	921815780	31	3443
31	31	13888929581	850353538	31	5815
31	29	11341849119	872598633	31	5009
31	20	15402087553	475064057	31	2805
31	26	10869754076	1250548576	31	4444
31	23	15525418236	971724285	31	3996
31	31	8895199668	1126190680	31	4804
31	21	16169249310	1019235805	31	2995
31	19	13187502661	1176777523	31	3011
31	27	11079365219	912090738	31	5825
31	20	12827977509	659972040	31	3624
31	31	12611602102	481890966	31	4433
31	18	13870256368	1075743078	31	2595
31	22	10612345535	1071943862	31	2900
31	27	13518855386	634795156	31	4452
31	13	11864101887	1332859600	31	2224
31	22	15955507827	596218305	31	4488
31	31	11669700796	955973774	31	4945
31	27	11918608255	810902798	31	5370
31	30	12711378408	1357674742	31	4264
31	21	10605985184	1119576095	31	3964
31	31	11066753997	1028638289	31	6781
31	27	13445444591	1031778270	31	6865
31	31	12521815107	1079438620	31	5120
31	31	8857257380	910694824	31	6623
31	26	13883791299	485828671	31	4622
31	30	13092998447	853899002	31	4438
31	30	11433357598	983856512	31	4893
31	29	13096797735	1436122048	31	4030
31	31	12363497318	811150829	31	6242
31	24	12426873280	1019903834	31	4054
31	31	13449119549	1392673684	31	3778
31	20	11926748256	1247074612	31	2773
31	20	12415387142	1239453825	31	3818
31	27	12987209181	1245000556	31	4131
31	29	11871178200	965033571	31	4002
31	31	10581055323	1123786999	31	6932
31	21	10383868214	759257577	31	4705
31	30	9333044007	763420869	31	6136
31	20	10879152012	1188037451	31	2501
31	31	12531957392	985777592	31	4769
31	24	13042932338	896119755	31	2600
31	22	14252943444	1076866500	31	4514
31	29	12725204914	1083736204	31	5220
31	31	13823851275	1575146665	31	3959
31	24	17415845549	1235816548	31	2957
31	31	13095527573	1040402619	31	4369
31	18	13496276619	434976300	31	2951
31	31	9201273733	1022540936	31	5957
31	31	12350087966	1450033309	31	6024
31	28	10797950116	1141779900	31	5743
31	31	7485671371	815680401	31	5748
31	13	12044855376	543296467	31	2672
31	29	15236990944	933143487	31	4806
31	26	9607164939	965356780	31	4672
31	30	14041913638	975348871	31	4661
31	26	15402040997	1178719489	31	5412
31	23	12384402451	882519265	31	3642
31	17	11310114033	1025936082	31	2451
31	31	11583206511	1136087983	31	5720
31	28	13111242399	646282032	31	4026
31	25	13971197838	1283562361	31	3033
31	2	1516515213	378691635	31	550
31	22	11940868826	748419484	31	4599
31	26	13570477901	591487125	31	5279
31	26	13779566812	1135767623	31	4730
31	15	11761383288	600733091	31	2699
31	23	12496005771	825588499	31	4162
31	9	11445664324	636046762	31	1355
31	31	10497751053	826971736	31	7038
31	26	9942644238	1189760170	31	3882
31	23	11709177953	747161217	31	3851
31	19	13226930686	753201986	31	3251
31	24	11939056931	159999716	31	3866
31	30	14957757112	925880627	31	3950
31	23	13625960595	1182800298	31	3106
31	29	16605164202	856790944	31	4630
31	22	15920948192	915062010	31	3050
31	30	17209072306	538865793	31	5176
31	23	12765380180	817814201	31	3958
31	26	16264152924	1193921371	31	3189
31	31	13360957762	1277583849	31	5026
31	22	10148366606	1247745419	31	3695
31	31	15417139183	1199652508	31	4827
31	25	14300340920	758666849	31	3620
31	27	14806015610	797721221	31	5212
31	26	9626470444	1405010960	31	4215
31	28	18357139373	910214767	31	4720
31	29	10802716514	901494624	31	4939
31	28	10017303639	1302064083	31	4667
31	29	14973179913	1366552650	31	4875
31	31	13532899309	966735448	31	4436
31	20	14699551236	761878132	31	3466
31	27	10372851729	1032056860	31	4397
31	17	14177765217	869124559	31	2610
31	31	12080690017	1134540503	31	4541
31	14	13500503223	926516396	31	2201
31	28	14361451530	1242540282	31	4564
31	22	13543823303	757036284	31	2647
31	19	14970297826	768497400	31	3886
31	14	8462692171	542814547	31	2547
31	29	12457104080	1296292146	31	5150
31	31	10949871681	873972478	31	5202
31	27	9307480409	748444830	31	3867
31	31	8493254536	869602829	31	5114
31	31	11156805362	1244719916	31	4155
31	31	14462242454	1233785601	31	4936
31	13	11106132568	968566002	31	2471
31	28	14812597208	1245685201	31	3979
31	29	11569423701	1066465947	31	4835
31	31	12486548750	1080529316	31	5857
31	23	14194689084	919961224	31	3250
31	23	13995567022	1524638478	31	3230
31	28	11689220352	1074933920	31	3301
31	23	10773152297	1082082028	31	3544
31	29	14280538259	1021488939	31	5651
31	19	10409514679	1099179219	31	3220
31	31	11735760768	1133718305	31	5670
31	29	11139280872	1116130520	31	4336
31	31	13398165389	908871042	31	4210
31	14	12097836316	808224348	31	2677
31	22	14377107660	1184761876	31	3052
31	31	10596964761	974402901	31	6364
31	29	14465402969	381402311	31	4324
31	26	13576169603	753191404	31	4647
31	31	11517560081	649762792	31	5576
31	31	12221571134	759595444	31	6457
31	24	14391611306	978451197	31	4265
31	31	13104472642	1310859004	31	5560
31	23	12181111885	1151806135	31	3388
31	30	14014001180	710026345	31	4878
31	31	9935922076	759148283	31	5684
31	26	15507170162	979820843	31	4539
31	17	12143516396	590269183	31	2224
31	20	9228646779	1294988773	31	4531
31	31	13338320134	807764949	31	5309
31	13	11914374831	322082660	31	1891
31	23	12070469702	919662106	31	2890
31	29	14083986655	1457382228	31	3776
31	11	13368955776	662100293	31	2269
31	28	11093197025	1337834713	31	5070
31	29	13366388065	809641744	31	5251
31	23	11661878271	322918015	31	2584
31	31	13913955352	1029593338	31	4877
31	30	14523160480	919734853	31	4377
31	26	17003951481	1127169160	31	4205
31	29	11640802781	1185078030	31	4344
31	30	11182170002	1407409816	31	4693
31	28	16746598966	1058127357	31	6078
31	10	12050551929	926030766	31	1836
31	30	14998161115	915689791	31	5430
31	31	12937803754	906350091	31	5495
31	22	12551392943	1113414640	31	4419
31	29	11166510531	810896617	31	5069
31	21	13529475817	989009756	31	3264
31	31	14607108441	819165029	31	5665
31	22	17095258856	1136196463	31	3770
31	31	11786565596	483984920	31	5753
31	26	12021853626	818237322	31	3927
31	23	15794553829	797233856	31	3723
31	27	12648473755	1253154891	31	4466
31	30	10870779698	578770088	31	3727
31	6	14138749151	1077928537	31	1784
31	31	9757208036	969449845	31	5430
31	31	9871022678	752880872	31	5156
31	30	10646706600	1141047869	31	4259
31	13	9980274829	979963078	31	2175
31	31	11155838766	809935142	31	5641
31	24	11319990304	934760118	31	4373
31	31	10103847181	1179762720	31	5660
31	29	13482862237	758887598	31	6142
31	31	14556606914	1299022411	31	6781
31	30	13080340604	589756395	31	5704
31	16	12312707787	1124077175	31	2412
31	24	15650203002	984859526	31	2854
31	29	13287509084	1073907481	31	3775
31	31	14367240566	978890554	31	5134
31	31	9714715064	797684771	31	5268
31	29	14563720468	815477824	31	5806
31	14	14986572929	987485936	31	2056
31	28	11070300174	1288613811	31	4413
31	22	11089785302	638870686	31	3450
31	31	14101927570	756837185	31	5729
31	31	18056247552	972431953	31	4853
31	27	15909539842	1183356323	31	3898
31	30	14002026906	880839347	31	4087
31	26	13461699561	603505669	31	3907
31	23	12503109403	1037200044	31	3867
31	25	13987662739	707956196	31	3487
31	30	10834600835	1079979699	31	5278
31	20	15061130612	1013363155	31	3247
31	26	16652095594	324211225	31	3770
31	27	13851236126	924354916	31	3562
31	18	14556705728	1018942558	31	2414
31	18	10994747071	698012853	31	2548
31	22	13728113143	1060677946	31	3384
31	24	9765512862	866109265	31	3945
31	18	10499744307	1120261486	31	2052
31	30	10288251063	769082923	31	3733
31	23	13069808076	980761090	31	4383
31	23	12961999520	534885788	31	2386
31	27	12772997771	1284130250	31	3724
31	21	11860897110	693255911	31	4386
31	26	12009347884	709078647	31	2862
31	31	9794982856	1512819392	31	4812
31	31	11595965207	1194142251	31	6111
31	28	9596752584	1087467446	31	4933
31	30	10681921674	590569335	31	5659
31	30	14323469102	1029795684	31	5167
31	19	16254822062	1231420770	31	3537
31	25	11534217848	969523259	31	4101
31	31	11134952731	1284545689	31	4972
31	19	12967632673	761030896	31	3823
31	31	10999773309	882243677	31	6667
31	31	8959461546	967937572	31	4765
31	31	17587353407	1039472771	31	4728
31	26	13900580013	643683341	31	4297
31	31	10131333364	1303240257	31	3285
31	28	12757929668	1137720218	31	4862
31	26	14359216339	703590654	31	5117
31	28	11938088652	925133090	31	4306
31	24	15320563638	1135808360	31	4804
31	31	12203513623	955997439	31	5819
31	23	12030292364	1284665079	31	5777
31	28	13698463375	969642444	31	4710
31	29	13163106790	749497982	31	4313
31	30	14656263580	596052579	31	4962
31	30	17629241957	811409296	31	5228
31	25	13071043674	810001338	31	3732
31	28	13464309457	1069011239	31	5093
31	23	10939740422	375600950	31	2877
31	16	15640871747	1081930354	31	2950
31	26	15057717969	1300409908	31	4135
31	31	12715392036	596234724	31	4219
31	27	14403069155	915657124	31	4094
31	30	12078156581	1264279070	31	5009
31	24	9248650912	1132102321	31	3822
31	27	18175132278	924159605	31	4622
31	26	16286922544	533145050	31	4066
31	28	15551728311	1299954015	31	4738
31	24	15175557608	1122716113	31	4040
31	16	13460213819	909718104	31	3109
31	31	10611513173	704422690	31	4441
31	20	14830246090	1028476593	31	3763
31	24	9460772058	646609999	31	4321
31	30	16735830011	982677726	31	5164
31	26	10318250771	1339783388	31	3140
31	29	12390474927	914297970	31	6048
31	25	8706005233	1123660433	31	3626
31	30	11108605658	1085555195	31	5466
31	26	16385599098	966439366	31	4470
31	31	13522177011	823467401	31	4705
31	25	11381002846	1239334899	31	5113
31	23	13127114926	1393108661	31	3754
31	27	11170615636	888667481	31	3663
31	28	10926158759	1247710973	31	4825
31	26	11261254416	822919340	31	4012
31	31	19128509889	1256580898	31	4251
31	27	11824909927	710336627	31	5166
31	26	18743136083	1304575481	31	4290
31	27	15559712886	1235025498	31	5126
31	30	12264349267	813465321	31	5826
31	22	15428265553	319178324	31	3498
31	21	17000935287	973944121	31	3126
31	31	8022287730	899966782	31	6054
31	29	11709178153	546274855	31	4448
31	24	13824441507	1416611401	31	3344
31	27	11356316893	1243441523	31	3280
31	31	12199242874	969325410	31	5454
31	18	11999398367	704557272	31	2848
31	17	16097842382	375464489	31	3300
31	31	11985666851	1071326849	31	5495
31	15	14845008724	919541391	31	2368
31	15	8865884139	864120359	31	2875
31	24	13296682479	765809588	31	2669
31	29	11278533990	926254660	31	4877
31	29	12893452875	1301660295	31	4082
31	29	13949307407	930450246	31	4758
31	29	13641937263	1409109248	31	3772
31	31	10382094452	376341092	31	4763
31	28	12386230980	1136354414	31	4977
31	22	8365744899	1372651042	31	2883
31	24	11511030363	906673893	31	3104
31	25	13510687417	537173201	31	4260
31	24	18423416380	1031477366	31	3375
31	21	8665900839	1015152140	31	4335
31	28	10876301934	799610915	31	4148
31	16	11059014033	754047231	31	2832
31	30	13206037985	806159268	31	5341
31	24	10125631386	599139279	31	4715
31	31	11758689231	648570889	31	5904
31	25	14172346958	909126520	31	2671
31	29	12803194575	381284143	31	5819
31	20	12589637970	1302423981	31	2602
31	28	12510294825	747650125	31	4577
31	28	10825301883	660237775	31	2643
31	21	13798952684	984610145	31	2624
31	28	11938664409	865989380	31	4494
31	31	11218847226	793946075	31	5698
31	25	12630675567	700223410	31	3691
31	27	17223362007	1268887063	31	5033
31	31	13637768634	1077401324	31	5229
31	26	10566787660	913827735	31	4150
31	24	17136044444	969878677	31	4650
31	7	8469489421	757638407	31	1476
31	20	11028987285	1022282789	31	3682
31	27	10835108266	973793743	31	4221
31	22	12593927891	578290732	31	3108
31	22	16397617848	704027163	31	4418
31	18	11514279898	1079232158	31	3175
31	22	13650644281	862422644	31	3246
31	31	13898486117	1244008307	31	4812
31	25	9922935181	810016662	31	4833
31	31	11505936782	1226523910	31	4909
31	27	11797308637	1355248470	31	3872
31	20	14253616725	592900028	31	4010
31	26	16560771456	643247480	31	4570
31	20	11347091453	702737151	31	3166
31	31	11805543772	764244690	31	5634
31	28	12771832353	852812662	31	5389
31	22	12599081874	856208410	31	3312
31	31	12389894015	644891475	31	4576
31	26	10790973392	695196740	31	5408
31	27	11061697253	1025272628	31	4853
31	27	12706290835	1010604413	31	4755
31	23	9990781806	1122782804	31	3221
31	27	13501347587	661738050	31	4391
31	28	12896479476	876444384	31	3513
31	25	14574890850	867813964	31	4408
31	29	13057185020	642927794	31	2937
31	27	9532017419	1138962345	31	3422
31	25	11545750354	861420840	31	4481
31	28	10090753750	1402490169	31	4650
31	30	13749739782	977904630	31	4398
31	22	11256835634	537971350	31	4267
31	31	13614923869	1134417122	31	6648
31	26	13567908319	928210266	31	3602
31	26	14254510403	878275079	31	4692
31	20	10038875752	969472625	31	2887
31	25	12408126269	1131465459	31	4092
31	18	13223571591	969958079	31	3324
31	17	13277994844	937771299	31	3051
31	17	11783658464	923522183	31	2282
31	17	13684888231	1028545694	31	2713
31	24	13820959876	1196893204	31	3722
31	30	15195314059	1200944889	31	4357
31	30	11891792773	1020084448	31	5756
31	21	11459426897	812189172	31	3230
31	18	14704823159	683082075	31	3163
31	17	15432804279	805785008	31	2566
31	20	12430215967	1145012414	31	3092
31	10	13498668622	823884722	31	2043
31	30	14873874650	755054165	31	4907
31	27	15252881893	1064418228	31	4225
31	24	10399685066	1453197378	31	3608
31	18	10945821981	864249142	31	2805
31	20	12125743526	580539217	31	4424
31	20	13189436897	1276700695	31	3095
31	15	10669632599	862471284	31	3507
31	23	9660581713	916853163	31	4472
31	27	10934042119	1080235239	31	3912
31	22	11078826317	1185529963	31	3302
31	23	13883537944	536223602	31	4209
31	26	15240954395	823241556	31	3365
31	25	15643711077	915670496	31	4352
31	22	10605714945	759324351	31	3629
31	31	14678875645	857830975	31	4898
31	19	16566196622	1193801101	31	3315
31	28	12190518733	699423976	31	3862
31	25	11947774217	1420165412	31	3274
31	20	15766530554	813461831	31	3168
31	31	11424444640	645103431	31	5162
31	16	10478293920	1243237833	31	2740
31	30	12251609042	1179031317	31	5084
31	23	10826451946	979615402	31	3920
31	27	13359299310	1230119179	31	3929
31	31	9390849912	748031133	31	6502
31	31	13182955143	595976786	31	5299
31	17	13237361314	963801995	31	3044
31	29	14092781438	755161309	31	4527
31	22	10395445810	597424031	31	2916
31	28	10723103843	707168506	31	4915
31	26	9228320208	923295297	31	5096
31	31	11360988752	980194743	31	4361
31	31	10469253833	702031704	31	5107
31	22	12151503096	1181213959	31	3642
31	20	14574306208	1022514917	31	2775
31	25	10300936873	1082457611	31	3333
31	30	15975923564	985664987	31	5288
31	29	13579504506	1075574715	31	5164
31	31	12928025371	577551606	31	5442
31	30	13585913413	875271878	31	5446
31	30	14860667750	864728678	31	5973
31	28	11830829707	965669469	31	4525
31	30	17896163280	871881536	31	3943
31	30	12114662793	1457944266	31	5181
31	29	10996838582	1354537584	31	4831
31	31	11144092562	871417904	31	5401
31	31	12431157011	1175631244	31	4598
31	7	3735057619	490044005	31	1690
31	26	12366203216	316078804	31	4491
31	31	15270302650	1225077727	31	4960
31	31	8742602596	644401152	31	6147
31	20	12812234389	799686921	31	3530
31	30	12844941781	855161344	31	3959
31	16	13635353716	816397029	31	2813
31	24	9169064680	1028632323	31	4103
31	17	12336951775	918210998	31	3057
31	31	12637407458	1020498757	31	5384
31	21	13008033367	642838656	31	3420
31	27	15337152424	596217004	31	4175
31	28	10077435778	871297190	31	5099
31	27	11768364375	1282019943	31	4067
31	31	14050131818	1178301906	31	4047
31	7	7528394781	602217134	31	951
31	21	16138064860	593393617	31	3355
31	24	16816451885	907427364	31	3946
31	26	15692807993	1236615948	31	4480
31	21	11604394898	1240389263	31	3298
31	20	20402799760	745458192	31	3098
31	31	14699757278	1186073302	31	5790
31	21	11866959077	1401888159	31	3719
31	18	16807440499	870736753	31	2794
31	29	19155330669	917747113	31	5573
31	21	12993082294	1074739542	31	3558
31	31	10963841578	1560731799	31	3853
31	31	11418329960	1140213972	31	5117
31	31	13404344708	815568957	31	4844
31	27	11502998239	432315763	31	4076
31	28	13397881754	902527737	31	4190
31	27	13817586956	1195239235	31	4925
31	31	10360559599	1448065003	31	3890
31	28	16292587329	432368553	31	5221
31	31	24122172853	526049616	31	5345
31	31	9861723357	978080051	31	5947
31	27	11950522758	1077867850	31	3081
31	22	13631768617	316094492	31	2964
31	31	12205523535	822667673	31	6552
31	29	20226015301	602557090	31	5041
31	30	16765006465	909551445	31	6061
31	29	13863465010	972122095	31	4683
31	22	8966484866	648864831	31	3909
31	25	11891578465	861933933	31	4293
31	26	13408443755	531719145	31	4054
31	27	12765592916	1253761349	31	5031
31	31	9392050727	1144632622	31	4999
31	22	11120482332	1236944102	31	3724
31	20	16874597617	642830787	31	3159
31	25	13047938281	944907862	31	3869
31	31	14136682939	833870726	31	5263
31	24	11830797558	655586348	31	3251
31	28	13480176281	805850314	31	3473
31	17	10310953863	916693313	31	3245
31	27	12677600486	1493276997	31	4623
31	28	11735840157	1014313357	31	4489
31	31	14178397587	1024403512	31	5521
31	25	13567809614	1139196207	31	3516
31	24	16803490548	1247858861	31	4180
31	31	9819686332	914294223	31	4538
31	31	11597892502	1085615380	31	5397
31	24	15053090510	924250304	31	4885
31	31	10195147471	479493503	31	6091
31	30	11676601324	925521336	31	4966
31	24	14847754157	428469608	31	3904
31	22	7966683980	976072875	31	3638
31	31	9181837279	1140529066	31	4109
31	29	12937818097	767506421	31	4774
31	23	13639210545	710848859	31	4893
31	20	8692942373	645502740	31	2954
31	28	12900251426	1016987733	31	4650
31	31	13444321796	1257037910	31	5348
31	19	11016486046	914338450	31	3377
31	31	10359728341	1077926506	31	3910
31	27	15482897633	805339490	31	3910
31	27	9680888027	1084583834	31	3642
31	27	9473499610	926221931	31	4723
31	29	17111282482	1232333985	31	5496
31	22	8929670805	702134842	31	2770
31	29	12638003903	914990879	31	5219
31	28	10447671683	1341819149	31	3545
31	24	13307574383	1191309016	31	4023
31	24	12445052093	920763844	31	3860
31	31	17667722054	646665371	31	5851
31	20	12843774528	1028000206	31	3003
31	25	14428344501	1241350686	31	3890
31	17	9920696698	909885487	31	2936
31	16	10309973252	926782754	31	2164
31	19	11661575345	1244925527	31	3571
31	31	12861240259	1230173590	31	5013
31	25	8978551665	1325490587	31	3395
31	27	18450975471	480830992	31	4444
31	28	11882668569	610170776	31	4557
31	29	17232429572	1024492104	31	4196
31	28	11224902175	484749572	31	5926
31	20	13122360388	493488679	31	2337
31	29	11731065769	862653022	31	4932
31	18	12838105206	1136950713	31	2522
31	31	7401499559	431265667	31	6149
31	27	13822684182	1302442031	31	3662
31	30	14915891099	1187136956	31	4100
31	24	13643048571	972009000	31	4546
31	30	13793124526	1022606621	31	5507
31	29	12419345365	1024873841	31	3799
31	31	10448967943	754643821	31	5522
31	31	13680837348	1337883808	31	4632
31	30	11359166505	806530928	31	4619
31	31	10798815278	1149997398	31	6385
31	28	13737873902	1235043272	31	3611
31	19	10699063037	541751279	31	2110
31	31	13651284970	1235829645	31	5069
31	21	12193957489	1454677490	31	3149
31	27	11947297794	1241179300	31	4780
31	31	9480213793	1187798339	31	6367
31	30	14175472436	801263155	31	5267
31	21	11069061647	1138839115	31	2634
31	21	13660474717	918469833	31	5158
31	17	11271845474	853678290	31	2569
31	31	15061604569	694041027	31	5701
31	25	15127920578	1129568376	31	4927
31	30	19560041009	850660533	31	5187
31	18	15640894503	643250875	31	3680
31	31	12401447168	690167888	31	5138
31	31	14749482547	1175665604	31	5130
31	31	12066474175	1084067050	31	6123
31	21	17291580114	925950848	31	3486
31	23	9522604886	1194588062	31	3419
31	31	18994833392	1195530332	31	4745
31	31	15313809476	1074789820	31	3564
31	9	11217615551	794455711	31	1974
31	24	10554696220	1382624016	31	3858
31	24	12481848980	1130070832	31	2703
31	31	11560974135	1447249453	31	4570
31	23	11774069283	739363487	31	4199
31	22	13597289890	971708592	31	3472
31	18	9933647047	1175303760	31	2172
31	29	13371113814	1143366559	31	4190
31	28	12490960258	1137582183	31	3728
31	25	9955873672	981027092	31	3170
31	15	10560511545	850860561	31	3387
31	22	15671853917	1202565614	31	3861
31	31	10429788407	686301359	31	5271
31	27	12434477746	808810705	31	4311
31	16	7892861018	810607930	31	3132
31	31	10612812225	826938595	31	5286
31	22	9788587200	1131579510	31	3486
31	26	10339922070	596310375	31	3040
31	31	11550934386	1309181507	31	5236
31	27	14509752255	1147592816	31	3565
31	31	13648463712	1077297308	31	5831
31	27	12184894813	1183853931	31	5024
31	21	13289936306	1068597359	31	3241
31	31	9771274749	585619915	31	5098
31	29	12584010108	872513986	31	5446
31	31	9335770332	857339302	31	6244
31	26	9267991758	647488679	31	6071
31	30	11354677934	595469578	31	4065
31	22	15397069305	1183877346	31	3728
31	28	12508856723	1351289902	31	5597
31	31	11249601239	1015200761	31	5720
31	29	15063702617	1502370800	31	5222
31	31	10820174374	699932442	31	6490
31	29	12516615607	1582080029	31	3503
31	21	14017991618	923465169	31	3732
31	28	9740190683	902707427	31	4944
31	30	12514954436	1249656813	31	3372
31	13	9767024796	1126706780	31	2600
31	31	12559992170	925217523	31	3848
31	21	11303198280	1467676369	31	2411
31	28	10745690885	798766322	31	4232
31	28	13078576290	1397150719	31	4272
31	27	11975635527	1084215172	31	3393
31	22	15152137097	1346301254	31	4148
31	31	10628111159	880482968	31	5438
31	31	10356510510	1307103393	31	5340
31	27	15674947367	1178913656	31	4043
31	14	10146138374	817216869	31	2017
31	27	10605572033	741199143	31	5120
31	23	12015641119	1194613194	31	3825
31	19	11431129656	1035818491	31	2576
31	17	14189165001	918051254	31	3160
31	24	11430180647	1074600273	31	4341
31	25	11083786924	1236895134	31	3758
31	27	11705733964	1079765245	31	4734
31	29	10780739829	976730966	31	3802
31	24	10980205748	541533191	31	2426
31	25	8032902343	808861932	31	3840
31	31	14939136718	1239461497	31	4700
31	14	10591732585	865680130	31	2903
31	26	12368499102	591161055	31	4931
31	25	14535025993	921695941	31	3124
31	29	19147530980	640564290	31	5471
31	23	11563626223	868383299	31	2714
31	17	12366194048	1027379335	31	2600
31	31	13026824040	1134739645	31	5214
31	28	7815058568	712140079	31	4851
31	28	13239917662	697071964	31	4109
31	29	15785551414	1139933730	31	5016
31	19	11853379479	864917378	31	2673
31	28	12294210679	645656380	31	4708
31	17	11729708707	749371686	31	2089
31	15	13722544518	1030886661	31	2666
31	23	11313341390	585521315	31	3941
31	31	11227923222	1300406507	31	5392
31	27	12375678884	762250069	31	3365
31	22	12897189113	974553077	31	2431
31	24	10265071339	1094401816	31	2840
31	27	14941949231	1288737659	31	4138
31	30	14446503375	644705662	31	4993
31	31	11737247190	963791373	31	5429
31	31	13345449109	1036834994	31	4171
31	19	14271084701	860188710	31	3437
31	24	13394153069	1113934799	31	3489
31	31	11597321253	1012522544	31	6434
31	31	9595821967	1035817718	31	5559
31	30	11977369497	921773243	31	6626
31	31	11795353953	532737893	31	4228
31	31	17723263637	1025820765	31	6430
31	21	9391255859	1028982947	31	3174
31	31	8996710571	269819817	31	5750
31	31	13044288001	1027564085	31	5138
31	12	8829551601	965016029	31	2283
31	19	10101283829	534620912	31	3859
31	29	19441491730	1125348226	31	3115
31	24	9283345278	1138602933	31	3227
31	20	10517345652	1016956148	31	3032
31	28	11943449740	1139174210	31	3331
31	28	16745186006	1129620274	31	3475
31	31	11796162887	1385115621	31	5952
31	26	14087677433	1364280841	31	3654
31	25	12609074597	854643212	31	5394
31	29	11628241575	985585716	31	5563
31	29	12410177302	1020396683	31	4621
31	31	10473818307	650456407	31	6997
31	28	14488156391	1242209742	31	5402
31	31	13326508398	974494761	31	4501
31	21	7763215311	316806136	31	2819
31	29	13151112455	967687459	31	5453
31	31	15421397655	961624206	31	4705
31	31	11820049829	1188590562	31	5929
31	10	7047807816	694754673	31	2021
31	31	10130288157	475095205	31	5168
31	30	12682783022	803471932	31	5102
31	18	16166723860	491204776	31	3250
31	24	15077151404	1031566742	31	3962
31	30	10683764633	535219116	31	5424
31	28	11400236255	751369333	31	5516
31	20	12203252769	697979876	31	3081
31	21	11591913666	965164664	31	2885
31	25	15501387071	747400507	31	4689
31	24	13061856088	1193308731	31	3117
31	21	11927624541	546129680	31	3787
31	26	25172325441	645235625	31	5111
31	12	9587785888	905784335	31	2678
31	31	13432822612	589049043	31	4947
31	22	9779702077	1082207094	31	4146
31	31	10065958263	1039074264	31	6324
31	23	13824190855	1080790906	31	3981
31	12	13591164090	654964267	31	2217
31	18	9560358757	746582518	31	3372
31	31	19666260839	1017613984	31	5835
31	26	11316583157	546535188	31	4644
31	25	12321645920	1287476537	31	4140
31	27	9972259564	982543802	31	4885
31	28	12642898244	1072857408	31	3135
31	23	13343570460	1022289915	31	3282
31	24	16357789798	1130219759	31	3877
31	28	12564188865	648522082	31	3801
31	13	13840172638	805631548	31	2614
31	30	15493513830	1571843559	31	4361
31	26	11581117423	916494256	31	4713
31	30	13003560840	864550739	31	5801
31	30	12304757925	747284498	31	5664
31	31	11612514562	1292852390	31	4270
31	31	12391727813	809695566	31	4945
31	31	11273209130	1081616216	31	4428
31	27	14692609134	1076910674	31	2969
31	31	10241818662	646558417	31	5568
31	22	10880913037	1445064658	31	3566
31	14	15515128735	1081484933	31	2807
31	29	12004991127	913027597	31	4102
31	21	14095269975	1191417903	31	4507
31	20	13801346990	1117308185	31	3698
31	26	17126488542	1034675091	31	4034
31	31	12622205716	1292823788	31	4728
31	28	11430116403	1074626366	31	4529
31	28	13562054344	1035609369	31	5767
31	16	19360543963	1005832525	31	3062
31	31	10505176491	482904946	31	4644
31	15	11283383254	1301259461	31	2982
31	31	12113330346	1087054025	31	5058
31	22	13919339549	704578126	31	3445
31	27	11378146703	866860080	31	5358
31	24	17401253811	770794909	31	3780
31	27	13703234392	921540856	31	4484
31	30	14665038441	1043963137	31	6632
31	31	14450894149	749883512	31	5601
31	31	8334843686	595722104	31	6308
31	23	9208312647	1045464181	31	4220
31	31	13554321394	807038672	31	5295
31	31	10203576180	866104954	31	5491
31	31	15268524605	854671701	31	6143
31	30	11464920061	802933171	31	4215
31	30	10060111065	1147022011	31	4468
31	20	7422176627	1241607820	31	3886
31	27	12362908894	598711291	31	3922
31	31	13297980386	1462775975	31	5108
31	27	14231410942	751987933	31	3704
31	30	15317710263	701120472	31	5365
31	28	12870109209	1027226836	31	4040
31	27	12831608611	654750556	31	3993
31	27	14685700429	686306250	31	4191
31	25	9434717138	703809714	31	4191
31	31	14274826258	991821411	31	5050
31	24	13105685295	1119158822	31	3409
31	29	14354265687	976863222	31	6125
31	21	14928059952	1291612193	31	3791
31	19	14245092884	1056716569	31	3122
31	22	12079686738	830482042	31	3118
31	18	9154642229	1083892860	31	3250
31	30	11065622106	980207590	31	4866
31	30	14320809958	754166541	31	4246
31	26	15274944084	897854080	31	4334
31	27	15759154622	1115392089	31	3263
31	22	13028962398	914491000	31	4202
31	29	13267579356	591926276	31	5419
31	9	10026263357	634648379	31	1446
31	11	9569253745	1028881435	31	1967
31	22	10766462091	1020292224	31	3783
31	26	10303003969	442134310	31	5457
31	22	11413125396	1067582505	31	3152
31	31	12886215455	1123967734	31	4573
31	26	9752008738	1243718194	31	3193
31	30	10650097473	978610652	31	6180
31	22	11470664944	811613675	31	3432
31	29	11055790904	878715227	31	5137
31	22	9809140144	751767799	31	2435
31	15	10339207490	1131689137	31	2040
31	27	12774084836	1385625393	31	4065
31	25	12008453916	656637999	31	4060
31	27	13489344735	1250031424	31	4895
31	27	12024377013	908963476	31	4544
31	28	13221762050	1129487750	31	4556
31	15	13132188765	1042242428	31	3635
31	31	11341173646	972386069	31	5223
31	31	14294733547	1181598088	31	5833
31	27	9691191466	1184775968	31	5338
31	19	15305735385	702778532	31	3197
31	18	18093725490	757506925	31	3211
31	29	14529295297	1065238410	31	4156
31	20	12795111151	1512445092	31	2463
31	27	12044628981	747886820	31	4104
31	30	14298586034	699616873	31	5382
31	21	13283574382	531351933	31	2878
31	19	16621213886	1165050829	31	3057
31	25	16590302300	1202455814	31	4499
31	27	13015010091	1223158543	31	4603
31	24	17258882551	1097131616	31	4551
31	31	10117705040	867967761	31	4359
31	23	11316015129	1184557229	31	3796
31	19	11399777421	807998748	31	2892
31	25	11429234704	927223682	31	4340
31	31	11853585620	1026351536	31	5566
31	22	13922502655	970598202	31	3179
31	20	11850037392	979560106	31	3598
31	24	13025446151	1147242670	31	3194
31	25	12763525069	1291982193	31	4341
31	24	9498023279	746792829	31	3768
31	27	10814900621	1024069054	31	3488
31	28	13764664339	431232874	31	3966
31	31	12496255888	1409228958	31	4527
31	22	15584947968	541919939	31	3474
31	26	14415226286	1458749783	31	4576
31	27	13681805027	1455514849	31	3628
31	26	10980991888	1232735228	31	3683
31	29	14899796203	810283570	31	5372
31	23	15995553678	636360439	31	3869
31	30	11396851937	1133291979	31	5259
31	26	13321870182	1217771138	31	3973
31	29	17533878779	918724255	31	4635
31	31	12860891997	541288140	31	6328
31	28	15353953670	704088017	31	3497
31	25	11901517668	1134361105	31	3506
31	21	11239188568	1079136086	31	3554
31	31	12870612755	1353722740	31	5373
31	30	15225085869	982110808	31	4413
31	29	11044574776	1263530422	31	2984
31	31	11430928330	640985018	31	6090
31	26	14233775233	850970894	31	4992
31	21	16456066982	1123572007	31	4140
31	31	17281282656	996230554	31	5558
31	28	11244003478	1136483475	31	3146
31	30	13817894771	1465506460	31	4581
31	22	12962666943	1031232460	31	3870
31	20	12150872351	1076565389	31	3609
31	15	12667034116	801978712	31	2630
31	27	11443838071	541965812	31	3848
31	27	10962878099	967536283	31	4834
31	24	12912110147	855205630	31	3736
31	31	12339180745	865378095	31	4452
31	31	13098100971	599141786	31	4900
31	10	14025064504	757733598	31	1971
31	23	13303313330	704277427	31	4786
31	30	12341064142	1251247636	31	4608
31	31	12423331708	924144941	31	6564
31	18	13876570101	699961849	31	2980
31	18	10451545133	539363581	31	3494
31	27	16177975051	606266623	31	3377
31	27	12145711440	1080308520	31	4558
31	27	9947355057	865058862	31	3956
31	29	18575199371	1067794863	31	5680
31	26	12440500635	759280892	31	5301
31	29	11350647226	656914015	31	4821
31	31	12031680311	1087754713	31	4950
31	29	11633245270	926665810	31	4409
31	18	12449649530	934670578	31	2139
31	31	12274363112	976913327	31	4337
31	16	13498131128	1009921363	31	2576
31	24	14777159927	919687264	31	3518
31	31	14908102663	866121898	31	6200
31	27	14503715913	1242641984	31	4373
31	22	12459562346	820434805	31	3938
31	29	12107743278	1251022506	31	4723
31	13	14060553678	480708097	31	3064
31	22	13562257455	1192633133	31	2815
31	25	13417004370	981928645	31	3772
