3	1835932030	3	743839350	3	6
6	926137682	6	250622802	6	9
6	0	0	800108127	6	9
7	0	0	1052890715	7	2
7	1962541278	7	572377375	7	13
5	1425834260	5	815345990	5	12
4	4709993848	4	1241887961	4	24
6	0	0	1908311421	6	14
4	2101196920	4	628142919	4	10
5	1827483809	5	315682704	5	22
5	6480946669	5	1240787621	5	290
7	3578412974	7	1005471064	7	14
4	600944660	2	127033083	2	10
3	2269669720	2	507857097	2	42
3	4292126068	1	1105111864	1	25
8	2498897757	8	807331339	8	332
9	4186158482	8	1179014775	8	21
5	3610679570	4	989600627	5	8
6	6317018998	6	924319417	6	215
3	1218311893	1	812305203	3	12
8	3239544546	8	804338089	8	37
7	2781577946	6	680016104	7	13
10	2127065434	10	248009898	10	321
7	3195618015	7	798537578	7	34
5	1592278529	5	626638339	5	13
6	3830252281	4	991215892	4	118
7	2210491980	7	848645501	7	21
7	737908021	2	497520561	2	12
11	2557511690	11	688873787	11	42
4	1825188397	4	490800491	4	13
11	7247454408	11	1505959969	11	170
5	2932775586	5	1044958884	5	22
6	1829893287	5	548016230	5	5
7	5530638343	7	1187728430	7	191
6	7443884146	6	1724735401	6	37
8	2366855576	8	562472067	8	21
12	5714841192	12	1484764570	12	177
9	2766553876	9	753583878	9	14
5	1735479519	2	495544298	2	9
3	2027309000	3	985780260	3	8
5	3997450789	5	1375595504	5	15
7	1046739937	7	185473497	7	14
5	1106609238	4	185238662	4	8
5	975677601	5	238167309	5	6
5	693599198	5	120600454	5	8
8	0	0	1052632699	8	4
9	3604873656	9	444335295	9	121
6	6033777864	6	1554218913	6	20
11	2959671709	11	310701000	11	35
8	4161631742	8	1115027349	8	151
7	4161166597	7	687300324	7	303
6	9132505988	6	431806982	6	140
7	4951379162	7	744005208	7	26
6	2140107455	5	480210822	5	18
8	5676605850	8	865086558	8	225
4	1102734212	4	312652936	4	9
7	5063562699	6	2045159250	6	12
6	1204628500	6	256041654	6	18
8	2743613965	8	376895780	8	12
7	6637949198	7	1186435831	7	32
9	3158599554	9	307727873	9	22
11	3227886717	11	674450347	11	184
3	266903097	3	127550971	3	2
8	2599561758	8	309931420	8	79
7	5503727647	7	807802240	7	17
7	7599786379	7	1356223758	7	22
4	2027025965	2	492441506	2	272
8	1411465119	8	245553527	8	180
11	2487354137	11	249771928	11	32
6	4169771151	6	554006159	6	33
11	2510288223	11	369280105	11	309
5	1477204204	3	495077789	3	13
6	10517745899	4	1176609719	4	162
3	620840590	1	313182858	1	3
3	2271892594	2	1249037013	2	3
5	2979452881	3	547406073	3	86
5	608083838	2	192099802	2	10
8	1995406791	8	186676189	8	171
10	3856299224	10	1092111652	10	13
7	5183026699	7	1438574592	7	285
9	1071976851	9	315022266	9	10
7	4623411259	4	800838072	7	24
7	5916202277	7	1865516856	7	203
4	3440332153	2	868063825	2	27
5	363682483	1	496480586	5	16
8	6007133068	8	1511345662	8	134
6	3497958447	5	928190906	6	19
9	2950440665	9	929177081	9	25
12	5452868630	12	1434340428	12	322
10	3228650775	10	121179037	10	29
11	1845460605	11	243339054	11	39
4	2466521096	3	1171145891	3	3
7	2609390393	7	618495059	7	14
7	3364375085	7	566362369	7	67
8	7127606409	8	1251730102	8	400
8	4674602754	7	802868106	7	261
8	5533324319	8	1530001755	8	308
7	2730742331	7	495366370	7	24
11	4362939594	11	868574594	11	19
8	2258483729	8	546718509	8	96
2	4533381639	2	1060229046	2	19
6	4995895005	6	754556435	6	175
10	2032269987	10	620108284	10	388
7	4605928940	7	805576883	7	11
6	1982043492	3	569965496	3	5
4	1167350329	1	690208125	1	201
4	2120500584	4	1055191385	4	22
7	2635610551	2	1106901482	2	7
7	4563836634	7	1161243098	7	226
7	0	0	1834147248	7	3
7	6157142645	4	1478022287	5	6
4	4010235887	4	807251707	4	14
6	929145295	1	557582181	1	3
4	2818140471	1	673824153	1	16
4	429609081	4	249030673	4	4
7	2936293561	7	547812427	7	10
6	3228387498	6	1430252501	6	15
7	3165273451	7	990173896	7	161
9	6811171507	9	1667045687	9	48
2	0	0	1191421169	2	4
5	2932019017	5	803111008	5	87
2	1576638849	1	553169627	1	9
4	6738282519	4	1780426307	4	24
7	1848437155	7	302230197	7	14
8	8690774048	1	1533093568	8	27
4	0	0	745967882	4	16
2	123339086	1	65153507	1	12
5	3075923475	5	805041830	5	9
3	1539562411	3	370888226	3	18
10	1639674520	10	249233943	10	23
7	2050484692	7	313042812	7	18
12	2885996572	12	623351467	12	135
6	5597020230	6	1551484264	6	24
7	2087516855	7	488202198	7	10
2	2387012646	2	991494110	2	12
8	9051889159	8	811301357	8	77
8	4737419615	1	1366374337	1	17
8	3523094703	8	1114862755	8	216
8	2312535459	8	562269465	8	182
10	3805474740	10	617296192	10	17
3	121674172	2	127804980	2	2
4	1227531726	2	739073196	2	3
8	3517353145	8	1122965178	8	11
3	552255831	3	122475678	3	12
6	2055416094	6	501960498	6	18
8	2153146009	8	370384659	8	17
5	3172905156	5	922202215	5	214
3	6259677549	3	1050132849	3	20
5	3532900780	5	1055097746	5	19
3	2083075207	3	432586655	3	91
9	4648092210	9	1004188485	9	114
5	7151447822	5	1537642279	5	76
3	562834344	1	382740610	1	9
3	4021233263	2	1304672883	2	11
6	3005168453	6	1049984146	6	11
6	3300783067	5	805525533	5	93
6	1343825048	4	314032891	4	4
8	5029082420	8	679118260	8	22
8	3245136325	8	1115457637	8	26
3	6086002293	3	1759989113	3	13
8	3690352610	8	559736673	8	14
2	3401768404	2	1175051357	2	14
1	1388742454	1	553073298	1	14
7	1457805956	7	243816390	7	20
7	2143830976	5	809709831	5	53
3	3366982793	3	1253408992	3	151
1	2744939867	1	985730869	1	14
6	1325333204	6	504324339	6	16
11	3312439984	11	438864462	11	272
7	3192975282	7	667857268	7	22
10	4189909171	10	617459237	10	27
4	730107175	4	369430869	4	12
8	2901399825	8	257316018	8	14
12	3470594483	12	556174507	12	266
6	3940540483	6	1158845618	6	14
7	3573516320	7	863612081	7	29
6	606231475	6	245660644	6	19
11	5145305908	11	1184745107	11	311
3	0	0	1660309316	2	12
7	4491728712	7	1110840051	7	172
6	1735259048	6	735154474	6	17
7	980097365	7	185570761	7	12
6	910029539	6	560313662	6	11
3	935501518	1	490511017	1	8
6	1585267580	6	613745940	6	172
4	4208949308	4	739335581	4	353
6	426686482	6	121488901	6	10
7	1470839996	7	241752016	7	14
4	2696259702	2	682197202	2	9
6	2571410635	6	763679841	6	216
2	3809207441	1	1741428945	1	17
6	2012110511	6	441456549	6	11
5	1687718366	5	366230016	5	53
9	4095886748	9	877446761	9	25
7	3255061457	1	936973610	1	57
6	2638227127	6	556972735	6	18
3	0	0	1003335455	3	2
5	5942868874	5	1369527081	5	15
3	2929039680	3	864352969	3	11
9	1335981239	1	560914758	1	8
4	4351548623	4	857185533	4	24
6	1703367249	6	680932049	6	12
6	3365459601	6	429338514	6	113
10	3276094173	10	617502685	10	374
10	796938457	10	126033543	10	60
8	1553025967	8	186686635	8	44
4	303799829	4	186573869	4	5
4	1726481316	2	737163533	2	7
6	840031601	6	190669098	6	8
7	2129172283	5	663391551	7	20
3	3361318679	2	741986436	2	13
6	0	0	1299363148	6	8
6	4017557673	5	860482997	6	17
8	6328753220	8	1371865319	8	18
7	5237696593	7	1169070806	7	209
3	1096696321	1	505073967	1	7
10	5175472648	10	1179093533	10	27
6	5628309271	6	1492103316	6	26
7	2944881706	7	987461968	7	25
5	1470385029	4	502407866	4	13
1	666461666	1	64321868	1	13
7	3612475275	7	602851399	7	294
7	902274383	7	250414047	7	9
10	4772519360	10	1097477302	10	57
5	5280808805	1	3751677190	4	89
5	1027777185	3	249968597	3	6
7	5931907171	7	1528131638	7	14
11	1987593551	11	253238689	11	30
5	2280180596	5	498701963	5	19
6	2138855092	5	1055308227	6	13
7	7528208305	7	804239496	7	109
4	2860812457	1	805349319	1	13
5	1768454711	5	559149901	5	15
6	481007540	5	247695434	5	9
7	1164960373	7	306204318	7	18
6	4208895161	6	1584861391	6	28
7	4391981789	7	618200635	7	138
4	732514414	2	245637680	2	10
5	0	0	1864669364	5	6
8	1105234563	8	305250141	8	129
5	733614036	2	188179278	2	5
8	1295075630	1	611810613	2	6
3	2037797347	3	497461203	3	9
5	1632777274	5	548550752	5	23
6	3169467204	6	619033279	6	18
8	2883480470	8	249389922	8	212
9	6529833439	9	1180499009	9	80
6	2363678630	6	992453632	6	12
4	2924348762	4	1232399894	4	9
7	3749072855	7	687934039	7	20
6	311520882	4	120605789	4	17
10	3349000100	10	868645124	10	306
6	1271416662	6	254918347	6	15
13	3289990265	13	1050657620	13	64
6	6241061738	6	1813555268	6	25
6	1708841265	3	562226481	3	14
9	1575062742	5	556834755	9	8
10	6401679457	10	1757286241	10	284
4	2031100803	3	554737931	3	5
7	1039842605	7	307276206	7	12
10	2439861338	10	495395845	10	27
4	3428056381	1	1299312879	1	19
9	4514766977	9	794734963	9	42
3	1877334745	3	559107914	3	13
7	4868823126	7	496847604	7	268
10	3153593721	10	304828277	10	22
7	1884564193	7	373619553	7	16
7	2806163350	7	1180417348	7	335
7	6024174708	7	564027421	7	33
5	2809336625	5	442383709	5	23
10	3503032555	10	1309402221	10	14
7	3671735288	7	744303250	7	34
7	3934724426	7	1981187117	7	18
4	4989767503	4	1165170537	4	15
4	4415177914	4	1170274262	4	16
10	5517768877	10	1191611130	10	34
7	5212549435	7	1121153305	7	29
4	555732360	4	121794459	4	13
7	6305575957	7	2625248891	7	18
6	421353856	6	307320014	6	192
4	1397680013	4	194910424	4	10
9	1408125999	9	311305940	9	20
7	3052264731	7	803542519	7	34
9	3515392642	9	1310925161	9	18
4	2489151433	4	995873520	4	14
6	781714114	1	3509076033	6	3
4	1402969990	1	555963598	1	8
4	4997023947	4	1118400380	4	55
7	8182714930	7	1172850360	7	148
6	734074732	6	495492799	6	10
9	3672124095	9	745893761	9	85
10	2794625012	10	622117010	10	327
6	1529880053	6	561095095	6	6
7	2246748841	7	244550960	7	180
5	4247015953	3	1380420284	3	41
4	2133840737	3	1234598607	4	14
9	4493939596	9	987106156	9	24
9	3477953377	9	609221204	9	40
5	2275514758	5	615346773	5	15
6	4024051212	6	1158711504	6	30
6	3594963417	6	679125275	6	55
7	3460534912	7	804232448	7	44
3	3617305403	3	920021297	3	23
10	1489461997	10	245019036	10	20
5	9237591322	5	1183267384	5	111
9	3558211407	9	1413302260	9	15
6	2459051047	6	932842596	6	15
3	1504724499	2	547293327	2	20
4	2540482698	3	1470862206	4	9
7	2796064340	7	912606905	7	29
9	0	0	981969872	9	6
7	6307748988	7	1550611541	7	15
9	4117693062	9	423239753	9	310
6	923288671	6	373239796	6	16
7	1819082275	7	625463274	7	36
5	4027010661	5	989611780	5	25
6	853657606	6	186646304	6	41
7	4688045064	7	743102569	7	25
12	2024352936	12	370710348	12	172
7	3601341953	7	1108577582	7	284
7	5853101304	7	1875340904	7	19
9	2619086843	9	563153721	9	14
3	0	0	3948311275	3	2
5	1875913073	5	746916225	5	43
6	1579066607	6	493945240	6	12
8	1374380130	8	735947775	8	10
9	8154591633	9	1740977794	9	158
5	4526194268	5	743541345	5	176
5	0	0	1134777420	3	56
3	3449596410	3	1678771287	3	19
4	2617648169	4	1044861322	4	199
2	315199367	1	250755747	1	6
8	2010158127	8	252672657	8	25
3	491077921	3	123630701	3	4
7	3290120476	7	991897961	7	385
5	793205035	5	372055756	5	9
9	5776376393	9	439433612	9	112
7	3530672836	7	801510000	7	279
3	2521735272	1	1180728967	1	9
4	3732116829	3	1745360628	3	8
2	665688984	2	63203437	2	13
6	4701545730	6	1487929652	6	12
6	1289658683	6	317347539	6	14
2	124570067	2	125059154	2	4
7	3799494399	7	1927406211	7	13
9	3792055317	9	310875699	9	30
6	4925558806	6	1607285838	6	16
3	3538533487	3	1053557583	3	7
4	2949689394	4	1047646310	4	8
6	8371902605	6	1505369388	6	114
1	2681607348	1	741562307	1	19
2	188138294	2	125784904	2	9
6	1583223280	3	310932397	3	71
5	2657562823	5	747936899	5	31
7	2972657160	7	557145485	7	303
6	4061545689	6	912257267	6	14
6	422163409	3	248804798	3	45
4	6125167344	4	1680817278	4	10
5	0	0	1300606223	5	7
7	2497924134	7	309750822	7	24
6	4832070051	6	1121484404	6	148
5	2167997685	5	614556593	5	249
6	3114729451	6	802112914	6	24
7	1594169327	7	441154291	7	13
7	4512478842	6	1055001235	6	84
7	1656599081	7	370231309	7	13
7	4316595073	7	798890725	7	14
2	1972936008	1	793399873	1	8
5	789200765	5	182750802	5	13
7	4297047708	7	931663427	7	172
6	4013478615	6	558858256	6	25
4	3589996129	4	939698931	4	16
9	2150198484	8	431341329	8	307
6	2864439003	6	308519050	6	13
10	3904872754	10	1355282867	10	26
8	5924582135	1	2901441704	4	12
7	4627789621	7	621415956	7	353
4	2625137524	3	502027716	3	14
3	0	0	1735042917	2	16
3	2321032618	1	627780210	1	3
7	3828257884	7	996829834	7	20
5	1578114578	5	806049020	5	14
4	3468188434	1	1319085716	1	14
6	0	0	3255567953	6	10
9	1347240705	9	252824425	9	19
3	1840890069	3	743549551	3	8
7	1421586705	7	242401825	7	161
7	3117796048	7	248749572	7	39
5	3528683065	5	680802323	5	12
5	1119470902	5	500051133	5	12
6	4478324705	1	1072335390	1	25
6	4797509566	6	685906510	6	238
11	2867613966	11	312356920	11	18
4	911972403	1	308078656	1	8
3	1783195783	3	438739257	3	7
5	2847237226	5	509911650	5	18
6	5603805085	5	809488266	5	19
3	4435675221	2	786093921	2	55
6	1154899411	5	368203194	5	18
9	2610245050	5	426834041	5	31
10	3672192183	10	612488843	10	38
7	2077755706	7	875601329	7	26
3	1113291331	2	308444195	2	11
4	3130576668	4	1181564365	4	18
3	2654130113	3	813122105	3	11
12	1091444808	7	124250384	7	7
6	3252091442	6	990138959	6	13
6	3265224726	6	1608859774	6	14
7	2735374771	7	996172421	7	23
6	3067580622	6	858989406	6	18
5	2037980133	5	438079574	5	76
9	2933933272	9	1116477798	9	15
9	3641401940	9	1502550565	9	49
11	3053103075	11	379993269	11	102
9	6607447630	9	1492074639	9	48
8	3025197953	8	751524818	8	21
6	2677630023	6	737460149	6	249
6	2097311338	2	805457940	2	8
8	6805810657	8	2215323215	8	58
5	2685104086	5	737276169	5	200
6	1884924026	3	376387690	3	14
5	304899516	4	307927353	5	13
9	2491976903	9	370089354	9	31
9	4792653606	9	1419690715	9	18
8	3045554221	8	802834327	8	275
6	303841279	1	126762237	1	4
6	0	0	1296518271	6	7
8	3075795504	7	677026178	8	14
5	311795107	1	190167765	1	3
9	4886042813	9	1611483693	9	31
13	4035256099	13	1126245220	13	336
7	3050545850	7	1065490527	7	14
3	678879299	2	371606977	2	4
5	1433738410	5	879699000	5	251
7	2591615961	7	854475114	7	16
5	2282101477	5	748100762	5	183
7	2510667858	7	500706114	7	290
8	1849156348	8	427031034	8	17
5	1815988676	5	373797707	5	11
6	2197100641	6	570610906	6	360
8	1657662940	8	937498859	8	14
5	5658488100	5	2277470019	5	10
9	2628249563	9	313063231	9	32
7	2810274304	5	444599057	5	31
5	5061105976	5	1734089711	5	74
6	4013555403	2	1180031122	2	19
6	5962151635	6	936601195	6	155
9	2802282165	9	442162826	9	225
5	0	0	864529163	5	12
2	1048515665	1	677567853	2	5
8	1042762200	8	305113524	8	17
5	0	0	608221033	5	7
5	841504974	3	122949085	3	11
10	5127344827	10	1423900318	10	27
10	3353449184	10	730685045	10	22
4	9723710043	3	1050924031	3	44
6	551210965	2	246177720	2	5
7	1777213715	7	248310625	7	21
6	1958038887	6	312933519	6	15
9	1321138473	4	184961699	6	17
5	4294261047	2	1069966310	2	21
6	3610253609	3	1240498159	3	10
3	4531957543	2	1051172386	2	17
7	3187135268	7	495633142	7	22
5	2945059693	4	859483626	4	15
7	2810780432	7	860767545	7	16
7	3636808457	3	672703014	3	16
6	4254311262	6	913860789	6	23
4	2575198629	1	688213289	1	219
3	0	0	690391008	3	3
7	0	0	1546479261	7	3
8	1818730069	8	439196694	8	49
12	4814557372	12	1123066899	12	25
6	2275517462	6	429801016	6	9
8	1889206550	8	384038236	8	88
12	2428417231	11	547427454	12	20
12	4808476806	12	933595808	12	114
3	3192207510	2	816437842	2	7
8	4834873837	8	550525250	8	52
4	2595576148	4	923554179	4	80
10	7703052720	10	2287260044	10	153
7	4050398198	7	1226294413	7	13
2	1420074165	1	369973368	1	4
9	669074569	9	184076525	9	13
7	1034259937	7	187240995	7	30
5	127561153	2	119062872	2	20
4	2068657502	4	949734407	4	15
3	7057749606	3	1160539985	3	20
5	7435881515	5	1189424436	5	53
4	3152310883	4	672761234	4	27
6	488257285	4	183664695	4	6
6	6427432675	4	1969833028	4	30
9	3378221617	8	251919042	9	18
6	1267657012	6	186970067	6	109
6	1274775413	6	187201542	6	22
4	4352035792	2	1116441257	2	11
5	3295444063	5	626220094	5	21
7	2117936280	4	619327720	4	10
6	1762512132	6	677562609	6	16
2	1157856603	2	302001785	2	18
6	5847517485	6	1672678334	6	20
6	4591075863	6	1192893379	6	319
7	7462050433	7	1374107323	7	85
8	1521512664	8	307412707	8	17
8	4912533472	8	497167276	8	186
6	3354638196	6	1661977107	6	22
8	3549178203	8	792537565	8	12
4	4959240660	3	1409790271	3	12
6	2081553725	6	732762914	6	12
3	3420027231	2	1125093696	2	53
8	1779565343	8	444979212	8	12
3	3453819760	3	1114069226	3	19
5	4444428659	5	611075479	5	7
7	2485081022	7	619247226	7	14
9	5077409142	9	1119535976	9	171
7	4738045078	7	821255850	7	42
7	4136883316	7	800476001	7	40
4	2286751449	2	1258438696	2	7
7	2876474667	7	613825273	7	73
6	2913301040	6	926297048	6	22
3	2670499907	1	726232121	1	118
4	5535132695	4	1236952833	4	40
7	2426329994	7	682736244	7	13
6	2145657311	6	982109414	6	12
6	1152312964	6	252526064	6	14
9	1465571918	9	626089896	9	11
5	1789856191	2	617903791	2	3
6	4847148803	6	864663812	6	11
6	0	0	674462635	6	2
8	2363549548	8	369436248	8	93
8	1470841623	8	550353286	8	14
6	2534562788	6	612176860	6	10
2	1104172635	2	614703264	2	5
5	4173289832	4	927093702	4	237
4	121481094	1	59147390	1	3
4	4617834808	4	1111255134	4	38
6	3619218420	6	866155338	6	188
5	2355444595	5	869142699	5	16
3	1107266170	3	804277642	3	4
4	1333262602	4	691005163	4	7
6	5152881043	6	614470173	6	209
6	2277003728	6	555228542	6	16
7	2827958739	7	692817184	7	12
9	2798843107	9	993623260	9	15
7	1800108245	7	492602728	7	20
9	4058475274	9	875876310	9	22
6	990158126	4	309514102	5	69
5	1717657822	5	736117461	5	13
5	2994130296	5	1062568452	5	52
3	2785886384	3	1104238795	3	3
3	2453764368	3	746923363	3	14
8	2402511940	1	680129607	1	39
5	740002466	1	806659046	5	8
6	2410591456	6	750792965	6	15
4	3342095091	3	809123147	3	65
11	3843492090	11	925973694	11	139
9	1705339843	9	184556811	9	22
8	2333407585	8	493111887	8	17
7	994024745	7	443612969	7	18
8	2264838798	7	486099986	8	27
7	5325524974	4	985942731	7	30
2	4321236731	2	1752813670	2	9
8	4818005150	8	932773290	8	267
6	3958349213	6	1297173550	6	17
6	3251706118	4	1493981853	4	21
7	3995303266	7	1303346852	7	30
4	366364630	2	247632739	2	19
5	1851248488	2	614436165	2	26
5	913819508	5	184442858	5	11
6	2188349645	6	556017420	6	21
3	1043619250	3	810594051	3	4
11	1909417629	11	377016216	11	250
5	1502393645	5	314881281	5	264
5	1616463899	3	437702296	3	10
9	1778538271	9	244003295	9	34
5	1905172422	5	612153994	5	22
8	4526214804	8	609844420	8	188
4	1570354682	3	736702419	3	11
1	0	0	1991804439	1	2
5	3409618673	5	861039976	5	23
9	0	0	1375928823	9	6
9	4747342583	9	861545576	9	215
5	1277320467	5	616557215	5	6
5	187119725	2	126309308	2	11
6	1415863690	1	612753680	1	26
11	5502797854	11	935384948	11	34
3	2509560164	1	307017511	1	7
6	2187115264	6	564078011	6	6
4	1415645984	4	493776987	4	13
5	794516373	5	302056599	5	10
7	1360234813	7	561205764	7	16
9	1061486925	9	247038183	9	258
8	3992814826	8	733937367	8	99
8	2750469325	5	856930042	8	22
6	3995208936	6	742739083	6	20
5	1728777727	4	497365614	4	95
3	4343461339	2	1971798208	2	9
10	1220827788	10	313726473	10	17
10	3953135490	10	928145612	10	183
7	2522275834	7	423254840	7	12
7	4061516631	7	1178596831	7	17
2	4239484427	2	1116142553	2	33
6	247798405	4	251637298	6	15
7	2607426130	7	442951914	7	36
3	1102345561	1	494239681	1	10
4	0	0	686770901	2	6
4	2503994972	4	499911688	4	125
7	2001567157	7	370142342	7	372
9	1357506792	9	252111126	9	31
4	2921843990	4	616565211	4	15
6	2684208898	6	616745607	6	183
5	3000052734	5	988435798	5	9
8	2787797223	8	560957339	8	28
7	4107542862	7	615956833	7	42
4	3449616609	2	750127966	2	33
6	3360882957	6	1169873387	6	14
3	2028391631	2	1063670520	3	6
8	3183692930	8	863306100	8	25
3	1473403631	3	936765227	3	9
6	1591259490	6	438481437	6	15
8	2264722694	8	608161740	8	21
10	1932951559	10	497496401	10	17
9	7156871943	9	2856209251	9	15
7	2757301038	6	750086262	7	14
2	3991658714	2	2409545973	2	11
7	5805389202	7	1436058541	7	21
12	2992567963	12	497442050	12	337
6	8343506773	6	1110646640	6	29
8	3184792348	8	802261615	8	198
7	3252244833	7	673034281	7	31
4	4875497486	4	1440302195	4	211
2	1043245348	1	368880015	1	8
8	2734930611	8	882785632	8	63
4	1410464082	4	438304748	4	12
5	1718924780	5	369787406	5	10
8	4649007013	8	1253975058	8	18
8	11355830997	8	1597758370	8	158
1	0	0	244805663	1	2
7	1592334299	5	608561527	6	17
7	5711212205	7	1003697301	7	106
8	1450670277	8	245899482	8	27
10	6877069242	10	494055517	10	250
3	1086293612	1	492332336	1	9
3	1704204972	3	493907705	3	14
5	498535214	2	308608851	2	9
4	3255427490	4	984707131	4	19
9	3590658829	9	987240827	9	33
10	6546858200	10	1863221277	10	109
5	2307550667	2	876636812	2	211
11	7003613862	11	1679991843	11	340
6	4578210480	6	1121624602	6	31
11	4427193215	11	1125124330	11	209
8	3222222201	8	996297547	8	19
7	2958209320	7	921659372	7	183
4	4863931461	4	1352125713	4	11
2	1176885620	1	435521507	1	4
3	1096015235	2	500923758	2	5
2	2015560896	2	426573196	2	10
6	3484978431	6	1377203321	6	50
7	2800575315	7	1363514736	7	13
7	2694200584	7	493695423	7	302
5	3873930552	5	1187432689	5	272
6	2957645326	4	1166813795	4	6
12	3489470124	12	1296233407	12	328
9	5741345983	9	305851303	9	56
3	3692218944	1	1236369045	1	23
3	682313591	3	247889620	3	9
10	5213815587	10	186295711	10	274
7	4581426630	7	1788595555	7	23
10	4443933386	10	815961072	10	30
9	3445903851	9	1425318204	9	84
5	1895959485	4	493298170	4	9
5	1519713720	5	681984491	5	12
8	2735657047	8	618083775	8	279
4	1842680143	4	440687534	4	10
2	3260274679	2	865833371	2	340
6	3743589683	5	929758810	6	10
6	2999450561	6	1258959066	6	10
8	3734133495	8	563506426	8	274
6	3359436099	2	980957311	2	5
3	186103097	1	123062320	1	2
2	733902545	1	498204755	1	4
6	1295633328	6	432826864	6	10
10	3415317766	10	1289340686	10	17
5	2160240576	4	854467713	4	8
4	2666236962	4	431520414	4	27
7	2616716838	7	877779871	7	39
3	806361191	2	313794319	2	6
5	665574119	5	182987110	5	202
7	2991740485	7	874776629	7	17
6	1784617096	4	866827254	4	24
5	3667859737	5	1109893179	5	82
2	431653414	2	185871279	2	5
12	2866209817	12	370532541	12	27
8	4243602631	8	802390312	8	15
8	3401639785	8	881029661	8	12
7	1416508124	1	435307593	1	32
9	1270889579	9	429875006	9	24
6	2094558608	6	814467218	6	17
5	5151874155	5	922469210	5	160
4	3434862432	4	1176660509	4	30
7	2666913587	7	742637654	7	27
6	2729930595	6	496545531	6	23
12	8064572973	12	748507573	12	335
5	3508712557	5	1801124121	5	21
13	2268608163	13	249230974	13	18
5	1517202679	4	563146850	4	7
2	2243226549	2	1299636207	2	19
5	1356459676	5	787302781	5	6
4	1461003773	4	493871731	4	18
6	1230703628	2	495836472	2	4
5	3056593243	5	804880400	5	17
11	3873319185	11	737170410	11	39
7	2213636739	7	694704391	7	254
5	1466119962	5	932583462	5	11
10	3819121016	10	996838810	10	193
8	4406217042	8	877885526	8	33
7	1920008565	7	624865854	7	21
5	915013178	5	377765862	5	14
11	5808506503	11	993687939	11	430
13	4044762711	13	1182004260	13	63
10	7400583794	10	373527196	10	327
8	6440868648	8	1732984758	8	17
5	59317408	1	62568210	1	15
8	6092637915	8	1881065377	8	22
6	2777622588	5	1177040569	5	5
5	1974448042	5	731520666	5	13
4	3154393383	4	998457811	4	17
2	2564887305	1	826830025	1	6
5	787355617	5	316907919	5	23
8	8648745040	7	1299872788	8	42
5	4243773138	3	1473053501	5	18
3	2265883747	1	688564693	1	12
11	1909417629	11	377016216	11	250
4	1359805590	4	760931594	4	7
8	3664996161	8	1110961887	8	179
7	2507740821	7	683180469	7	20
6	3625717014	6	809786986	6	19
4	1794226778	4	552848042	4	40
6	5387682195	6	921552492	6	23
5	4812733068	5	2105712434	5	18
2	59949291	1	65300054	1	5
7	1417448986	7	248066382	7	14
8	3269916675	8	982759973	8	26
10	4207542367	10	1172893639	10	56
6	1892895005	6	310158351	6	11
6	4336863230	6	749420606	6	17
6	2150287606	2	677295363	2	6
4	2256313884	4	367176706	4	31
5	2216768529	5	618436306	5	8
8	2707969970	8	804884017	8	13
4	2803538478	4	744860291	4	13
4	1670162588	1	617662591	1	18
7	3206808006	7	1623701944	7	7
5	3748414757	5	1316557900	5	194
6	0	0	1736196364	6	10
3	1040954698	1	364338114	1	8
6	8795372130	5	1966738705	6	46
11	2853375367	10	754139731	10	36
7	1290888752	7	435192401	7	18
5	1718285905	3	308161596	3	18
4	2542511402	4	557672023	4	13
7	1775888788	7	440265838	7	204
9	4317179294	9	1413206190	9	33
11	4459568209	11	625841795	11	406
7	2460605261	7	623595979	7	21
7	857136364	7	183779817	7	196
5	0	0	1382691039	2	2
6	4992421452	6	1308807585	6	20
2	2626698760	1	741542656	1	12
9	2733249604	9	684842788	9	31
5	3356963664	2	1367083835	5	9
6	362999094	2	186547183	2	5
5	2545011555	5	368298412	5	13
6	9623294415	6	1167198461	6	112
6	1799860562	6	184079330	6	44
6	1667096786	6	248238758	6	9
5	2203234546	5	435298256	5	26
4	693201698	4	249805564	4	8
8	5060051767	8	1241721775	8	18
6	2304496422	6	435806750	6	12
10	3347731915	10	980000296	10	21
6	2776688068	6	318489841	6	19
12	1775773242	12	310175750	12	48
4	4361657875	4	558655941	4	200
8	4540448343	8	921031621	8	39
9	4767668270	9	2019697788	9	15
7	2846764359	6	432114420	7	15
8	1084458295	8	184191770	8	30
7	0	0	1182605943	1	2
4	8608866942	4	2103889028	4	27
8	1969180777	8	373465660	8	74
7	2653147423	7	933566710	7	23
7	2585016108	5	859175756	7	10
2	1893292947	1	930101001	1	7
2	2103059481	2	1050723485	2	6
8	3734638254	8	686416717	8	21
5	370338752	2	120087008	2	8
10	2931423809	10	374351800	10	16
5	3444564491	2	793013030	2	17
8	2306315591	8	613130604	8	36
9	3097695009	9	741097817	9	28
8	4026671540	8	615660783	8	41
6	2779515644	5	996736238	6	13
6	488334424	6	244461060	6	7
11	1782079306	11	485225224	11	17
9	1577348982	9	438090812	9	20
13	1654294958	13	500219237	13	202
8	2832048654	8	867644256	8	17
4	2084145450	1	1548057475	1	4
5	1461818397	5	180835821	5	19
5	4034468515	3	748749194	3	36
2	969543632	2	365863174	2	9
8	4214259211	8	928838583	8	14
6	1165662116	2	250577009	2	6
4	6075035398	4	1790990107	4	16
6	784136066	6	189728155	6	26
9	3917428200	9	625605801	9	30
6	10312752958	4	1548065269	4	148
9	4872685938	9	1054364165	9	479
4	4799348333	4	924084617	4	334
3	4471683100	3	750896258	3	270
9	3928424856	9	1797891726	9	19
10	1695597859	10	436280838	10	273
5	1354143163	5	431775034	5	34
4	3438801931	4	1201218411	4	20
6	3499379802	6	729239663	6	26
10	4460145184	10	744950798	10	28
6	2189174361	6	749485870	6	10
5	1655361108	5	559280251	5	14
7	7290293002	2	2041170874	2	8
8	2366850487	8	559720339	8	15
6	3432038212	3	497993583	3	20
6	679698291	6	246961002	6	77
12	10349980007	12	937916694	12	53
8	791959061	8	310497956	8	44
5	0	0	2110387186	5	10
2	2886734515	2	865014626	2	16
7	3778075959	7	556861228	7	204
7	0	0	2161932432	7	4
5	1609780025	3	430862369	3	55
10	3192704975	10	990166673	10	275
4	6337148906	3	2210840006	3	13
9	3435574313	9	746136013	9	16
6	3674591111	6	556230615	6	18
9	2870693210	9	427709867	9	81
3	0	0	748376757	3	2
7	2822421435	7	987630599	7	14
7	5976497254	7	2033193821	7	12
4	4983901996	4	1223356878	4	16
5	1937960337	5	597410142	5	210
7	1703501892	7	121558761	7	15
7	1848404183	7	628065204	7	20
1	2732617177	1	620486476	1	58
6	0	0	2223209174	6	7
8	1503146747	8	611152903	8	11
10	2472502198	10	186864278	10	354
4	1546353896	1	565027161	1	6
5	2910373419	1	494500675	1	7
4	1840253554	4	920654553	4	13
7	2327649123	7	503024790	7	18
7	1533221015	7	377340175	7	22
4	2888912257	3	744003277	3	19
3	422651775	3	426134201	3	3
8	1577140493	8	371152581	8	18
4	1673849749	4	192422198	4	52
6	4454794545	1	2088114377	6	14
8	240785612	5	251964835	5	8
6	3761255486	6	1297230712	6	21
7	2812662632	7	862881401	7	27
6	2270780138	6	745139291	6	46
7	1216113410	7	557408551	7	10
7	3960934424	7	804381232	7	263
7	2199643963	6	426848352	6	20
7	2370510402	7	676883523	7	30
4	1302135693	2	810872376	2	10
8	1731296128	8	312558959	8	18
5	739596281	4	239244886	4	8
7	5023268520	7	1589499183	7	77
7	3930062775	7	736097230	7	65
5	4295443831	1	1174243083	1	16
11	3945611276	11	676790639	11	388
8	1342727197	8	309718967	8	13
6	1897473552	3	695318995	3	13
6	1154590753	6	500918666	6	19
4	4621561127	3	1479893562	3	4
7	1175835523	7	506210860	7	16
4	2277856729	4	752568641	4	6
5	1160180900	5	441245385	5	18
5	3664834185	4	1489654693	5	16
7	7191261072	7	1175982219	7	84
8	1578911279	8	257732784	8	55
5	4474637496	5	801724887	5	95
5	5333989280	5	1067672730	5	35
10	4067003513	10	996180271	10	31
6	6125162632	6	1261000084	6	16
11	2331953590	11	605394050	11	23
3	0	0	1791021656	3	15
4	3698298843	3	620311089	3	15
7	3051257777	7	616830094	7	31
8	1144494092	7	238548901	8	16
5	2464338873	5	913386511	5	5
12	1872275334	12	435514758	12	96
10	1070124802	9	381716858	10	19
3	1386925121	3	498151479	3	13
5	1279836987	5	741341645	5	14
7	2137708380	7	318272858	7	40
5	2433512745	5	1176375749	5	11
6	4444581864	5	985294517	5	183
4	2749925188	3	553882950	3	5
7	5842271577	7	932260929	7	88
7	2446602515	6	1294533613	7	16
7	3732309746	7	980110978	7	17
7	2140051339	7	369251934	7	260
5	251002464	4	120809773	4	5
5	870192588	4	368549212	4	8
4	1126398301	4	249079692	4	11
8	4588228965	8	1255023630	8	27
5	566862200	4	251425543	4	257
2	0	0	2119151329	1	4
3	249957302	3	122159748	3	18
7	7961163921	7	803733053	7	27
7	2246748841	7	244550960	7	180
6	1783413059	6	745368441	6	184
2	2353344770	2	1054779112	2	6
6	5991714903	6	1090864242	6	23
4	488243978	4	246861311	4	13
7	2753869822	5	927900186	5	50
3	1565423772	1	685853072	1	12
8	4100045889	8	804852066	8	155
4	1941924821	4	555465493	4	169
8	4375852516	8	1309941437	8	288
6	7931445269	5	1315917376	5	176
8	1648075842	8	244953624	8	12
8	2620866425	8	434134243	8	16
6	0	0	1498373438	6	4
7	3109902408	7	1109705393	7	24
10	0	0	1360760700	9	6
4	4536717207	1	1439050724	1	10
12	979386440	1	681863222	12	11
10	2356199161	10	314532835	10	266
6	1785820249	6	431483049	6	24
10	1170140752	10	609570485	10	20
6	3238672125	6	934600352	6	86
5	0	0	1118881790	5	10
5	3385077761	5	680987760	5	246
4	3027644979	4	1115664430	4	13
6	3126916929	6	866786109	6	10
8	3388676702	7	1055030868	7	16
6	3754861698	6	923016632	6	12
9	2125560746	9	682377793	9	17
7	2990883502	7	863279764	7	90
9	2491246311	9	431098348	9	234
9	5234675291	5	1229217330	6	21
6	3811617301	6	675339716	6	93
6	969499216	6	370545850	6	18
5	2380344537	4	683036466	4	270
11	2146574898	11	439484865	11	11
7	3892950386	7	1288584078	7	118
7	5176178103	7	989494399	7	20
5	2892551923	5	970793813	5	35
6	1702308956	6	549040506	6	47
12	882334521	12	301787594	12	13
8	4057941675	8	733517829	8	28
10	0	0	1478646196	10	8
7	2211347853	7	1054514464	7	128
5	3596953291	5	871650048	5	33
6	2305263455	6	556681312	6	30
6	1148127228	6	370780062	6	14
8	2529678204	1	1099639807	1	13
7	1906293704	7	561211778	7	20
8	1939947094	8	431923348	8	44
11	3421869809	11	551439691	11	315
8	1349970188	8	306308960	8	14
3	5864418545	3	925094133	3	24
7	2925576647	7	984574780	7	257
8	2586530371	8	869535858	8	16
4	2576003548	4	920122346	4	22
8	2476215613	8	439609199	8	25
4	5470319649	1	1426466616	1	16
9	3397566833	9	552925223	9	261
7	4175464332	2	1243047914	2	15
6	1723937199	6	435274237	6	22
5	1397732733	4	437694552	4	114
7	4538227119	7	1174194618	7	22
4	3178027696	1	950181966	1	11
3	3548542102	1	872332774	1	23
7	3550835680	1	1234115523	1	10
7	1040299456	7	181601885	7	224
5	3804477029	5	1169808430	5	36
7	4221826559	7	498221109	7	18
5	3579189922	5	498886914	5	299
5	3394596139	1	916106735	1	13
3	8078872491	3	2289781773	3	69
5	303003014	1	186414232	1	4
8	7427011985	8	1499735561	8	315
6	423508914	6	180547176	6	16
6	1044481886	5	183369457	5	9
12	4505862034	12	1104805578	12	174
6	9172860601	6	1040298597	6	54
