7	2197266747	1	489270604	1	10
9	4173332220	9	793075974	9	19
11	2594687427	11	549300950	11	14
3	2066602812	3	556932583	3	64
7	4268660824	7	1121305167	7	19
6	4272883033	6	986283347	6	21
7	3652854564	7	876183866	7	19
7	4553649318	7	1245237915	7	28
3	2800959564	1	315433096	1	14
5	5717920584	5	1850530186	5	17
8	3383637259	8	801210180	8	26
5	2263683337	4	1055045522	4	9
5	1649056638	5	489977851	5	17
9	5204208813	8	1246924727	8	28
5	1225417448	1	371645449	1	6
6	2494899014	6	369567477	6	12
6	1411623876	5	307757584	5	14
5	3388100072	5	933898592	5	22
10	2385965272	10	624619784	10	11
9	1380847719	9	244565050	9	13
6	6232158759	6	1355224729	6	20
4	0	0	3449121185	4	3
13	3365237228	13	743069782	13	20
5	3304261858	5	1049118322	5	9
7	737442001	7	182626580	7	9
11	788763630	2	122284606	2	7
2	3013175070	2	1126250601	2	6
7	5397260596	6	1129706332	7	62
6	840509948	6	372519602	6	13
9	2570335968	9	371111153	9	17
5	2618444063	5	684802575	5	11
7	3729446557	7	248250463	7	28
7	4247262156	7	563332312	7	26
5	4776814239	5	1290627357	5	10
5	5272428887	5	1165987074	5	13
8	2016392980	8	562592404	8	150
3	4832922048	1	1429915111	1	23
10	5572055709	10	1190712629	10	34
7	963718294	7	306247797	7	13
8	2482190234	8	501492409	8	22
8	8780696387	8	1714042271	8	37
6	1650038478	5	491277132	5	15
4	4012163376	4	799790761	4	18
12	3392930262	12	609451480	12	45
3	3755537391	2	934638773	2	28
6	1163161692	1	496805183	1	16
7	2604827449	1	1161312118	1	9
6	6772903700	4	1811017184	5	14
4	799503095	3	311457120	3	4
8	4109512438	8	996740697	8	25
7	8974934635	5	1677371466	7	30
5	3254553575	5	802845595	5	27
4	1921325197	4	684673808	4	6
8	5914477525	8	1316229531	8	25
7	3303636152	6	675774764	6	18
4	1583147337	3	495781654	3	12
4	1778209260	1	615901341	1	6
8	1635121372	8	249293300	8	20
9	1331814288	9	303743756	9	31
4	1656053455	4	690699811	4	8
11	505107001	7	123875511	7	7
4	2439602681	4	685408950	4	8
5	1402254902	5	368994666	5	19
5	906082265	5	314203399	5	9
7	4046350319	7	1099890430	7	18
12	4663113996	11	609090340	12	37
10	687270410	10	250958249	10	10
7	2446672598	7	748519963	7	6
10	2119855182	10	733413779	10	14
6	1108070079	6	686337110	6	10
7	361187279	5	317490502	7	16
7	4114404897	7	614891492	7	20
7	4202702954	7	807875898	7	20
9	2286320979	9	313912243	9	33
5	1589068629	4	676481598	4	7
8	2924673528	7	560999890	7	16
6	3034981876	6	680140079	6	24
5	3837765808	5	621307821	5	17
3	682996262	2	507851153	2	6
6	236564278	1	126375339	1	7
4	432703775	2	184020281	2	3
9	3242650390	3	869988933	3	9
6	2067601958	6	635280231	6	15
4	6029796527	4	861199213	4	33
12	2009256304	12	366590241	12	23
4	3917761615	4	868969637	4	14
5	3759762731	5	921854854	5	14
8	5181472513	8	868694955	8	36
8	2493044269	8	311141117	8	11
3	3031065258	3	942878639	3	19
6	2449988166	6	743060630	6	8
5	4761536406	2	1179274201	2	7
2	2692885862	1	1063220926	1	5
5	5468120910	5	1691579434	5	5
7	1719808302	7	378653775	7	24
8	1884945555	8	561940937	8	14
6	5434086907	6	1676936841	6	10
6	2149238523	5	503732859	5	11
2	845113397	1	438675352	1	3
4	2106874065	2	619419196	2	11
1	2659272843	1	803323844	1	23
9	2661961390	9	617196759	9	15
7	3144195274	7	435357633	7	42
5	1412729293	4	607652153	4	7
14	6296924868	14	931864049	14	295
4	4352835466	4	1483716885	4	11
7	4575461189	7	877258079	7	28
5	4667405788	5	1235492153	5	23
6	1943889309	6	129239078	6	19
5	848953869	3	370139848	3	9
8	5633663996	8	622355848	8	30
6	5850285286	6	743788123	6	44
6	5116220426	6	1172668967	6	21
7	555200598	5	180739773	7	14
6	425840072	6	186179036	6	18
7	8400923443	7	2044812882	7	23
5	3265307974	5	674141033	5	31
8	1152489178	8	248545206	8	21
6	4885317130	4	936119692	4	10
7	2379279386	7	873371869	7	14
3	307116210	3	120125715	3	6
2	4004531884	1	997355720	1	5
6	2148762424	6	564981840	6	9
5	1228065044	5	373681420	5	9
10	7129422278	10	1166706192	10	46
7	5982311507	7	1407995925	7	24
9	4669475874	9	1105668804	9	23
7	6762984620	7	944337549	7	16
5	4960097979	4	1607948139	4	5
6	4603417057	6	1177111114	6	14
7	7656079814	7	1361168211	7	18
10	8588817475	10	1234156877	10	22
8	0	0	1815178130	8	8
3	3907973140	3	882269747	3	21
5	3107564432	4	490177338	4	17
11	5912648055	11	997668530	11	34
11	9502661158	11	1496458986	11	28
8	2002956763	8	431139068	8	19
13	5877492810	13	620563634	13	41
7	1382848894	7	185825842	7	15
5	3433701388	5	1110692098	5	7
4	3378329154	3	1097355377	3	7
6	2836691528	6	804772935	6	18
6	746978183	5	193268527	5	10
5	2260663623	5	743025479	5	10
6	3483031013	6	627118882	6	13
5	6870837018	1	2458205765	3	9
11	1825875172	11	125357801	11	16
4	2368947600	4	744540754	4	6
8	4795220655	8	745385431	8	47
5	6716252212	5	2111100109	5	10
4	4086536222	4	1412919654	4	16
3	63933044	1	59008419	1	1
4	3574629887	4	1110899863	4	18
5	968283711	5	123670066	5	8
7	2679715378	7	750104895	7	25
7	1786581590	7	431441185	7	11
2	2143239319	1	688509880	1	9
7	4877339880	7	1297608730	7	31
6	2548318758	4	556545241	4	15
8	7594561668	8	1478637367	8	16
7	3645828210	4	732742302	4	15
10	3669994067	10	828499618	10	15
7	2549517426	7	541423899	7	20
10	6078278699	10	803453655	10	50
4	4274818590	4	921669955	4	21
3	1339964044	3	252786870	3	12
6	3041131188	5	1055460653	5	23
4	2032604368	3	933855791	3	10
7	1501747743	5	381300727	7	17
7	1295183920	7	495870718	7	9
11	5521281735	11	683371806	11	33
9	3919670569	9	367316886	9	36
5	1401835150	5	438052906	5	16
4	303641825	4	60438920	4	6
5	1407686991	1	682964825	1	5
5	0	0	2912266846	5	3
5	2017793117	5	624070557	5	14
8	6662600309	8	1115560936	8	28
6	2442089855	6	371120879	6	13
4	5475324995	4	1176313765	4	20
3	3032378129	2	985643827	2	17
6	746331619	6	127010548	6	7
7	4103287480	7	1114237128	7	17
6	1278621898	6	376365026	6	18
7	2928225563	7	495005442	7	12
7	754504435	2	434484043	2	5
5	3707380349	3	1182000115	3	19
6	7284312009	6	1795933702	6	26
4	3026409384	4	1121174316	4	8
12	7617183766	12	2540465144	12	23
4	919315137	3	370617505	3	5
11	2685763109	11	245962224	11	13
7	5013636633	7	859136287	7	32
4	3497161235	4	1184000069	4	12
8	363507309	1	373356913	8	8
6	7657460353	6	1179217026	6	36
3	433011835	3	123985254	3	6
9	2184586956	9	440932284	9	18
7	795069847	4	121856632	4	6
4	2755294214	4	731545075	4	14
8	2090251928	8	561458138	8	8
12	2373680036	12	425866034	12	27
7	1765098226	7	552996014	7	20
7	786701127	7	120093826	7	13
6	5965190268	4	1050002105	4	23
5	2131044098	5	619825246	5	13
6	3144313635	5	1194846309	5	12
4	3954798039	4	860934697	4	9
9	4170718526	9	506928562	9	34
8	4588109095	8	1308215158	8	34
5	2997687878	5	617191105	5	21
9	3320092599	9	746176798	9	25
10	2198007314	10	243025698	10	15
1	5275869820	1	1570961232	1	12
7	3586066914	7	745163718	7	25
9	2323117358	9	497686094	9	23
6	0	0	807108078	6	7
4	1798159350	4	548327898	4	9
8	2328015303	8	740601055	8	16
3	5469909651	1	1380518453	1	13
4	679858638	4	544992013	4	8
6	2791829393	6	869660134	6	16
6	3224778135	3	1620525683	3	7
5	1320686165	5	129671486	5	21
3	2255592342	2	511135152	2	13
14	6228777969	14	985889182	14	54
7	932413313	7	128305617	7	16
5	2744011750	5	550566948	5	12
10	2262708594	10	307068370	10	16
10	1832164632	10	376165195	10	17
4	0	0	982704534	4	5
11	11953908887	11	1172980196	11	20
3	6926896141	2	1539495026	2	12
3	6160912558	3	1287227468	3	25
7	4583636882	7	930939250	7	14
8	3788820564	8	863454459	8	17
4	3513995577	3	1547169874	4	12
4	3563659315	4	977043276	4	12
10	3491986227	10	797521945	10	12
6	5192580002	5	1178068270	5	8
9	4709682618	9	1177196471	9	25
6	2196706088	6	748993460	6	13
3	3901965207	2	872135823	2	12
8	1816365174	8	613693310	8	19
4	5157413167	4	2114916658	4	9
6	748748830	1	308218975	1	9
6	5640515440	6	1599767090	6	15
6	2704691312	3	681676276	3	18
3	2930681718	3	1115684296	3	20
3	2073466492	3	424412486	3	22
8	1768282074	6	244237927	6	25
7	4010782378	7	668013653	7	12
8	3008056835	8	750201633	8	21
6	1143324788	4	307731049	4	12
3	556747901	3	123115406	3	8
4	2015624827	4	616936107	4	9
5	2755983010	5	733683224	5	18
6	4693668220	6	1175702677	6	27
6	2518850304	6	310729397	6	14
5	980233730	5	121515201	5	5
3	4346801902	3	1369369200	3	9
7	2720018203	7	369649241	7	41
10	3064743978	4	742084649	4	9
4	4108256217	4	1125398420	4	18
7	1819902856	7	250037674	7	30
8	7589011284	8	1610554381	8	23
8	2298527674	8	487808853	8	21
4	242700994	1	127870414	1	4
5	3333250916	2	998514223	2	11
7	2183049510	7	677369991	7	32
9	3985626941	9	872471355	9	65
5	2289325793	2	685281678	2	9
3	1774518316	3	680655332	3	8
7	3534446934	2	554434418	2	9
9	2767241875	9	918872114	9	15
5	9210141186	5	1051492369	5	23
6	1158977211	6	188613653	6	9
11	1637416507	2	488812828	2	11
7	3538771683	5	690844664	5	18
5	3365964006	5	986192464	5	16
10	3554736076	9	625366236	9	21
9	6407630439	9	998491920	9	37
5	4348179323	5	1560937475	5	20
9	2612421981	9	681301003	9	19
7	6598577151	7	1316750957	7	33
7	2729705160	7	615079578	7	14
9	6922700446	9	1539021508	9	21
9	3304460820	9	1368392856	9	39
6	10615181993	6	1322674684	6	26
5	913678063	4	187315356	4	7
3	922836191	1	370025702	1	8
7	548776718	5	308232961	5	13
7	6078729998	7	1786779886	7	10
7	1686799655	7	799099933	7	11
5	3141057278	5	506064956	5	27
9	0	0	5595388662	9	2
6	735860720	1	250576361	1	5
8	6025447864	8	811510359	8	23
3	3893533935	1	745741245	1	24
9	929979569	9	245789988	9	15
3	2405507996	2	680685263	2	14
3	310295731	3	126886812	3	9
3	3207459648	3	619135189	3	27
7	1781743171	7	313754709	7	12
9	3418001431	1	684591898	1	17
3	2819334185	3	940160379	3	6
4	2598717942	4	934829152	4	10
5	6353129443	5	1669131060	5	15
10	2466844537	10	682495244	10	22
4	3974956809	4	990664972	4	17
8	4327115240	8	673581513	8	18
7	1741291810	6	378456829	6	23
4	1658495845	4	620502964	4	4
8	3233996137	8	1497144960	8	11
9	4747344048	9	1809819125	9	21
6	2498071779	6	1592847770	6	17
4	363740939	3	118817049	3	8
7	4801236846	7	427441286	7	34
5	791687590	5	500236599	5	11
4	120064244	1	61673652	1	4
3	2705057501	3	1066233563	3	5
4	3929543080	4	1237211335	4	13
1	4201519107	1	1227153301	1	12
6	1939566704	6	244997697	6	6
11	7893756659	11	1421153700	11	28
9	4027922872	9	863462169	9	27
9	4647036887	9	745004233	9	28
5	6748952263	5	1555508136	5	20
9	1846550255	2	990167708	2	3
11	5245800141	11	1423096681	11	42
4	5132003707	4	1544849761	4	25
11	4742168806	11	246766811	11	48
5	5539803868	5	1554503777	5	9
4	3719330402	4	501616180	4	9
9	4051415765	9	489394989	9	34
11	4844502069	11	624340926	11	27
5	5914604824	5	1373308551	5	25
7	1216576512	7	244582316	7	8
9	5060099902	9	924607417	9	26
4	5968088707	4	1424799246	4	15
2	732598640	1	422123659	1	4
7	1404702426	6	376104198	7	20
11	3214696112	11	672498413	11	26
5	7313145460	5	1060232387	5	28
5	925109270	5	433790741	5	4
6	3607321305	6	1533165760	6	11
5	2244590615	5	614541341	5	16
10	7168112726	10	876539793	10	34
6	1270133206	6	190619300	6	8
5	2750560862	5	810799721	5	8
7	2400113046	7	798930662	7	14
5	5774580718	4	1675885535	5	19
7	1088962552	7	309692250	7	15
10	2302449268	10	617639254	10	12
13	2075320087	13	247025420	13	17
9	4648970872	9	1170526742	9	28
4	184753785	3	125646203	3	10
4	5873990755	4	1287057710	4	28
4	1669689616	4	539224206	4	13
5	3750535633	5	853144964	5	15
3	124923203	1	1042512511	3	9
8	7341073635	8	1427972633	8	23
4	3744391939	4	1057480573	4	13
4	2780056544	4	924982592	4	13
7	1456311134	7	427263882	7	16
5	2480540912	3	673584721	3	14
7	3263701841	7	606816096	7	22
9	2428460462	9	251036033	9	25
9	1227559709	9	315419044	9	16
2	250965945	1	252790340	1	3
6	7888783256	6	1112060159	6	18
4	1597247144	4	304277943	4	21
12	9654515016	12	1479904839	12	92
7	2538427821	7	875697755	7	15
6	602114164	1	305348521	1	7
11	4089098874	11	608685590	11	104
12	3470033928	12	867454010	12	18
7	4076707700	7	928401849	7	22
4	6730798716	4	681938027	4	44
5	484549792	5	187971957	5	5
3	482446406	3	184851332	3	14
6	4091152767	4	1239745030	4	20
6	2965179500	6	367266552	6	20
8	4420555255	8	1216633334	8	13
6	5210570827	6	1862758068	6	9
4	1461240468	4	370439336	4	11
5	183210972	1	187545118	1	8
7	725708825	7	123559726	7	13
10	4112456301	10	497264474	10	37
9	4899178483	9	1069463672	9	31
8	2640100657	8	746333735	8	30
8	1809357459	8	252989037	8	25
11	8213637979	11	1856293519	11	22
5	4484107052	5	984116139	5	20
5	2933505158	2	441852446	2	9
6	0	0	2052699216	6	2
7	1334101866	7	374595735	7	16
5	4277680300	5	1115324376	5	17
9	4669152477	9	930834072	9	66
3	5001220993	3	1297602452	3	21
2	550906122	1	126380629	1	4
6	550224085	6	185645467	6	13
7	4114135003	7	926710624	7	36
5	2676578873	5	744223306	5	21
7	1975185847	7	497834034	7	24
8	1448448841	8	428648820	8	16
7	1776117137	7	812110865	7	13
6	1088603260	5	246334651	5	22
5	2676403416	5	620704518	5	26
5	3490508448	5	1356087926	5	10
5	4499906051	5	747858852	5	20
6	3060936338	6	1183281137	6	16
5	1970156902	4	620843748	4	17
11	5255373871	11	376940036	11	29
8	3773118231	8	740046601	8	17
7	3329168333	7	1362650208	7	12
7	5248938721	6	1066048102	6	12
5	5747658383	5	992549567	5	29
8	4605000240	8	121507070	8	26
5	2334458955	5	507496218	5	207
5	1367323251	4	2115355608	5	4
4	3226618754	4	1046704354	4	11
8	1506773322	8	251065776	8	12
8	4823505640	8	1380002930	8	24
8	8608653060	8	1431596891	8	24
6	2084663679	6	1037415866	6	11
3	4574078225	3	1413643595	3	13
5	2892265789	5	600994472	5	9
3	1155629700	1	366698384	1	12
9	638052672	8	238148206	8	6
8	2745414196	8	486003258	8	23
7	2368458232	5	676824316	5	16
5	177061538	1	65002483	1	14
6	6090870603	6	1501600852	6	31
11	7246502322	11	671868609	11	36
6	5382810617	6	933211087	6	16
5	1160285066	5	247208805	5	23
5	676187587	5	125619582	5	10
9	2851324819	9	618089118	9	32
7	921357841	7	187681489	7	15
8	2938053004	8	740760606	8	10
11	3721355808	11	427156722	11	31
4	4841231183	4	1057793332	4	18
5	1656399537	5	562306156	5	5
7	3304736948	7	424974116	7	19
5	915607268	5	247066687	5	15
6	5440963789	6	1293565551	6	9
5	4403716414	5	998493538	5	14
7	7040760689	5	1174335552	5	18
10	5439625055	10	1178571835	10	28
5	3190175140	1	751756972	1	12
4	7287316745	4	2220348629	4	18
10	8779699693	10	1617689323	10	20
7	7585425555	6	1040230414	6	19
4	1402346338	4	316134181	4	17
8	4712049660	8	805813809	8	19
6	2994011071	6	692967818	6	21
9	1585538713	9	240394899	9	19
4	4396416861	4	749298480	4	22
8	2144974113	8	501581601	8	23
5	4445373361	5	429423413	5	12
5	5223236962	5	1854731691	5	5
3	3182917797	3	619836426	3	12
1	59195482	1	61020350	1	1
6	3140542370	6	614823484	6	13
7	3124744966	7	494197539	7	22
4	4434734994	2	870044524	2	27
8	8141161055	8	1732139992	8	21
2	4894860226	2	1172128237	2	10
8	4482308429	8	690230457	8	32
9	2551246040	6	670902092	9	31
7	2356263934	7	371247867	7	26
7	1653420771	7	798318894	7	6
7	3638331679	7	1176634376	7	11
5	6494194018	5	1295338572	5	19
4	736668899	1	182561307	1	4
7	3453900986	7	680012008	7	12
6	1582842264	6	181081833	6	17
6	183555068	3	128803235	3	4
7	2576410437	7	494495485	7	21
4	6403629867	4	1914370337	4	17
14	9517330671	14	980426999	14	51
4	2316899432	4	870723522	4	13
11	4032961023	11	487360462	11	33
5	486321166	5	124530839	5	7
9	8392086355	9	2717196869	9	15
8	6521707384	8	1662810312	8	18
11	2780038504	11	312990116	11	22
9	7851387734	9	1426038812	9	28
10	5145991696	10	493802064	10	29
10	6512250604	9	1061346720	9	12
7	2286543438	7	995172232	7	16
9	1454058664	9	251576308	9	15
4	244162649	4	178333745	4	7
4	1420788438	1	682887993	1	4
6	2827669930	6	755455405	6	9
10	1702192830	10	188640183	10	24
3	918329149	3	493324207	3	5
9	3973586944	9	1480463193	9	17
5	3579413470	5	854413517	5	21
6	1839027247	1	493907210	1	17
6	6368944324	6	874380483	6	31
13	2786076064	13	607148969	13	33
7	788769372	7	300377758	7	21
6	0	0	3073012229	6	5
7	5245183298	7	738680433	7	21
11	6287815226	11	1168125413	11	27
4	4349819697	4	1171036782	4	5
9	5260018128	9	1494622198	9	10
6	3671280805	6	1244133789	6	9
5	1147568155	5	243274547	5	12
4	4998681423	2	753255995	2	27
5	5139682803	2	989798723	2	13
8	11101471882	8	1744998959	8	22
5	1581681334	2	620211354	2	16
7	2703586096	2	1256982949	2	5
11	3935115283	11	569591766	11	25
7	2701487253	7	556852321	7	18
6	6424315210	6	872584191	6	25
4	729867579	1	183919944	1	6
4	2366113066	4	554302639	4	10
8	1744674043	2	619522691	2	7
7	7994442295	7	1562615191	7	20
3	1222935586	3	435508460	3	13
4	1339857878	3	674086747	3	3
13	7199266879	13	1481957996	13	41
4	1645416906	4	499101153	4	17
7	3196488552	7	927095200	7	21
13	4621283396	13	931039215	13	37
6	2009559001	6	556015723	6	14
7	2186537533	7	868667189	7	20
7	2626596132	7	1166220903	7	20
2	4882713998	1	1109632250	1	7
6	1917624959	6	808002201	6	10
7	0	0	2835814718	7	2
7	2664104130	7	801451855	7	11
6	4826220285	5	981161971	5	26
8	3362382019	8	621681179	8	13
6	4841108056	6	1115547279	6	22
6	2266997346	6	752575652	6	10
4	2334135194	4	679244582	4	11
5	3554663539	5	1105107107	5	23
4	2787101194	4	748074690	4	28
5	2508820877	5	610193581	5	35
12	6355325514	12	995058180	12	22
5	2868146645	5	798083173	5	14
6	2492784215	6	309526823	6	13
10	6919349396	10	1130184562	10	13
6	1545861142	6	368702225	6	17
5	5461925804	5	1488447720	5	17
7	7193906293	7	1124550757	7	26
7	5538937564	3	1431357623	3	19
4	8625069561	1	1645526989	1	12
9	2725293612	9	496577512	9	17
8	5072031903	8	807181266	8	37
7	3069293427	7	981029727	7	19
8	2433947718	8	247017575	8	16
6	1720883629	5	684170647	5	8
10	2476023051	10	239636823	10	29
4	3876213115	4	556501409	4	16
7	5711806432	7	871720040	7	34
5	1932152743	5	867492811	5	21
1	4110395393	1	1439078965	1	9
9	7960602896	9	1427644583	9	39
6	4770593317	6	1303769041	6	16
8	2438123069	8	624257798	8	20
7	3534893442	7	1115189443	7	21
6	2135279064	6	484941030	6	14
5	2221492510	4	671030361	4	12
10	8967997742	10	2182487490	10	26
5	1065613380	3	423396038	3	11
6	4205986452	6	1117808900	6	27
6	2527031946	4	881755396	4	10
6	1814722081	6	435940263	6	16
12	3312605027	12	436741269	12	16
4	3242599212	4	503749926	4	26
8	3201226718	8	243456238	8	21
5	1910117674	5	1422118918	5	6
2	4306378857	2	1117508801	2	5
4	6861972724	4	1604974543	4	15
10	2894023191	10	873552812	10	25
6	2201756056	6	492298407	6	15
6	3194508692	4	431393876	4	16
8	3988488736	8	1235567600	8	16
11	5344086866	11	1748894810	11	18
9	2363455359	9	246270686	9	33
7	2783000859	6	313484869	6	9
4	735479696	4	122773341	4	16
10	2622806475	10	320348313	10	23
7	2307915015	3	2469764147	7	7
10	10208369211	10	1479005179	10	43
3	7112392251	3	2053122615	3	13
2	0	0	1686716520	2	4
4	8528673419	2	1470211793	2	18
6	2820486725	6	1537456794	6	10
4	425364233	1	436768375	1	4
10	2752190094	10	626355298	10	31
5	3867979217	5	860834610	5	14
4	916102285	3	445158101	4	18
3	4135456652	3	1042441810	3	29
5	2015483464	5	563454461	5	10
4	7226269374	4	1498550578	4	29
8	3385941582	8	623629569	8	20
8	2023917609	6	310834158	6	15
10	6549228512	10	1180379113	10	30
9	2181488278	9	425456303	9	23
11	5014542699	11	1300065637	11	17
10	5603576390	10	806109467	10	19
3	601654743	3	307733590	3	5
8	1665522780	8	377520643	8	12
5	500569127	5	184712324	5	6
6	4108616061	6	808367704	6	14
4	297534015	3	246561044	3	5
6	374866085	5	125847830	5	8
6	1576678419	6	544949027	6	21
6	5674434442	6	1799681621	6	25
7	1592071981	6	555627135	6	17
8	6208586318	8	994438205	8	39
6	2128073502	6	308031078	6	17
7	1947936871	7	492877768	7	15
8	3917945256	8	812857817	8	23
8	1817741035	8	500717281	8	17
6	1220992459	6	434208031	6	9
5	3303530237	3	612982059	3	15
5	3409100365	5	1110340471	5	11
7	2433398465	3	936949696	3	15
6	1775331830	6	431461242	6	16
4	8037644895	4	1558251060	4	23
6	2142415478	6	994062298	6	22
7	5460551427	7	1122770924	7	11
8	2753111033	8	183133601	8	32
13	3419229881	13	557264827	13	25
5	59399967	1	64511670	1	6
3	4473788780	1	1488587354	1	11
4	5111126163	2	1036396737	2	19
6	6119475056	6	805892278	6	33
5	1105713940	5	362950246	5	6
4	2616200232	3	1103746076	3	24
8	2969269402	8	371222071	8	29
7	9939304378	5	1719822159	5	11
7	5834257393	2	1189314371	2	10
4	4289327809	2	746315715	2	15
7	2860423730	7	982064123	7	24
4	2516703595	2	624117091	2	17
7	756152691	7	309772607	7	17
8	3798086781	8	740369034	8	18
3	2527295485	3	251855403	3	28
7	6058214019	7	1502854817	7	10
6	5672840863	6	1188159027	6	17
7	6619010336	7	1382954223	7	17
9	8525951123	9	1734555432	9	30
6	3287016346	6	626494907	6	13
6	4675404954	6	746333372	6	28
8	2515785115	8	800903197	8	18
8	2648115343	4	864767227	4	11
7	4901844326	7	802201448	7	33
7	5976994274	7	1366258838	7	26
7	5132855816	7	674727815	7	22
4	1668972056	4	553363158	4	12
6	3358026573	6	1351133449	6	6
6	2364872676	6	626478188	6	14
5	1038435755	5	676343116	5	8
6	4761168751	6	741677796	6	16
3	1115517548	2	615170750	2	3
8	2896854120	8	1482607993	8	14
7	1752453618	7	185925720	7	25
7	4075032750	5	618396632	5	26
9	6779145325	9	1057540040	9	43
10	5683768866	10	876223348	10	46
4	2372489203	4	680220310	4	5
3	2749126630	3	800219410	3	14
6	456176417	4	252358523	4	4
8	6352897740	8	928806815	8	31
7	0	0	2776382903	7	5
5	1582112709	4	427492950	4	9
7	2285134219	7	672318518	7	23
9	4066011989	9	675552252	9	26
7	2324668778	7	310997874	7	12
4	4934519486	1	1182893913	1	3
5	8024455737	5	1371072476	5	20
8	2975841427	8	558123394	8	24
4	3054553499	4	862404525	4	14
6	1358686369	2	609914560	2	6
5	4693513471	5	1475843929	5	18
7	2141160475	7	487875786	7	12
5	5088730740	5	1052363090	5	30
8	3198578929	8	544286514	8	20
6	1528929204	6	610525490	6	16
6	8219708055	6	1411660733	6	23
8	6980353747	8	1235533682	8	18
4	3857356902	4	1173315072	4	12
7	3567088486	7	622908465	7	14
5	1772618928	5	305985758	5	12
3	2812829372	3	622642010	3	14
6	3769415243	1	869458189	1	14
3	811830887	3	182717004	3	10
4	2791076367	4	868503049	4	19
8	2473581418	8	362903240	8	25
3	1527830675	3	498348460	3	14
7	1941441066	4	247707108	4	12
9	6602771656	9	1481777813	9	24
8	2219399775	8	316932400	8	19
8	3453238175	8	1117053028	8	14
8	6255402681	8	1063397003	8	38
7	1358019140	7	253973522	7	9
3	4830962075	3	753395023	3	17
6	2368536049	6	1169070423	6	12
5	2570328633	5	491457084	5	12
4	912059243	1	310043025	1	17
8	2179103261	8	739466910	8	35
3	3114938794	2	937488856	2	10
7	2822476419	7	752348878	7	15
7	1542134216	3	616724163	3	7
4	2696001263	4	988808906	4	15
2	3428812227	1	489950884	1	23
4	5176200942	3	926890629	3	14
7	3697698056	7	1189491091	7	19
7	617002928	7	185535023	7	8
8	2847895947	8	559206427	8	20
2	3488896011	2	1344228541	2	9
4	4159331356	3	1119063515	3	14
3	5433314771	3	1467672532	3	14
7	1888046096	6	801272268	6	14
4	1540221152	2	435675957	2	5
9	7544210858	9	1540954350	9	18
8	4674230319	8	612567295	8	24
6	2272830998	6	489565835	6	16
6	0	0	1858077062	6	7
4	3772241921	1	685878006	1	8
9	1271691722	9	123143905	9	144
8	1200215159	8	189079639	8	14
6	3160738185	2	930566492	2	22
7	5932442113	7	997266268	7	24
8	916338703	8	245791892	8	9
6	2167259940	6	672999375	6	23
8	3190802906	8	370501920	8	21
3	2489592468	2	683412816	2	16
2	120513086	1	60986536	1	10
5	3429418202	1	919730731	1	4
5	965171850	5	190851492	5	16
4	2915802974	4	976632496	4	24
4	1875475930	4	312725951	4	15
9	2873082344	2	497765211	2	5
9	3554670932	9	749603449	9	30
10	2381985834	10	438973034	10	23
7	6649318566	7	1724218346	7	15
6	5728280629	6	1434018036	6	10
3	1488973118	1	495710603	1	12
9	4609703668	9	368971935	9	20
5	3206112986	5	376383509	5	10
5	4380918355	5	1114725378	5	9
7	1381125189	7	434504757	7	22
5	8102176335	5	1425832698	5	21
7	4078083909	5	808259891	5	25
5	614014586	5	122957876	5	8
4	559231909	2	64157335	2	4
5	2266918909	4	738425916	4	16
6	6798071334	5	1613244389	5	15
7	8892626749	7	1746715011	7	30
3	4679410011	3	1105262533	3	19
9	2006937032	9	613787681	9	21
5	1707059148	5	747158512	5	8
8	6701530020	6	1128352270	6	19
8	1628800608	8	306407326	8	12
3	1769917120	3	558066243	3	12
7	2256079268	7	938153391	7	12
3	1607826298	2	686473038	2	9
4	1559613258	4	183757469	4	16
5	0	0	1670166107	5	6
4	4616358270	4	869875414	4	8
14	2010744746	14	317750429	14	29
7	4073339338	7	1032521146	7	15
6	3176179240	6	609058425	6	15
2	7267587843	2	1309675724	2	16
9	7304444247	9	1186282589	9	23
2	1712699880	1	308069375	1	6
6	1210510318	6	369733328	6	21
3	2826200930	3	744744452	3	5
8	5087690950	8	1487606201	8	18
8	7188608894	8	1178813388	8	44
3	4679783804	3	863154399	3	6
8	4755090874	5	941089279	8	27
11	6052659229	11	1127387819	11	21
6	2446447537	6	751931682	6	12
8	6340866713	8	1614225877	8	16
9	4965568646	9	617710956	9	33
7	3749768867	2	1356708024	2	8
11	4922716635	11	619429642	11	30
8	843483467	8	124675632	8	20
5	2031137352	3	914327784	3	6
10	1834128341	10	443756525	10	15
9	4877406553	9	624614761	9	29
5	2688570887	5	1310146193	5	5
7	8645428505	7	1543563959	7	23
5	3214833310	4	739361038	4	85
6	4616750116	6	807958348	6	31
5	3776933342	4	994250612	4	18
7	4951354681	7	1131067951	7	18
8	2293650319	8	936457949	8	19
3	2889826416	3	499067001	3	5
5	1300124772	5	497129004	5	12
6	3224237887	4	862741941	4	13
4	6569902175	4	984928114	4	9
5	3195328245	4	3825792459	5	20
6	6411979770	6	1175419245	6	27
3	1155433593	3	793685778	3	9
4	3821939071	1	856744293	1	17
8	4311715341	8	793580617	8	36
8	5022564513	8	1682252093	8	8
5	4178158870	5	1055794219	5	22
4	2486357414	4	815572454	4	12
5	1762428439	5	614117032	5	7
4	1592181697	4	550542499	4	4
8	5067779354	8	995668197	8	20
4	901614204	4	245520016	4	10
11	7405339096	11	1183499365	11	32
6	1839074047	6	680121363	6	20
6	604853057	2	248076778	2	7
9	4639439941	9	551388272	9	11
9	1907440524	9	433555588	9	17
6	2970467463	6	809491204	6	22
6	2591997405	4	674245374	4	26
3	976729456	3	186809725	3	8
4	1639899022	4	500521337	4	9
2	6488380098	2	1367944520	2	12
4	4923379679	1	933806042	1	26
12	3561225659	12	498027884	12	33
6	4604641678	6	506120630	6	25
7	4409362895	7	551657267	7	15
5	2623428454	2	614535301	2	21
1	2894987178	1	926528506	1	12
9	5438049075	9	796741919	9	24
2	1657491526	2	742016775	2	12
6	2978524583	6	741932191	6	19
5	5515011774	5	617624805	5	20
9	3210281911	9	435118460	9	21
10	2310075494	10	254091941	10	21
5	1343237831	1	490682405	1	9
6	3295576014	6	740527163	6	16
3	6262403535	3	1503904927	3	16
6	3661810501	6	730450523	6	19
7	3363101845	7	995727674	7	18
14	1466806793	14	127723659	14	23
2	430500747	2	123076080	2	8
10	8118529244	10	1291682971	10	28
6	1155421211	6	495208791	6	179
7	4036628846	7	1374518531	7	33
7	4448135693	6	1298366902	7	79
7	731579432	1	365964031	6	17
8	3285303779	8	666673899	8	18
5	4894346333	1	1057232666	1	14
7	1639314750	7	550587884	7	12
7	7870167383	4	1312512007	4	22
5	304273429	4	120716705	4	9
8	5819135338	8	796173536	8	22
9	2528996643	9	124858106	9	19
5	2613248648	5	941003275	5	19
6	3091652451	6	628402223	6	13
3	2388627575	1	741600991	1	13
6	3013848007	6	1365190661	6	15
2	1428363117	2	608681118	2	13
9	7224006915	9	681749741	9	25
6	2092355780	1	496692206	1	8
6	4977354862	5	1301242378	5	15
8	4184938629	8	1045571264	8	20
8	6498570322	8	1497185138	8	16
2	1419618040	1	613800785	1	6
6	4382312721	6	1058413073	6	28
5	3489291369	5	1109435139	5	20
6	4583038984	6	801594027	6	19
7	5354014288	5	685500268	5	23
9	1382671492	9	358892389	9	18
6	1282612316	5	617408393	5	9
7	4605338101	7	620818801	7	31
4	2450086100	4	562574388	4	8
5	1391822473	5	553162541	5	21
6	3416324166	6	611469753	6	24
6	4335861752	6	929502645	6	22
6	1782042278	6	424984898	6	9
2	6011267196	1	1165698882	1	11
6	5453577871	2	813303128	3	15
7	2366742457	7	926705064	7	9
6	4115565262	2	1045186475	2	13
6	6622979788	6	1873548654	6	16
4	5909491716	4	1363159736	4	9
5	2852734290	5	682339586	5	15
2	970973227	2	304292315	2	9
8	1469223951	8	252001511	8	17
11	3792572847	11	493527163	11	35
8	795540658	8	312303845	8	18
8	1700554658	8	247185742	8	15
5	1538697026	5	370609694	5	14
10	3518728802	10	490776499	10	18
13	4417609694	13	989239650	13	213
7	1806333615	7	247200279	7	23
4	4548215986	4	1361911710	4	26
3	309367583	3	128473192	3	7
5	2745238615	4	687456096	4	16
12	2188793652	12	495595762	12	25
5	361481199	5	182684398	5	11
7	2570333073	7	684369279	7	15
10	6757087520	3	1726348380	10	14
5	2846911511	4	857272051	4	13
5	61698768	1	64239617	1	4
7	6531406401	7	927420637	7	38
8	1699994047	7	609537747	7	11
6	2679280620	5	675141158	5	25
13	3836868423	13	809539896	13	35
5	7519306176	5	1503441953	5	19
10	3721602774	10	689557047	10	34
4	1334504618	4	561064419	4	11
5	3995848682	5	936022326	5	23
5	3226802197	5	557068547	5	16
8	3565173677	7	493850297	7	164
6	2705211752	4	930302238	4	20
6	3200605863	6	1055725243	6	15
4	1578704625	3	124483732	3	12
4	553365560	4	128621761	4	7
3	1825122646	3	555349167	3	18
7	822412410	4	376261597	4	11
5	1280303243	4	250314373	4	16
9	4968657092	9	887417576	9	36
10	3269649085	10	440761400	10	33
3	1654487393	3	885320683	3	6
4	6261166179	3	1171044916	3	25
8	4581125307	5	1106765520	5	12
8	251388075	1	185576156	1	3
11	2983078952	11	549235304	11	151
5	2198667369	3	807467721	3	4
3	3880857101	2	785969291	2	25
4	6408915637	4	874007462	4	19
9	2423966850	9	505550370	9	18
10	3929382253	10	751491203	10	29
10	5087833529	10	1243901142	10	23
5	0	0	1850750822	5	12
4	5618224264	4	866890986	4	29
12	2556725908	12	370929316	12	28
11	4635234534	11	1167967702	11	25
5	3404339157	5	863722770	5	38
5	9654427496	2	1930472202	5	19
9	4680130909	9	806824446	9	49
4	5237799269	4	1294062057	4	24
5	5249970536	5	869872832	5	23
11	4918646951	11	1171663868	11	27
5	3857646109	5	1178963131	5	22
8	5156355040	8	1038879872	8	18
9	1678222695	9	180380166	9	29
9	7977170186	9	871045665	9	41
6	8432359722	6	1624772955	6	11
6	7364025829	6	926429761	6	33
6	1157707529	3	501040257	3	10
5	3030262272	3	745038786	3	24
6	3286150915	3	1122259547	3	21
5	10322479232	5	1677412534	5	34
7	3527745244	7	1050976070	7	8
2	6334194821	2	1745804498	2	13
8	2966142884	7	858118966	7	22
8	4221398551	8	857817071	8	24
8	3720480899	5	368946214	5	24
7	958881537	7	439636452	7	13
5	1806894553	5	431962023	5	10
7	1410386967	7	500508436	7	16
6	6543947349	6	1056926900	6	14
10	3046329550	10	493792355	10	18
7	4282530991	7	1433746455	7	30
9	1506813588	9	312329802	9	24
8	3999143519	8	991865400	8	16
6	4902443442	6	1057742247	6	22
3	1411403213	3	369000399	3	9
9	2118515333	9	245354862	9	39
7	2500225023	7	930102104	7	26
8	4839814287	8	929329523	8	35
6	4939369035	6	863763701	6	33
3	5180306049	2	798363486	2	7
13	6393932410	13	3508809283	13	19
4	4097588852	3	869340287	3	18
8	2499977895	8	1213958405	8	15
8	3142992850	8	437855727	8	43
7	4700089551	7	1170871426	7	33
10	5552064091	10	987925502	10	12
8	4085326587	8	625546786	8	24
6	3196170650	5	615288966	5	8
7	2912022125	7	685992489	7	15
6	3090852934	6	1185522720	6	9
6	3144685275	6	997058051	6	8
8	2520992123	8	968480292	8	16
4	2474857921	4	674497456	4	29
5	3576298581	5	979647895	5	16
4	3206994316	4	1114529431	4	16
6	5599504770	4	2100831712	6	19
8	7037082410	5	1904525228	8	25
4	4704843227	4	1124125446	4	22
7	4318357870	2	1098923202	2	9
4	3590045975	3	800571544	3	17
2	4428338764	2	1351275180	2	18
3	1152830263	1	243834646	1	5
11	5717986060	11	1097744103	11	31
5	995754249	4	238725069	4	9
6	2503650401	6	437264542	6	20
