6	2095937264	2	923191629	6	19
5	0	0	1131220468	5	2
7	2316110149	7	427565134	7	36
4	0	0	2318029395	4	4
5	0	0	617030990	4	4
5	399474043	5	125679043	5	10
7	0	0	1993146128	7	19
5	1116951132	1	877129201	5	6
4	307522594	3	247471796	4	11
6	493689001	2	1724770393	5	14
9	0	0	1717020751	9	1
7	750146143	2	610734121	7	7
5	0	0	1986985403	5	8
13	0	0	1113802176	13	3
7	0	0	1122653218	7	41
7	1276388241	1	1177633796	7	19
4	2087196039	3	304803141	4	28
7	0	0	985761396	7	22
5	0	0	564240627	4	12
5	1793431871	5	563369600	5	38
9	1243174843	9	555420304	9	21
6	0	0	995335178	4	33
4	0	0	1047755701	4	2
6	1244827785	6	371105415	6	95
6	0	0	1241400207	6	8
7	0	0	1116857349	7	23
10	0	0	999149915	10	13
7	0	0	1185108967	7	13
9	0	0	1500257454	8	7
4	381209423	4	190132687	4	17
7	1027558119	7	374577846	7	43
8	0	0	1305601072	8	8
5	675471857	3	118676801	3	9
4	741958036	2	920756911	4	23
8	0	0	985385044	8	76
6	0	0	1178513467	6	12
5	1473099940	1	2039330188	5	14
9	1231828734	9	239991077	9	82
5	1859539220	5	554459902	5	20
7	666046234	1	381693123	1	6
6	1414484948	2	872125494	6	6
8	0	0	1292977944	8	4
7	481256604	1	2235326732	7	71
4	1222200041	4	245137022	4	14
4	618012513	3	182604633	3	13
5	0	0	1109441400	5	12
10	1499626523	10	320978155	10	79
2	803795261	1	307928478	1	7
4	2139561676	4	560591838	4	26
5	3715369987	5	621566649	5	54
8	0	0	995326563	8	13
8	0	0	1181034952	8	2
7	1649377953	7	540669844	7	12
4	0	0	1118975118	4	16
5	861234104	1	868977850	5	5
1	0	0	1412153429	1	45
7	0	0	1348210783	7	5
6	552986076	6	246922006	6	15
8	2337325964	8	560101157	8	35
4	787886471	4	373727973	4	8
3	925401383	2	560007670	2	9
10	2475977625	10	862040917	10	19
7	61277809	1	62073066	1	4
6	1660239018	6	371879891	6	78
10	2680254777	10	617290563	10	26
8	0	0	928394589	7	5
12	1921155903	11	552018594	12	77
5	0	0	1178707583	5	22
8	2156408936	8	430581204	8	31
3	1289666399	3	437833202	3	10
6	673541701	4	373097164	4	10
4	1113178443	4	615592847	4	27
6	1893409710	6	612996944	6	13
6	0	0	1372163634	2	6
9	0	0	1548585791	9	7
5	0	0	1106762506	5	4
6	0	0	1185054071	1	2
4	736075005	2	488027252	2	7
5	0	0	925332133	1	11
9	0	0	980213433	9	2
6	0	0	866917678	4	12
3	0	0	618038421	2	4
6	0	0	1186864760	6	4
3	0	0	1040196085	3	16
8	0	0	867750604	8	8
2	2499737407	2	686098618	2	32
6	0	0	801782382	4	11
4	379825740	4	311262137	4	8
3	0	0	1371522690	3	3
4	1897419259	4	805769507	4	7
10	1525024217	3	496222972	10	12
3	1167733362	3	497266993	3	13
5	0	0	1434260561	5	30
6	0	0	982649791	6	4
4	546508988	3	241981630	3	10
6	609036041	6	320546535	6	19
8	1828154699	5	310739012	5	29
9	1407858867	9	492051171	9	19
7	2703647667	7	740828579	7	20
7	0	0	495008679	7	39
8	0	0	1413983275	8	28
4	0	0	1245833991	4	2
7	1775818001	7	254597180	7	38
8	0	0	1548948715	8	2
8	0	0	1804718309	8	4
3	1301100960	3	756105976	3	14
7	620986783	7	187105860	7	7
9	1114884641	9	248053929	9	16
8	2826035784	8	555913100	8	87
7	1870721890	7	567575821	7	15
9	0	0	999669152	9	36
5	1839510325	5	672142762	5	13
5	0	0	1489753328	5	2
5	1109533123	5	613772256	5	9
9	0	0	1119982264	9	11
9	1854501769	9	428571990	9	26
5	1832948488	5	503455568	5	41
4	0	0	1749122216	4	4
6	1774059847	4	802703756	6	11
4	556132205	2	189113946	2	5
6	2455454509	6	366061455	6	19
15	1558215909	8	498871325	15	46
4	2075271283	4	559373475	4	26
4	805852228	3	183569728	3	8
8	0	0	993678270	5	6
8	1476987647	1	985971239	8	9
3	678103383	1	245299446	1	6
7	0	0	1049992958	7	4
6	1659413872	1	799131873	1	20
4	1110695452	4	189920240	4	14
8	0	0	1555964247	8	3
5	1713196192	5	373941528	5	15
9	2263951342	9	623349256	9	21
6	0	0	1159519632	6	10
8	0	0	875692540	8	2
2	0	0	676017439	2	31
5	0	0	677739974	5	32
6	598870969	6	186324790	6	29
8	1168459962	7	377495257	8	24
8	1070360517	8	239572796	8	36
3	0	0	920672097	3	6
5	0	0	1183719235	4	2
10	2273958223	10	372122806	10	44
12	3115456016	6	990535321	12	26
6	922706103	6	497908044	6	8
4	2605728266	1	934409154	4	7
10	2801851573	7	807561147	10	18
10	1617105955	10	316935363	10	49
6	0	0	991455225	6	11
9	824420789	8	437867312	9	9
5	374586596	3	123442765	3	8
8	1339157603	8	183730262	8	22
8	0	0	1285441306	2	4
6	941042017	6	188224498	6	48
8	1900543851	8	689055153	8	35
10	1587110617	10	685029019	10	55
10	2027652295	9	561950446	10	30
6	1864935780	6	440724446	6	11
6	0	0	1040257827	1	3
7	0	0	1183120246	2	13
6	950855093	5	992767088	6	10
5	1546645652	4	183981174	4	9
5	2080795737	5	748551330	5	18
4	1166698415	4	427909335	4	21
4	0	0	679419542	4	16
5	2360156304	5	799000476	5	60
5	0	0	1800602826	2	5
8	2227647895	8	805149300	8	22
10	0	0	1301228407	10	5
7	0	0	1487937475	7	4
6	2144196225	6	433858234	6	27
8	2699675276	8	620948919	8	29
6	1455016778	6	496716540	6	77
4	60746326	1	311018122	4	3
4	2751376668	2	1168478696	4	43
4	812900520	2	867204474	4	25
6	1658011343	3	550556798	3	14
12	1763373600	12	494261719	12	80
2	182090482	2	124580267	2	7
6	0	0	1593431989	6	2
5	0	0	930320368	2	2
6	2298486086	6	552240475	6	38
3	1285361502	3	682218065	3	20
5	0	0	1444591756	3	2
6	0	0	743924783	3	2
8	1808360570	7	1104082596	8	20
6	2243209759	6	696865443	6	9
8	1886139750	7	681059145	8	15
7	1414655184	7	683064072	7	10
8	2181422318	8	697141003	8	32
9	3747160572	9	439535882	9	74
3	194109844	2	187195983	2	4
8	1554991832	8	495024639	8	19
8	0	0	1058318248	4	9
6	364947164	6	124580243	6	6
6	1187257571	5	433799148	5	12
4	1473024644	4	559932886	4	42
5	579752777	4	185055739	4	5
4	0	0	1973438754	4	2
5	0	0	1239515529	5	8
5	0	0	1108774284	5	6
5	863728948	2	504295766	5	8
5	2152939951	3	986745219	5	36
3	0	0	927823047	3	6
6	2093592798	6	741348610	6	46
2	0	0	1486637449	2	5
7	0	0	1009733808	7	16
6	0	0	1681759468	6	3
7	0	0	1847908171	5	10
9	1407403184	9	374175909	9	25
4	0	0	1294766110	3	28
6	1424821472	1	1051456237	4	9
6	1098214752	1	797590264	6	15
6	0	0	754841866	4	4
12	1333075735	12	317403229	12	21
5	2927874652	5	185815367	5	34
6	1000056024	6	306437634	6	17
7	3300332583	4	871734653	7	40
7	1100152951	2	988965897	7	4
5	1100672480	5	186871219	5	37
3	0	0	373573727	1	2
5	1462188593	4	381033298	5	7
7	924503673	2	373661207	2	23
5	0	0	988605973	3	47
5	0	0	250870236	3	2
6	864491999	6	121607646	6	7
6	818377090	1	488887792	1	5
5	604758552	1	180599179	1	6
5	0	0	927418315	4	39
5	1402250881	2	811539049	5	42
6	0	0	939001883	6	20
2	742422607	1	425908253	2	5
5	0	0	1224595114	5	4
8	0	0	1738634726	8	2
5	1126909426	5	241000426	5	8
8	0	0	798727890	8	4
2	0	0	800586304	2	2
6	492154039	5	182151364	5	17
6	0	0	1053745716	6	32
8	611739793	8	190076670	8	10
3	365910569	1	192129015	1	12
3	124491193	2	123186237	2	2
6	0	0	1608380429	6	2
8	1427324073	7	919184061	8	16
9	2236966933	8	853546424	9	13
4	0	0	1479589882	4	20
7	3645605533	6	669536098	7	45
1	0	0	802945851	1	10
8	0	0	1292827952	8	4
10	0	0	1290516868	10	4
9	0	0	1172918960	8	4
9	3263537785	9	493915264	9	50
3	1475467194	2	684841487	2	15
5	887342090	5	368222075	5	14
7	0	0	1058900238	7	5
8	0	0	1924697910	8	8
6	1240778498	1	681046236	1	5
4	479741657	4	183299096	4	7
6	723960145	4	122710595	4	17
10	985652401	8	374880160	8	18
12	3498731074	7	878131514	12	29
5	0	0	1307940778	5	11
7	2066799825	7	630277717	7	23
5	0	0	614945337	4	33
5	0	0	1608228684	3	4
10	761254855	8	250746952	8	16
10	2685705163	10	373098830	10	29
4	1036727689	3	427501993	4	8
7	2200469970	7	743732291	7	12
5	0	0	1475569247	5	28
5	2284209544	5	431792297	5	42
6	1330968761	6	370902733	6	31
5	1215598991	5	499553663	5	15
6	0	0	1436940146	6	5
3	309678267	2	802243699	3	5
6	1554361716	6	436012829	6	10
8	915060399	5	883217430	8	17
8	0	0	991275907	8	4
6	0	0	1368793422	6	11
5	0	0	1166508381	5	2
7	309242097	3	1376443289	7	8
4	0	0	993098565	2	8
5	847583418	5	307458233	5	7
6	0	0	1482190223	6	5
5	0	0	1621557171	1	2
6	930190258	2	567982130	6	12
5	2047682045	5	754437479	5	23
5	676997735	4	304165530	4	40
6	1451071696	6	500036670	6	6
8	1963589048	5	305175732	8	25
8	1608791647	8	435751303	8	11
5	0	0	1496374168	5	2
6	809102482	6	187335791	6	65
7	0	0	1124115584	7	3
4	315932663	3	249393977	3	3
5	0	0	934851276	5	8
4	1345229027	2	736176099	4	9
9	1534757868	1	1039402699	9	18
8	1897364565	8	684848831	8	32
8	822844450	6	740579326	8	6
6	1644349567	6	241211480	6	12
5	2275333227	5	559680193	5	17
4	0	0	927008076	3	2
8	933030987	5	316904886	8	10
4	2333528416	4	611863050	4	31
5	619712136	1	308688648	1	7
7	1414254470	3	919921698	7	14
8	1956513666	7	685607311	8	13
7	4258063058	6	549182830	6	64
10	0	0	1319310809	10	8
10	0	0	1053565738	10	24
3	0	0	1544770443	3	2
5	2648199175	5	488232380	5	35
6	2655311238	4	681107667	4	29
7	3874030146	7	739981302	7	59
5	731550325	2	925854678	5	9
6	1277466008	1	245269759	1	6
6	2764707010	2	1059865304	3	29
5	1424932940	5	371742013	5	14
5	1280284210	5	435916091	5	65
8	0	0	1052653605	7	9
7	1554234237	2	737357365	2	10
3	0	0	869652309	3	5
2	1783168488	1	1305384003	2	55
8	0	0	683448525	8	7
9	2055618286	4	926009956	9	13
7	2038641580	1	673629281	7	18
10	1179181316	7	312919069	10	84
7	1300543298	4	806829781	7	10
3	0	0	688465827	1	10
4	0	0	496058246	2	7
2	558454262	1	1360137896	2	49
3	731668584	3	557954522	3	14
5	0	0	748031373	5	4
12	0	0	1739258837	12	2
8	0	0	1419758509	8	2
7	0	0	1159724059	7	18
6	562791410	4	313710480	6	6
8	427925697	1	743428005	8	16
7	989433101	7	126226457	7	17
3	0	0	865358150	3	13
7	0	0	941156974	7	9
7	1826601000	4	1468959611	7	58
8	0	0	1054887896	8	5
3	186647822	1	61056425	1	13
5	0	0	1006614614	5	9
3	0	0	939503335	3	2
13	0	0	1067340178	13	34
10	0	0	803158813	10	14
4	315106025	4	123552178	4	13
5	1135259666	5	620443471	5	7
5	0	0	924234582	5	27
4	62590243	1	63642970	1	1
4	0	0	739790106	4	2
5	2360727846	3	550259275	5	50
6	0	0	979905138	4	2
4	0	0	1176857765	4	4
10	0	0	934548178	10	3
4	63435010	1	755660761	4	8
6	611766675	2	62524975	2	10
8	1566886791	6	870267709	8	6
7	3515739722	5	743563538	7	36
4	0	0	1169502594	4	2
7	0	0	1486600108	7	6
6	0	0	872816662	1	14
13	2393776595	8	806924367	13	30
9	1539613976	9	245964001	9	35
5	0	0	1710236313	5	2
7	0	0	1228114447	7	4
8	0	0	1440437238	8	7
11	0	0	1414633325	11	2
8	0	0	984168882	1	2
7	3425661296	6	814699593	7	35
6	1609577400	6	499786956	6	15
3	2275552344	3	697548036	3	30
6	1230962095	5	497651827	6	9
3	1600475621	3	306291471	3	20
3	0	0	925561597	3	2
9	2590799397	9	428962583	9	14
5	2164375822	3	751055531	4	53
3	1559770875	2	487158875	2	6
12	2188812913	1	869538221	12	17
7	1361329081	7	309378003	7	22
7	0	0	1860386664	7	3
3	58485163	1	126160550	2	9
8	0	0	1348879826	8	21
6	2141909896	6	807195874	6	22
6	686453382	6	246620886	6	15
7	0	0	1593283248	7	2
9	1303048728	6	373606398	6	14
6	2285058320	6	821395804	6	23
7	1548380726	7	565229321	7	12
11	3294607125	11	738344210	11	47
4	1228634943	1	674100130	3	8
7	0	0	987177381	7	7
8	0	0	875782377	8	8
8	427955729	8	244748852	8	61
7	1646537266	7	630112724	7	16
3	0	0	1050957304	3	12
5	0	0	682649837	1	5
8	0	0	1308822913	8	3
6	2241629943	6	502373128	6	19
6	1270032032	6	309602264	6	90
8	2486103453	5	872641183	8	25
5	2743089844	3	871339412	5	25
2	1430649898	2	612269563	2	17
1	370946857	1	308450939	1	6
11	0	0	1733307095	11	3
10	2792432415	6	919089294	10	23
4	1616504070	2	681359290	2	9
6	0	0	978076227	6	3
7	1062833541	7	316276950	7	7
10	1632061429	6	935990204	10	11
4	1774806539	4	623063468	4	19
7	0	0	803447076	3	9
9	2284703975	9	502737659	9	87
5	934437478	2	1045714812	5	10
5	681159565	5	187209250	5	60
8	1969310556	8	120538242	8	28
2	0	0	1070824974	1	6
11	1417581586	11	623470863	11	32
6	0	0	1245645549	6	5
5	1848752438	1	686817066	5	35
6	727905617	6	189932150	6	52
9	673056234	3	935306249	9	7
13	3225427319	13	252363784	13	90
3	0	0	1804923661	3	4
9	1561232385	9	375455932	9	36
10	3260606737	10	504001862	10	26
9	0	0	812259543	9	6
2	0	0	631697220	2	5
6	1742231664	3	813182890	6	18
4	0	0	1129290588	4	11
5	0	0	489240906	5	1
9	0	0	671152801	9	2
10	1548842634	9	497272977	10	42
6	2156951599	6	677845070	6	41
9	1665760666	9	502025088	9	15
11	2495390627	11	493677822	11	37
4	0	0	1182973792	4	11
8	667037469	1	748326446	8	13
11	3936361903	11	317429985	11	86
8	0	0	1540685446	7	2
4	1659493944	3	682419592	4	21
8	1715870069	7	553908898	8	22
10	1302202392	10	481923979	10	10
3	0	0	1041399959	3	3
9	0	0	749413931	9	43
9	1656939787	1	1000434406	9	14
8	3744919158	8	363101060	8	137
6	1542252682	2	545724192	3	21
6	0	0	934495287	5	3
5	736898687	2	182905884	2	11
7	2644457824	7	374772506	7	29
6	1875716601	6	497230723	6	22
7	0	0	1550664676	7	6
5	1457858880	5	314338307	5	61
4	940381245	4	365179962	4	39
9	0	0	971372752	9	2
6	1788395004	6	746115404	6	24
8	0	0	1551748813	8	13
8	1046976466	5	249001693	5	16
4	1403114446	4	624934671	4	29
6	1543397370	1	1309369786	6	15
8	0	0	1237604567	8	11
7	0	0	1218839120	7	6
5	310536304	5	120477352	5	7
5	0	0	1360336869	5	12
9	0	0	1128029473	9	3
7	3142900474	1	747360974	1	10
6	1657336763	6	371975577	6	11
4	0	0	935579157	1	10
7	923990901	7	493816436	7	10
7	1588024097	7	556136318	7	26
7	1301560965	7	191507408	7	16
3	1137128150	2	498621832	2	7
5	0	0	1549976940	5	34
6	3134361101	6	500064096	6	42
5	0	0	993314784	5	2
4	0	0	861286006	1	2
7	2402774009	7	434540227	7	60
4	2395928919	1	917322425	4	30
6	1375701700	1	985298412	5	7
10	0	0	984096580	10	6
3	0	0	1358692142	3	6
9	0	0	807120789	9	2
5	1051263624	5	249616959	5	9
5	0	0	1370027239	4	2
6	245305618	3	124453074	3	42
5	1174323894	5	613032043	5	16
7	1471026361	7	367779567	7	10
4	244422323	1	122331955	1	10
7	0	0	1674793786	7	6
2	2006351222	1	743978890	1	15
1	0	0	749227152	1	16
2	1040103101	2	247685315	2	14
4	1640816817	2	556209841	2	34
3	1304311698	3	674637745	3	13
5	0	0	737706584	5	2
9	1113524502	1	855772524	9	13
8	0	0	990334059	8	12
4	0	0	551472181	3	8
11	0	0	1434838071	11	2
4	1400146210	2	618846989	2	12
9	1107248379	9	181178697	9	15
6	1124798458	1	746910521	1	7
4	0	0	684121672	3	2
6	677180932	6	315173203	6	43
9	2494532007	9	427181188	9	30
7	0	0	1924380419	7	8
7	241103318	2	118854843	2	3
12	2292028782	12	559856203	12	52
6	554016232	1	1668402079	6	8
4	0	0	1431265363	3	3
4	2218937661	3	545656407	3	72
6	1634466036	6	563355481	6	29
4	0	0	1188663010	4	11
3	323269641	2	240365585	2	5
4	0	0	940215841	4	12
2	0	0	742682423	1	6
6	3459158857	6	745808451	6	94
7	0	0	1379196652	5	21
8	3859219816	8	191344769	8	49
7	0	0	2180437488	7	18
9	1232220353	9	304973691	9	13
11	0	0	1363788252	11	11
6	1736855803	6	556462163	6	7
10	0	0	867805565	10	9
3	0	0	874610290	2	10
7	2058398626	6	926699466	7	17
7	1939121531	7	611307232	7	25
12	1665185182	12	307336804	12	48
12	2843915491	12	305808216	12	80
5	0	0	1002518753	3	7
9	0	0	1485733681	9	12
8	2613732208	8	558066604	8	67
9	2109103855	1	931373226	9	32
5	0	0	878616252	5	6
9	1459983890	7	739042715	9	17
4	0	0	1171191335	4	6
5	248084992	2	121549875	2	5
7	2048183724	5	799324903	7	16
9	614649404	9	186678670	9	60
5	1920208537	4	623760252	5	16
7	0	0	1305137266	7	6
6	1851146002	2	930630316	6	13
8	0	0	1363584020	8	2
3	0	0	914598912	2	5
7	1475409471	7	748814452	7	19
12	1800866881	12	185235991	12	94
5	3249216061	3	430771924	3	38
8	631025713	6	308505768	6	5
7	2347768446	7	752851681	7	32
7	0	0	1482241688	7	4
7	1470799669	1	943850177	7	10
6	1067989371	6	181038817	6	9
6	2115422881	6	249810643	6	16
9	2419676479	8	680837721	9	34
8	1901697389	8	553710093	8	65
6	3032452526	6	619215853	6	50
10	0	0	1060102180	10	9
8	0	0	1366811021	8	8
7	2284946729	6	747642313	6	21
6	983844782	3	368837601	3	6
8	1542671703	5	871218909	8	21
6	0	0	1963711684	6	7
9	970225216	9	186488033	9	88
5	1263331863	5	637620996	5	8
9	0	0	1054053103	9	2
5	0	0	1300581764	5	3
8	239584618	1	245120371	1	6
3	1826105451	1	624152247	2	12
5	1826730899	4	689644785	4	10
4	0	0	1118565724	4	12
7	0	0	1556364462	7	4
6	1526702138	5	311322021	5	11
11	1839865029	11	493681637	11	72
4	0	0	1564843850	4	63
7	1373732546	4	620648268	7	14
4	366106200	3	189089371	3	8
8	2432068426	8	746813718	8	27
8	2173411999	8	503893283	8	41
3	619557158	3	252135785	3	19
5	0	0	1043589931	4	23
4	425892223	3	1047425483	4	9
7	1356700245	7	681229404	7	8
6	0	0	1180690709	6	5
7	0	0	734763094	7	2
10	0	0	1120215115	10	10
5	0	0	1802141992	5	4
7	485374985	1	243443926	1	6
10	1818337291	7	435504959	10	11
8	2218501516	7	808849720	8	13
10	1840915887	8	742542791	10	20
6	1182752509	5	563599898	5	23
5	817007918	1	933879060	5	7
4	1972189053	4	748177800	4	26
7	1158004230	7	308545372	7	22
2	0	0	1161284480	1	13
7	0	0	557350421	7	2
3	0	0	1050576759	1	25
6	1312150320	6	439951779	6	19
7	0	0	929708022	7	11
2	422728988	2	318431309	2	5
3	736731906	2	492021535	2	7
2	63861836	1	58479538	1	4
7	2098241167	7	373804982	7	57
3	867185057	1	540690785	1	3
8	0	0	1044613699	8	6
6	0	0	932146599	3	2
8	1730604865	1	996120361	8	12
3	429438970	1	1056521816	3	39
6	664987042	6	433298486	6	7
7	933413696	5	496385244	5	13
7	1502514223	4	625765358	5	14
3	0	0	1748560578	3	13
7	493508030	3	1120927984	7	17
11	1579360748	11	313744421	11	75
6	1124063088	6	549517652	6	10
11	2012949487	8	308037570	11	30
7	0	0	805907325	6	13
7	1778763241	7	309818111	7	19
8	3050428078	5	981476732	8	35
6	1536141676	3	1176467929	6	21
3	0	0	1366092514	3	4
4	0	0	933044377	4	11
4	727512833	1	118416070	1	3
7	0	0	810789860	7	2
11	0	0	1538361723	11	4
7	0	0	879771839	7	5
8	1742767610	7	556969554	8	74
7	488265747	7	251855218	7	81
4	858790269	1	503238754	1	8
3	992868235	2	496286180	2	17
7	0	0	861315694	6	10
8	2160693557	8	432974814	8	25
8	619081739	4	247283729	8	8
3	0	0	1777186633	3	10
10	0	0	677118544	10	6
6	0	0	1246209729	6	8
6	988436565	5	312868023	6	11
4	119383479	1	927103735	4	4
7	0	0	1113757616	6	4
5	0	0	1563457898	5	3
6	1711274850	5	1169289971	6	11
8	846695370	4	244255619	4	15
6	547742996	1	374112800	1	4
5	0	0	1057790681	5	6
3	1058871536	3	557835376	3	5
3	0	0	1087251354	3	4
5	0	0	1057271329	2	8
12	3882720341	10	561546488	12	49
3	0	0	1997884828	3	7
2	1873909837	2	798596206	2	17
6	1734440852	5	678237723	6	11
9	0	0	1478040498	9	8
9	0	0	1363787592	9	5
4	0	0	756003017	4	12
5	0	0	993438004	5	2
9	0	0	802916128	9	12
4	0	0	2275194377	3	6
4	1360963226	3	918889155	4	11
5	1582452436	5	305851432	5	13
8	0	0	618820150	8	50
6	0	0	1248195732	6	3
6	62975171	1	61523824	1	11
5	1704748141	5	617015685	5	6
7	1489157546	6	676648923	7	20
10	2344254730	10	689915959	10	24
9	1710659237	9	623910819	9	10
7	2783724648	6	314009162	6	28
6	502434975	6	309414420	6	4
6	1474761659	6	431656318	6	44
7	0	0	989477379	1	17
4	308580954	1	791725435	4	12
6	0	0	803381691	6	5
11	2224318842	11	365481022	11	55
12	0	0	483988896	12	2
13	1762935856	11	800180791	13	20
10	1637134024	10	316471004	10	28
7	2285232970	2	923605255	7	34
5	1708810073	5	554037732	5	45
8	2370840305	8	610362059	8	115
2	0	0	1238155189	2	6
7	0	0	1596856633	7	5
4	547770771	3	304556671	4	12
10	619412789	3	311863415	10	11
9	0	0	998856621	9	11
8	3492181080	8	442693534	8	89
3	0	0	1052690531	3	4
7	0	0	1744047118	7	2
7	1770775490	7	434996550	7	105
6	651352812	6	240995124	6	27
7	0	0	1120937208	5	18
8	0	0	796544835	8	2
3	1396291789	3	373911495	3	7
7	1149349464	4	557495360	7	48
7	2609582973	3	677779775	4	53
4	2906080218	3	863291544	4	13
8	1054864442	8	250683985	8	46
8	0	0	985246122	8	8
2	0	0	2047697358	2	8
7	1855004419	7	794345118	7	41
5	1802706904	5	502790120	5	31
7	1665353764	7	549853878	7	19
6	0	0	804459727	2	2
10	2920547338	10	668837251	10	22
7	0	0	984865346	5	4
9	1055446937	1	1178409822	9	6
10	1784455925	10	189119241	10	48
5	0	0	1491542866	5	3
7	2483267069	7	248372339	7	56
3	244119151	2	179392073	2	7
10	0	0	1415827964	10	2
8	1006480654	8	186900247	8	27
8	0	0	2478958768	8	12
4	790832813	4	252975874	4	50
6	1173695398	6	313628634	6	63
3	0	0	820529005	2	17
4	0	0	1110315277	3	2
6	0	0	796678092	3	2
11	2592126748	10	734633591	11	36
5	0	0	878147585	2	3
5	0	0	741110458	3	6
5	3611714014	5	426818248	5	86
4	1002841791	4	309827520	4	5
6	0	0	1796839102	6	3
6	0	0	799090313	6	2
3	0	0	1225058384	3	2
3	0	0	949054207	2	3
7	1860649139	4	1117728296	7	25
5	990815350	5	608512778	5	14
7	1367648238	7	555814272	7	6
5	0	0	1051923239	3	2
6	555049199	4	188654179	6	13
9	2283709416	5	869435491	9	15
11	2083635550	11	308912233	11	125
5	2002918997	5	687567193	5	14
7	1406503724	6	190986830	6	130
8	1509007491	7	554816461	8	8
8	1304455151	1	735119361	8	14
7	0	0	1601811405	7	7
6	1652238162	2	743586269	4	10
8	1601351932	4	491897150	4	18
1	61662838	1	60190078	1	6
5	0	0	1533435631	2	9
6	0	0	806379218	6	12
8	1381667438	1	996614964	8	7
5	0	0	924120374	5	2
4	1991399663	4	671072012	4	34
7	2292899876	3	992331949	7	16
7	788552788	5	180099244	5	31
8	0	0	1291267015	8	2
6	1305986049	1	566330097	2	10
7	0	0	1165780675	7	3
5	1345704145	5	751138582	5	16
5	1479743765	4	1055191070	5	8
8	2544275515	8	493769283	8	36
2	635225926	2	381323157	2	3
10	0	0	1048564025	10	6
3	235947918	1	433562430	3	15
7	0	0	1293859463	7	3
5	1723144027	1	924041792	5	9
11	0	0	1418540352	11	33
4	2026121724	4	367094469	4	21
7	0	0	1606394909	7	2
6	0	0	2191399425	6	30
4	0	0	1063854477	2	15
9	0	0	1102655191	8	10
7	1491948696	1	615941535	7	72
7	1724405784	7	500902913	7	14
6	3203374550	5	743839204	6	47
6	0	0	1810252732	5	3
6	2226794503	5	570716734	5	19
5	0	0	1734360383	5	8
11	2799869622	11	688357425	11	33
9	1911816408	9	434138619	9	51
4	1099280315	4	507819831	4	11
8	4354346768	8	367733030	8	51
7	0	0	858049765	7	3
5	0	0	1194987416	5	13
4	735240537	3	500770484	4	6
4	0	0	1309309423	1	6
6	696298259	6	374120282	6	5
4	542082118	4	187653641	4	11
7	0	0	864215992	1	3
4	0	0	1065280791	4	2
3	2741873245	2	373230979	2	11
5	0	0	1368525816	5	2
12	1366679890	12	249126950	12	66
5	306768266	4	122395279	4	12
5	1493646991	1	687243757	1	6
5	0	0	1071016552	5	7
5	0	0	996752246	3	31
9	0	0	1351186140	9	9
5	1888146923	5	560308495	5	20
4	62253264	1	59275833	1	3
7	0	0	994118554	6	4
8	0	0	943646970	8	9
3	0	0	1843362663	3	2
12	2674745427	11	671586813	12	57
6	944236805	6	306975809	6	9
4	1044917443	4	310301939	4	16
4	999776437	4	438771698	4	9
9	1423704148	9	489451888	9	10
6	0	0	2274321024	6	2
14	0	0	1235435822	14	2
6	1301898695	6	372597463	6	14
8	0	0	1536293208	7	4
6	1797887252	6	736720863	6	17
8	2283507796	6	813357054	8	18
4	2403214883	2	741146474	4	12
9	0	0	1316331064	9	2
8	0	0	1111718368	4	20
7	1233429653	6	561235340	7	12
7	558301505	1	439525893	7	11
8	933030987	5	316904886	8	10
6	0	0	2358645291	6	3
8	1842156360	1	982842805	8	35
4	2129339590	4	616209178	4	21
2	1046170898	1	802902268	2	6
5	3648147634	3	863217246	5	86
3	0	0	996576697	1	2
5	0	0	1113563047	5	4
5	0	0	1358769560	5	3
7	1153470393	6	302474527	6	16
11	1925980436	11	366209115	11	14
3	0	0	688894176	1	4
6	1875583455	5	990480988	6	12
8	1102050894	8	253345936	8	61
2	124583796	2	122018313	2	5
8	0	0	814883916	8	9
10	1368210271	1	803043416	10	13
4	1899444822	2	550833141	2	9
3	0	0	2162015580	3	2
7	1936529017	6	305861016	6	14
4	0	0	1043037444	4	13
4	543287832	4	246341023	4	8
8	3315204204	8	684800217	8	90
6	0	0	2048119876	6	2
10	2156032302	10	247153024	10	31
6	2165790742	4	799728109	6	18
7	2094032563	5	739609474	7	18
4	1907204894	3	750661862	4	24
6	500530256	2	186023417	2	22
8	1161785024	8	250848456	8	33
3	0	0	618313768	1	5
12	2223877472	12	491864255	12	32
3	0	0	990001237	3	11
6	2923818266	6	373468404	6	67
4	1823044399	4	428831165	4	14
6	871605982	6	256086384	6	43
6	2638506076	6	310066797	6	33
9	1842043666	9	315694277	9	22
11	1623186152	11	248586014	11	75
11	1167234675	11	251068034	11	63
10	4287276367	6	735198865	10	68
3	1783577367	3	561408433	3	14
12	2000592505	12	437568422	12	27
7	0	0	1170119616	7	6
5	0	0	1449039629	5	9
8	0	0	1113363507	7	6
8	1979594623	8	438474658	8	29
3	918536287	3	492893113	3	39
7	0	0	747388340	7	3
7	0	0	1792208288	6	7
4	0	0	1045942768	4	8
5	1756090714	5	619162132	5	24
9	1291494105	9	494524770	9	19
8	0	0	857377300	8	5
6	1028906792	6	246752446	6	53
12	2589975796	12	307865788	12	58
6	1148875703	6	503287795	6	12
9	0	0	931163771	9	5
8	738703656	8	248764923	8	33
5	2064203212	5	555947161	5	11
9	2056611512	8	311245765	9	17
7	1530547480	5	189093321	5	90
10	2307807422	10	889822912	10	17
8	1038254829	6	373332890	7	17
5	0	0	1305038008	3	11
8	3059414601	4	694637230	8	39
11	0	0	1113288740	11	7
6	1555450956	6	745253271	6	10
9	0	0	1475563612	8	5
10	2434886610	9	565658305	10	65
4	1616109543	4	430506936	4	13
10	1653549953	1	807514570	6	10
6	732942806	1	249949049	1	25
5	1503963896	5	697196579	5	13
15	2518548470	15	427042019	15	138
6	2084420737	1	866645439	6	11
8	2693388225	8	560186187	8	55
7	0	0	2630340012	7	2
4	0	0	1163989397	4	7
10	1833540947	10	429644544	10	14
11	2887133937	4	936299598	11	25
4	0	0	806826395	4	3
8	1108659074	7	315990352	7	48
8	0	0	1538640298	8	6
10	1665030142	10	687687154	10	56
12	2891929468	12	561123662	12	85
8	1998624632	8	314393388	8	67
6	1524416413	6	619018389	6	10
5	0	0	979200238	5	12
6	1803831494	3	552261936	3	16
3	611389117	2	301478557	2	15
9	2452723136	9	251955457	9	87
5	805437280	4	242468922	5	11
5	1494102779	2	684117209	5	11
8	1533563940	8	551545450	8	14
10	791015965	10	239147274	10	10
4	2119644646	2	870904021	3	16
4	0	0	989977784	4	6
4	1684279457	1	1234891450	4	6
7	0	0	1724491174	3	8
9	2210831751	8	560078237	9	60
7	0	0	988318425	7	4
8	1180124172	5	1354047970	8	23
7	1378566101	1	995944736	7	10
5	1877702076	5	252325377	5	34
6	815060241	3	430713659	3	6
8	0	0	1236304447	8	2
7	4131417091	7	676324367	7	71
6	975618913	2	430672454	2	12
9	0	0	682535905	9	3
2	0	0	1421033540	2	3
6	1055963442	6	248593662	6	33
8	948892600	8	254567956	8	17
8	1889151429	5	803440397	8	17
7	2973438616	6	815596045	7	23
9	785008958	1	976874324	9	7
4	1278625014	4	568608982	4	9
11	0	0	870202015	11	8
9	0	0	1172516327	9	29
5	1315105618	2	983697339	5	8
2	313406476	2	188942675	2	6
6	2036368372	6	672841426	6	25
9	2947933546	8	924769125	9	19
7	0	0	1170835491	7	7
5	2525378242	3	921449385	5	29
8	1428684071	8	552309193	8	20
5	1300174563	2	312523423	2	7
4	0	0	926536346	4	9
5	0	0	818877756	5	6
2	366534885	2	379768503	2	3
8	1305393304	1	994055108	8	10
4	1382749953	3	306337067	3	5
11	1500739470	11	493197348	11	11
11	0	0	1066661645	10	19
4	1454298195	3	613784204	4	23
6	2002979914	5	675792295	6	20
6	1179362078	6	252268958	6	15
8	1922389541	7	683290732	8	25
9	0	0	882104987	9	3
10	3002840144	10	372875999	10	110
5	1993406868	2	732955544	5	46
6	1600897435	6	505554321	6	21
10	973405105	7	366647159	10	8
7	1493292173	7	372088169	7	8
8	919453179	7	301591324	7	11
8	2937567873	8	554598925	8	16
6	2621413967	6	686852514	6	12
8	0	0	938700556	8	5
8	990168116	8	251474591	8	14
4	992128742	1	928852701	3	8
8	3366558762	8	682013035	8	49
4	2270179268	3	625411152	4	25
6	2026788360	6	428011543	6	25
7	812006718	7	126290183	7	74
7	1844268154	7	740665425	7	21
7	0	0	1552496352	7	6
9	0	0	2472837334	9	2
8	0	0	904404710	8	8
11	2105878649	11	313248991	11	105
10	0	0	493124133	10	2
5	308192159	5	126181286	5	5
9	954149658	9	244567670	9	40
7	1880915771	6	862775048	6	13
5	59997988	1	939724338	5	11
4	1518057120	4	556559968	4	16
8	0	0	1183506164	8	6
5	0	0	1422121930	2	6
11	3610314035	11	822040013	11	44
4	498077303	3	186689625	3	36
7	1406603875	1	556716158	1	39
4	0	0	867433833	4	9
5	1742440043	5	798204182	5	10
7	2122394988	4	1544980137	7	19
10	1348378380	9	124101238	9	16
7	935213784	1	495464274	1	8
9	1644218530	1	981655614	9	23
7	1337979636	3	864192277	6	12
5	1743277651	5	745169402	5	14
11	0	0	941169807	11	5
4	1535461657	1	1175164733	4	14
8	0	0	1421583443	8	2
4	63859630	1	60803798	1	12
4	511202690	4	241311637	4	4
5	1179528166	4	1311141289	5	7
