9	0	0	1041171897	9	3
4	0	0	1793976601	4	3
7	1757754223	2	678207434	7	13
6	0	0	995105326	6	4
4	0	0	818405287	1	13
6	2257793087	6	616151398	6	8
7	1578997240	3	438022240	3	6
2	3764234164	1	500252560	1	31
6	0	0	932629373	6	44
6	1411817532	6	370333569	6	19
4	1469547443	4	310527157	4	5
8	0	0	982721474	8	7
2	0	0	932179652	2	9
6	2462767362	5	808360118	6	12
5	1281271093	2	490142331	2	5
9	1468187386	9	432417733	9	21
8	1163752070	8	245917372	8	10
8	3139276173	8	550780244	8	27
10	1532409585	1	436227062	1	8
5	0	0	864828220	5	4
6	1426546774	6	318681355	6	14
4	731791340	4	183930958	4	12
6	2961304261	6	440305704	6	19
7	1458209789	6	247985238	6	11
4	0	0	1253783562	4	8
9	1645190624	9	189469634	9	14
7	0	0	1614234240	6	4
6	0	0	2038029918	6	5
7	0	0	1055379854	7	21
3	2596534572	3	679818697	3	15
7	0	0	495025882	7	3
7	1164682224	7	368483340	7	14
4	2091344895	4	746980630	4	15
8	1824898214	1	811361176	8	33
8	0	0	1103085999	8	3
8	2558806865	8	739170579	8	22
5	0	0	1035380170	5	9
7	2382147721	7	321846837	7	14
5	2704316741	4	1500720794	5	12
6	2693957689	6	562961070	6	21
3	612383145	3	438814398	3	5
6	430551516	6	124942512	6	8
4	0	0	1297482984	4	13
7	0	0	1356752097	7	3
8	0	0	2918430718	8	7
9	0	0	929812815	9	7
3	0	0	1241413482	1	2
7	2060265859	7	497352740	7	13
3	0	0	557820160	1	6
5	1853214987	5	379571711	5	20
6	1342772096	1	738705961	6	16
6	2168051823	6	607018753	6	12
3	921720743	3	431212886	3	15
5	2669239906	2	874534156	5	15
4	1606227040	3	438117054	3	17
6	676344646	6	184988188	6	18
6	0	0	1110477867	6	6
8	999622227	8	366315037	8	7
6	2214444397	4	1164024853	6	11
8	1632438933	8	429789313	8	25
7	0	0	1113755538	7	13
11	0	0	1665694487	11	39
6	2433880311	6	559096614	6	22
5	0	0	616324294	4	4
11	2634471462	11	490963892	11	24
11	3498682928	10	493544969	10	102
7	559081737	2	1547287552	7	3
8	1237930932	8	366349199	8	22
7	0	0	1737751373	7	2
3	0	0	1176624965	1	2
7	2327798380	7	680724622	7	21
11	3839961991	11	497096914	11	23
1	0	0	1334721458	1	4
8	2340862713	8	752827539	8	17
6	0	0	1184314332	6	7
5	0	0	864026435	4	14
6	0	0	1311330060	6	3
4	429298537	4	124880239	4	4
7	1111650049	6	433133737	7	33
7	2716217309	1	1566057773	7	10
6	0	0	975228612	2	10
4	0	0	1507924629	4	8
8	2694884023	8	795280578	8	14
8	1652275806	8	687304034	8	9
11	3246531553	11	313250311	11	49
9	0	0	1044208760	9	24
9	2458949094	9	190879401	9	38
5	2122192805	4	436565575	5	20
7	2015577201	7	561997540	7	29
3	0	0	557254645	1	4
4	0	0	1310568529	3	10
4	1418560857	4	310225440	4	17
5	0	0	1365011206	5	2
4	2774759515	4	754415044	4	9
5	1522501912	5	433821198	5	19
5	2215408536	2	1052737833	4	18
4	0	0	997162648	4	3
5	0	0	729611259	5	3
6	1459909720	6	745407314	6	5
11	1951452074	11	241864650	11	21
6	540023932	6	306623620	6	13
8	2636055935	8	556329139	8	16
5	1642296717	5	372116836	5	74
3	1216399209	2	1417576908	3	9
9	0	0	945423317	9	10
6	911057932	6	311655930	6	10
5	0	0	1180496852	2	3
5	1347949270	5	432383848	5	16
7	551967039	7	183019698	7	9
5	666460526	5	244110089	5	10
8	1282402105	8	304739945	8	19
7	1571564062	7	371121133	7	20
4	0	0	1114956398	4	9
5	1664026251	2	433742257	2	14
9	0	0	1653019844	9	9
3	1062941841	3	688050323	3	12
6	2043380438	6	557213103	6	9
4	0	0	861741776	4	6
8	0	0	1109765238	8	14
4	546507253	4	241619800	4	12
9	4813160411	9	740470941	9	36
7	2354122078	7	250971597	7	16
8	0	0	1043057635	8	19
10	3176194137	10	429844547	10	27
11	0	0	920940321	11	3
5	1830903414	1	1171943278	5	7
11	3030111339	11	367976965	11	75
10	1023296925	10	309641486	10	19
10	0	0	1052834294	10	9
5	964457905	5	185750170	5	15
7	0	0	1808497971	7	6
6	814519001	6	363513298	6	8
11	2129728341	11	497790526	11	15
6	2395488891	3	920001170	6	12
8	0	0	1966823627	8	11
8	0	0	1606506210	8	7
4	1412621843	3	1304452214	4	6
10	1786280539	6	241191831	6	22
6	0	0	1229271112	6	16
9	3111523455	9	875067103	9	22
4	0	0	864208076	4	15
11	0	0	1487691704	11	7
5	2439436401	1	1165136075	5	12
6	2568652278	1	939006038	2	22
3	1715561829	1	1313374893	2	11
6	2926899453	6	690280606	6	18
5	1721441030	3	733215609	5	16
12	0	0	1112839859	3	8
7	0	0	1052759696	6	6
10	0	0	1166288360	10	4
10	4475579623	10	250877171	10	31
11	2926140112	11	245785416	11	35
7	0	0	616945351	7	11
7	0	0	862020899	3	6
2	1844141372	2	695462556	2	15
6	1389124437	6	304555755	6	8
6	2818331258	1	863859897	6	29
9	0	0	739023953	9	8
4	0	0	1322382068	1	4
6	676392720	3	1063511513	5	8
10	2996785245	5	810410942	10	34
5	1490234858	1	933305703	5	7
8	2094327757	8	303057647	8	14
8	0	0	994603847	8	8
13	921850736	2	370388310	2	5
6	2489530007	5	816265031	6	21
8	2215671038	8	376424714	8	46
7	1831515980	1	938751756	7	9
3	0	0	989747129	1	2
8	0	0	1117178255	8	2
9	1053946951	9	182189785	9	12
11	0	0	1122472771	11	4
8	360250437	1	311324229	1	6
9	2067698708	9	622727801	9	20
6	4336561793	3	859640018	6	22
11	0	0	686263990	11	4
7	552103358	2	244532190	2	7
7	4004654240	7	497078846	7	119
8	0	0	1052680945	8	3
7	2187708172	7	432726921	7	11
3	1794908411	3	619221591	3	6
10	2564820594	10	552466504	10	29
6	3521016696	1	744357241	4	16
3	2096856519	3	623179716	3	29
6	0	0	1173340026	6	10
8	2562015083	6	804886729	8	22
10	0	0	1043375982	10	15
12	5237971839	12	739637970	12	54
6	2128392683	4	922869955	5	11
5	0	0	1171215051	5	2
8	3167864288	5	997313912	8	12
8	0	0	1708029602	8	14
8	2302556291	6	801948462	8	8
6	1669081262	1	986464931	6	14
4	1604479054	2	740349288	2	9
2	988795136	1	1552610070	2	3
9	0	0	1061151503	9	10
6	2500216242	6	733081262	6	11
8	1974905508	1	746353300	8	18
9	3016682635	9	611978735	9	30
12	3171355526	12	796403471	12	29
12	2685252048	12	734131883	12	31
6	0	0	1057799773	6	21
8	3158137749	8	374988634	8	32
3	0	0	1179976381	1	6
8	1636175961	8	365703166	8	22
2	0	0	616370332	1	9
5	972660989	4	552437833	4	7
8	0	0	1614073009	8	3
6	2777138608	5	557133249	5	14
8	1736917853	8	362951470	8	25
10	2227182518	10	372711382	10	74
5	0	0	1720944711	5	5
4	2521985869	2	735487136	4	14
5	0	0	1422143096	2	2
6	2281222869	6	561304795	6	43
5	0	0	3547025770	5	6
5	0	0	1174146999	5	11
7	0	0	1181205101	7	12
8	793320931	7	250221746	7	20
3	0	0	676882097	3	10
10	1156455141	1	629353454	10	8
1	61492384	1	60049103	1	4
11	1776118635	1	748519570	11	18
7	2319822883	3	1002483874	6	9
7	1935910755	5	804180640	6	19
9	2444280793	9	555608432	9	19
7	1041058245	6	686173525	7	9
6	0	0	1299919265	6	4
11	2222134052	11	251651722	11	22
8	3011962873	4	927452145	8	13
5	0	0	1430810129	5	6
4	2174485567	1	816551211	4	22
7	1446497657	7	123895687	7	29
7	2753610562	2	809669772	7	16
9	0	0	858252346	9	4
9	0	0	1227798801	3	2
3	123567247	1	64789185	1	8
5	0	0	2047802241	5	3
3	310313536	3	128675746	3	9
9	0	0	1127648200	9	7
6	1600515272	5	814419044	6	7
3	0	0	2224328022	2	9
5	1286598665	5	432001352	5	19
2	1487282335	1	1050012472	2	4
4	62698254	1	63521570	1	1
4	0	0	856065123	3	39
6	2491687293	6	617937651	6	31
7	0	0	1489833377	7	7
6	0	0	1651119758	6	7
5	0	0	1488298782	5	12
16	2733147706	16	309555186	16	38
5	1245556799	2	192206303	2	5
5	931181228	5	436273150	5	19
2	0	0	1855757003	2	12
6	0	0	1730726931	4	3
7	2192616069	5	620115210	5	9
5	0	0	859099075	5	18
4	0	0	989324451	4	12
8	2096110051	8	689641212	8	9
5	0	0	872030438	5	2
7	1261683216	7	304216203	7	27
13	2724110497	13	373585881	13	23
7	1632155201	7	677444181	7	22
8	1462385062	7	428087654	8	9
6	1770163250	6	742857514	6	12
6	2105434143	6	430088312	6	17
3	365070780	3	188121027	3	5
7	1173722771	7	304635666	7	114
5	733619486	5	189494827	5	28
8	4509509549	8	806655734	8	59
5	806188125	3	620089287	3	5
3	916090838	3	314500588	3	10
8	0	0	1605379009	8	6
5	3491611787	2	1004266557	5	30
6	0	0	1175677870	4	9
7	1332843312	6	738933982	6	14
6	1044479446	5	510741605	5	30
6	1667283447	5	252531229	5	8
5	1222707327	5	807961473	5	10
6	1839124613	2	1048642287	6	7
7	0	0	1048681103	7	9
6	1725555445	1	614841320	1	9
9	1993180742	9	246033455	9	15
4	1485747330	4	798296362	4	13
4	377850727	3	188736817	3	10
10	0	0	1114071067	10	15
4	624296596	1	490296022	1	5
6	185032333	2	190597359	2	3
4	1031538703	3	192013819	3	124
7	3395215388	7	428238411	7	17
5	1936048456	4	741949125	5	7
7	0	0	2571763667	7	14
6	2452556670	6	617789867	6	20
6	2250364128	6	428673250	6	21
7	2582293485	7	492125633	7	59
8	0	0	1163511621	8	17
6	1162884063	6	367708471	6	15
5	2038947339	4	560542244	4	8
8	2334101950	7	615008709	7	22
8	2221703918	5	808400814	8	17
6	1378964448	6	312486987	6	21
7	3108401391	7	624748914	7	51
6	2172391706	1	812441968	3	13
8	0	0	1935968658	8	6
10	2962576786	10	491757233	10	26
6	1880133906	6	679567426	6	14
6	3124594265	6	624954811	6	19
4	2211481920	4	690240282	4	15
7	732714671	1	1248951292	7	14
9	1155846369	9	248747090	9	89
8	1453227543	8	432509954	8	26
7	2004189647	7	552145005	7	17
3	548754777	1	370600407	1	6
5	1540891495	4	562558822	4	14
4	0	0	950181966	1	10
8	0	0	1488502687	8	5
5	187791691	1	180202672	1	3
8	0	0	798550429	3	12
7	1732627825	4	746858845	4	12
8	0	0	1297117847	8	2
9	1761841393	1	1057950807	9	13
9	2532956473	7	818485622	9	12
6	366442295	6	123012491	6	17
3	2277701684	3	610570158	3	19
5	2948667704	5	751649968	5	14
8	1200466321	5	443788430	5	6
9	2507509711	5	999034719	9	19
5	3540824165	5	612809423	5	35
8	0	0	1904991903	8	9
2	120999980	1	59157213	1	5
4	0	0	1300397046	4	7
9	2530716200	9	685639026	9	17
7	3440794823	7	560352813	7	27
6	4272224980	3	1492922064	6	24
6	1915665277	6	736392185	6	20
8	2362058907	8	818782486	8	11
6	0	0	1115512960	6	10
7	2273190895	7	616363808	7	49
7	1591979211	7	188223863	7	72
8	3057635026	8	611947986	8	25
5	0	0	1228181780	4	12
7	611626491	7	184394651	7	12
6	1542565516	6	622486445	6	12
8	2348807783	7	942626626	8	13
8	2561254400	5	487357559	5	10
6	2247012589	6	679463783	6	15
7	0	0	1244869183	7	14
8	1959952693	8	561986187	8	21
9	2180453802	4	1003770468	9	11
11	1226564985	10	185650057	11	20
11	0	0	1107595702	11	4
4	3046838658	4	737400720	4	19
6	1551075941	4	493041675	4	7
11	0	0	1174846411	11	2
2	854884522	2	430794541	2	7
9	2038925535	7	491812355	9	19
8	0	0	1368224909	8	4
6	0	0	1100418472	6	9
2	0	0	748197770	1	8
5	0	0	742881949	3	7
8	2732982333	6	800224481	8	14
6	1028915677	1	486466546	1	7
9	2497197301	9	745344834	9	26
5	1711948391	4	379778430	4	13
6	2360976441	5	746696355	6	12
11	1940611824	11	244289491	11	25
9	0	0	370856474	8	2
1	481288251	1	361241193	1	4
5	981344520	5	490505790	5	67
4	1579595472	4	616138053	4	6
5	2058952312	5	306398011	5	17
7	0	0	1059133718	7	2
9	2278583104	3	942356188	9	18
2	63538610	1	63764765	1	1
6	4198278461	6	487624463	6	72
10	5996336078	10	302764438	10	61
7	625660508	7	253634551	7	8
6	3252951217	6	684457623	6	17
8	1042233931	1	490399801	8	18
4	2256192064	2	689971768	2	18
6	3225038645	6	682904731	6	21
6	1495799216	4	371459368	4	13
5	2199083300	5	374068153	5	53
9	2005259396	9	378347734	9	13
7	2020829909	7	500839987	7	17
6	1646245148	2	191813529	2	11
8	0	0	1111111330	8	17
6	2696032657	6	679249035	6	17
5	0	0	1305809853	5	12
6	0	0	1658588782	4	2
7	0	0	2434961886	7	2
9	2186294488	9	797456468	9	61
9	2737167911	9	690856687	9	14
7	813256507	3	304523368	3	6
4	1713616126	2	1299110565	3	34
9	0	0	1916047508	9	3
5	1156045771	2	683620780	2	13
3	741125696	2	182471267	2	11
13	984857179	1	1047395550	13	6
10	0	0	1656687597	10	2
8	3176345686	6	243468024	6	64
9	1913782081	9	429681533	9	7
6	1532918622	4	570949847	6	17
5	2299634253	1	1485508673	5	18
7	2757459811	4	806376617	7	22
2	2248774765	2	124218398	2	18
3	2701458677	3	621921720	3	17
4	852404155	4	187250640	4	9
7	2997337061	7	629048473	7	25
7	0	0	989404628	7	13
10	0	0	993020748	10	8
6	0	0	2058862516	6	2
5	1678842659	4	425183064	4	10
6	897326960	4	372955869	4	17
7	1855770788	5	1042892001	7	13
7	2014950028	7	374968680	7	16
4	3417409420	3	805581404	4	25
5	731988204	2	302239626	2	3
5	2572811476	4	380312435	4	20
3	3192743091	3	618644783	3	20
10	0	0	867187889	10	3
7	0	0	1064034631	7	13
4	1842648426	1	929789221	4	8
7	0	0	1938949996	7	3
7	1824661786	6	560792971	6	7
8	2142523786	8	623728941	8	21
9	1710722360	9	748180440	9	32
5	0	0	1986820061	4	13
8	3140365524	8	492237103	8	54
6	2136781818	6	366607436	6	12
6	3241471557	5	613871247	6	39
5	0	0	1163186648	5	12
10	2029668613	10	490632725	10	14
5	0	0	1110184610	5	9
6	1510217480	3	1050013120	4	10
3	1550491120	3	671200070	3	7
4	2194297688	4	688103804	4	71
8	2070280428	8	491192794	8	8
3	0	0	746493556	1	12
6	2604421692	6	815999518	6	19
2	2138688674	2	614504587	2	37
5	0	0	1409935575	5	21
3	4131776751	2	866844164	3	11
7	2460741250	7	546207461	7	11
6	2314796395	6	609511341	6	16
3	0	0	1374788454	3	10
2	2214750264	2	681428695	2	12
8	1220482562	8	247474113	8	13
6	2444014982	5	750485371	6	13
7	1655282724	7	374796821	7	12
3	0	0	618243044	1	6
2	496808651	2	244176964	2	15
7	1600532666	7	185144899	7	18
6	2132288759	6	563023381	6	12
4	0	0	924278072	4	6
10	0	0	616431144	10	4
5	0	0	1548990337	1	2
6	2077374078	3	866437509	6	13
8	2546184556	8	373897641	8	22
5	119623479	2	127538526	2	13
3	490253846	1	441293802	1	3
6	1951975038	6	555530789	6	6
6	0	0	1479057227	5	2
5	0	0	982114707	5	6
3	0	0	1118668307	3	9
6	2374746455	6	424074032	6	64
5	0	0	1487482096	5	2
7	0	0	934798769	2	28
4	0	0	1053364928	4	12
5	243606359	3	126585489	3	4
8	2261534348	4	621135613	4	17
14	3519780347	14	617854922	14	42
8	1275426513	8	490225738	8	10
6	2223236768	6	734832200	6	13
5	925382180	3	308899762	3	11
8	0	0	1489962340	2	8
10	1282117370	10	185665678	10	16
5	0	0	988435798	5	2
4	1752078928	1	808670361	4	19
6	1525219866	3	668387280	3	27
4	0	0	924049788	1	22
7	3175805454	5	922572548	6	12
6	0	0	1605381382	6	10
5	1105941310	2	487963782	2	11
5	0	0	982512354	5	10
4	1656634793	4	539604531	4	9
8	3064613880	6	806210963	8	21
8	3325659739	8	619641244	8	39
9	557702694	1	1415759223	9	8
7	0	0	1062461697	7	6
3	0	0	1181327271	3	4
6	2266591630	6	822804276	6	10
10	0	0	1739314145	10	12
7	2565247337	6	858525370	7	16
9	2981273873	9	556963078	9	17
7	0	0	885453202	2	17
5	1033041133	5	555383669	5	12
8	2462914700	8	607576792	8	22
6	2635082932	6	695778866	6	30
8	2448741926	7	742274307	7	26
5	1306472403	2	1220691731	5	5
3	0	0	1000143985	1	8
5	0	0	1106118100	5	15
4	0	0	1034355674	1	12
5	2594659929	1	1295576802	5	16
10	884124936	10	246132903	10	62
6	1605069686	4	188042047	4	5
6	2595107887	6	567058214	6	30
5	1558777453	1	1003015298	5	7
4	0	0	1107192734	4	3
4	1847859263	4	188444226	4	24
5	846840219	5	314388736	5	7
5	1345073034	2	239364886	2	4
4	3653061026	3	556726751	3	20
4	1998804621	4	632152124	4	11
5	0	0	1117041144	5	11
5	0	0	1298057075	3	3
6	0	0	859572461	6	12
5	1062490570	5	432336124	5	24
9	0	0	986079620	9	4
6	0	0	1486728651	6	2
6	0	0	1108937582	6	2
3	0	0	1242632422	3	10
6	0	0	1052091553	6	6
4	0	0	1476208298	4	6
17	3157585217	17	313452047	17	55
4	0	0	1422804676	4	2
6	0	0	864885250	6	3
4	1706753142	4	435651967	4	7
8	1513898989	8	499978869	8	16
6	0	0	1482194996	6	3
11	0	0	1241277801	11	6
7	0	0	925519998	7	11
4	0	0	1808832143	2	2
5	1607646745	3	565038228	5	16
9	0	0	1053791118	9	4
13	3296288031	13	308071376	13	28
5	3034477662	2	983652883	5	19
5	1040184524	5	426929162	5	5
8	2219376988	5	907873882	8	7
4	178606419	2	122191120	2	5
12	0	0	982787410	12	13
9	2394272174	9	685756193	9	19
5	539714605	4	364871651	5	7
6	0	0	1169629609	6	21
5	2424072354	3	613732027	5	24
8	1738027689	8	246707403	8	11
8	0	0	1051482908	8	12
3	1671580781	3	678166370	3	5
6	1588471652	6	374104041	6	9
7	4449160966	4	992716207	7	26
11	2844439653	11	253640009	11	114
13	0	0	1124645858	13	9
2	363115865	1	128442064	1	3
7	1417288546	7	307154800	7	15
3	0	0	1540720138	3	3
3	65395811	1	61090038	1	4
7	0	0	2044398955	7	9
8	3740454248	8	685797973	8	50
8	2825064333	8	690254343	8	16
6	0	0	804337426	6	12
5	0	0	1184558486	5	4
2	671752150	1	871273367	2	12
7	0	0	984681761	7	4
6	0	0	1612132017	5	4
7	0	0	1165634118	7	14
7	1759084100	1	919303484	7	12
8	0	0	1313333469	1	47
8	1922955233	2	1049772863	8	8
4	1112691528	3	433875113	3	9
2	0	0	998669872	2	9
5	2925763569	5	689072075	5	15
5	3108022763	5	740273907	5	22
7	0	0	1052991096	7	17
5	2208080167	1	944854631	4	13
5	611164138	5	122570284	5	8
8	0	0	1754959966	8	9
9	2009685331	9	437695750	9	31
3	3226954349	3	692468751	3	29
3	0	0	1561024926	3	6
11	0	0	1550839441	11	3
6	2548892171	5	673633115	5	15
4	1184268656	4	309295164	4	6
5	2348682850	5	431780009	5	13
6	443105961	2	253230130	2	3
9	0	0	921624383	9	11
6	1639198485	1	796355456	1	9
7	980451393	7	182168095	7	13
4	798324485	4	437925569	4	9
11	2698826439	11	490445873	11	29
9	0	0	1219601235	9	2
4	484261440	4	64288179	4	8
4	0	0	1172149983	4	2
9	2421725094	9	616489175	9	20
4	0	0	1359248015	4	22
6	1579288573	6	376607019	6	96
9	0	0	1549064446	9	7
4	619001533	4	126758953	4	11
6	2273317978	6	557723173	6	13
7	2685792771	5	615162534	5	26
12	1946447813	12	681196167	12	22
7	0	0	989878727	7	24
5	0	0	1189741008	1	18
6	0	0	1306637972	6	4
7	0	0	1545259762	5	6
6	1175216354	5	307715098	5	6
4	3470568851	4	566136465	4	21
5	2068921212	2	1174836332	5	13
5	911197506	5	186240965	5	54
5	1990480885	4	2004194492	5	9
8	0	0	1235821818	8	8
4	0	0	689446027	4	5
6	2077927130	2	450807351	2	12
3	0	0	1995897572	3	4
3	3793439391	3	689377018	3	62
8	2191443297	8	434681567	8	15
6	926727507	1	378569846	1	6
9	2883643003	4	1306652662	9	14
4	487384387	2	309331904	2	4
12	0	0	977924411	12	7
9	971127522	9	250474346	9	9
7	186623172	3	61062691	3	5
7	2096134115	7	684101653	7	9
3	2239035626	3	755213333	3	25
8	2203902641	8	562653482	8	12
5	2641963688	3	1349968685	5	18
6	0	0	1176776937	6	6
2	2125397830	2	559390087	2	19
6	964282285	6	374986426	6	22
8	2695243569	8	306984858	8	19
3	1104429927	3	687073142	3	29
6	546820409	6	251760437	6	6
1	0	0	1184492501	1	12
6	854819479	5	248296813	5	10
5	2540969391	3	743876440	3	18
8	1655353078	8	375060122	8	35
6	0	0	1474081998	6	6
6	548136354	5	248297992	5	18
9	2565915557	5	492400074	9	20
8	0	0	1601447832	8	2
7	3364616171	7	624150718	7	35
7	3433185869	3	750688939	7	23
5	0	0	1227569326	5	58
7	2550076859	7	793943659	7	15
8	2356048726	8	672407165	8	12
8	0	0	687437987	3	9
11	7003637789	11	362065272	11	178
9	1222648904	9	251669050	9	22
6	0	0	1610072413	4	8
8	2007886488	8	370935699	8	10
2	368889328	1	366149535	1	8
5	1605684730	3	426810607	3	11
6	0	0	1241938467	6	3
6	1359631925	6	616679469	6	15
5	2311219011	5	681517939	5	12
6	2261279819	6	311719085	6	16
9	0	0	1051201825	9	10
5	0	0	1048662161	5	10
9	0	0	931326151	9	6
4	2001028832	4	428326821	4	16
8	2045387965	1	867540188	8	16
7	0	0	987416408	6	14
4	2560279746	3	936240477	4	10
4	610509021	4	303671017	4	5
9	2840237851	9	563430811	9	30
6	0	0	1120068992	6	24
8	1348300807	3	613927139	3	15
7	3575145169	7	684031147	7	90
8	2198379632	8	552428020	8	10
5	483090026	4	251539076	4	5
6	932683772	6	124548133	6	11
5	485392623	5	189611779	5	8
6	2701822304	4	1113071236	6	20
6	0	0	1294980281	6	2
7	2383725966	7	755090399	7	12
9	2221914015	9	241979244	9	14
9	3808382337	9	853790073	9	29
8	2579246061	8	747266863	8	43
7	2041897409	7	495105858	7	21
7	919987497	2	315538854	2	4
7	0	0	1157908513	7	14
3	0	0	2205564845	3	3
4	0	0	1172392612	4	6
6	2078326431	6	315703664	6	15
7	1579703283	3	559267565	3	12
9	0	0	992046174	9	4
4	0	0	546328716	2	2
7	2484171082	7	739907028	7	12
5	0	0	1052534145	5	19
11	3409009118	11	612975142	11	54
5	0	0	1592225634	2	2
2	0	0	1729257159	2	4
4	0	0	1115496449	3	5
7	1971540922	3	682484825	3	5
7	1019831236	7	324048750	7	15
9	1093116031	9	245111508	9	16
9	5513462682	8	750077825	9	52
6	1172081680	4	302202980	4	10
9	2299320066	9	681983520	9	29
5	1345200661	5	514192413	5	19
7	1817656008	7	501653369	7	12
4	1401108827	4	608864884	4	28
4	2246051181	4	305740128	4	20
6	757980358	1	680808227	6	9
6	1649653110	6	246772144	6	14
7	0	0	919951757	7	2
9	1425815144	9	190263761	9	13
10	0	0	869496849	10	9
10	0	0	1182464302	10	5
10	2758157306	10	630738761	10	23
5	0	0	1117475679	4	2
1	0	0	989675884	1	14
6	0	0	2488773887	6	5
7	0	0	982449132	7	20
10	1910123865	10	369172922	10	14
10	0	0	1310788873	10	9
7	1090950360	3	683206616	7	10
2	799102310	2	313782346	2	7
13	3412418154	12	555883397	13	24
10	1998046972	10	247653269	10	46
12	3484900007	9	616835112	12	28
3	0	0	1297202341	2	3
4	0	0	1657444025	3	7
5	1751361407	2	618288940	2	16
11	2893482509	11	612933869	11	21
3	2031009399	1	438864749	1	6
3	0	0	1060782460	2	8
8	2058747977	3	742242212	8	20
11	0	0	1192593681	11	12
10	0	0	1053621850	10	15
5	0	0	1862330172	5	3
14	2455609566	5	741317575	14	29
10	2238456880	10	243279671	10	17
4	0	0	1589085782	2	8
9	0	0	934497008	6	11
4	1671805301	1	805121507	2	11
7	1701349106	7	489100027	7	66
3	187354585	3	183528546	3	6
8	0	0	2607499240	8	3
4	0	0	871261306	4	4
11	1894095124	11	244456800	11	15
3	0	0	804687018	1	11
4	3632854425	1	687048825	1	20
10	2000025040	7	251614316	7	20
6	1791972339	6	615617660	6	11
9	2030907707	9	853207518	9	13
9	2256794032	2	751685369	9	15
6	0	0	1111379121	6	2
6	2751793189	5	934751431	6	13
7	2573842105	7	858120446	7	18
6	0	0	985540447	6	18
4	1218749150	2	443265503	2	6
6	2390209956	6	310374238	6	53
7	0	0	1116061711	5	11
5	1359662541	4	374020394	4	10
7	0	0	870046795	7	3
9	1665388921	9	184838970	9	43
7	3908632764	7	616209338	7	46
2	1091072658	1	1105315276	2	3
10	0	0	1176495132	10	4
6	1481504708	6	249336171	6	20
5	246056848	3	122904167	3	7
6	1903922530	6	746985015	6	10
7	2704313169	6	950694747	7	22
3	555493515	2	254141200	2	7
4	0	0	1369435978	4	4
5	0	0	1041178575	2	27
6	779895048	6	123337745	6	38
8	1248975915	8	363014490	8	11
7	3954460735	6	994953089	7	25
8	0	0	1490042362	8	8
7	0	0	1452977249	7	4
7	1999378777	7	493356609	7	21
5	0	0	1443311683	5	3
8	1988329986	8	734718990	8	14
4	2269679986	1	1050182740	4	7
4	1434532867	4	628112659	4	13
5	2310733035	5	678783581	5	14
8	4586966998	8	490370033	8	87
5	0	0	1003341584	5	8
7	1343764909	1	866970170	1	6
5	2355718389	4	862884403	5	7
5	1446450061	5	435517165	5	15
4	546961638	4	498889634	4	9
3	2034436384	3	619985500	3	12
3	3223204788	3	424966073	3	22
6	0	0	1187114781	6	2
9	1506214449	9	249847766	9	51
8	2724810943	8	679168097	8	12
7	1454931156	3	797003811	7	13
8	0	0	1228380141	8	7
5	1599968766	2	620936341	2	7
3	2207020156	2	626109959	2	15
6	0	0	1309669009	6	2
8	0	0	996911220	8	2
9	0	0	937699276	9	2
10	0	0	1553304976	10	2
8	0	0	1498194788	8	9
12	2652616033	1	860405042	12	20
8	2172942254	1	931067432	8	18
5	0	0	1119866296	5	6
5	445157530	1	185378658	1	4
6	2589297001	4	870662410	5	24
3	0	0	1620306363	3	2
6	545869221	6	181687817	6	15
8	0	0	976104654	6	4
8	0	0	945698097	8	8
14	0	0	997617692	14	5
4	0	0	982489872	4	14
5	0	0	423482640	5	6
7	2828598787	7	491120347	7	41
11	1554091066	1	800473299	2	6
2	1894833600	2	495145037	2	21
9	0	0	1728428542	9	2
9	2367766031	9	742770431	9	9
3	872480012	1	1430092521	3	4
6	0	0	1259002425	6	14
2	2613522901	1	742215072	1	19
6	1285788213	6	374853869	6	23
7	604290745	7	185404372	7	30
5	2879270140	5	797738255	5	15
5	1935554693	4	799274759	4	13
8	0	0	1742178839	8	4
7	0	0	1666427757	7	10
9	0	0	1179471048	9	4
6	1902662419	1	920748449	6	7
4	0	0	1179796181	4	8
8	2396320835	8	427031427	8	13
9	2718959859	9	677318765	9	20
3	613663019	1	312572435	1	8
6	1738142947	6	246409159	6	18
4	1293921261	4	690087502	4	5
8	2521639928	8	556326060	8	15
12	0	0	798194043	12	5
13	0	0	862030392	13	11
6	2673462837	5	439549319	5	19
5	1542087330	2	560424138	2	8
4	2230821923	3	675889894	3	17
6	855133102	6	556478819	6	9
6	2202359655	6	380572603	6	14
7	3010388745	7	869514975	7	16
8	0	0	741292730	7	15
2	1108397225	1	696045649	1	3
8	0	0	1604276597	6	2
7	0	0	939290244	6	3
5	2582376344	5	556887974	5	21
8	0	0	1729161215	8	4
7	4354020815	7	674930084	7	36
6	0	0	1350200068	6	3
5	0	0	1365025112	5	6
9	0	0	1607328591	9	2
4	0	0	1100514684	4	8
5	0	0	560896379	5	6
8	0	0	1052965887	8	8
3	1713211571	3	427070757	3	25
6	4073383909	6	804483094	6	24
10	0	0	1863221277	10	8
4	1367444132	4	495865101	4	9
8	1162404147	8	380486383	8	19
8	0	0	1057430229	8	4
5	2501965352	1	861804703	5	10
8	2213622035	8	617713955	8	17
7	3272130601	2	691666875	2	15
10	0	0	1230904585	10	4
6	3253228601	5	942810380	6	24
5	0	0	1055895483	5	3
3	0	0	992046933	1	8
4	0	0	1109039772	4	21
9	859255816	9	190081644	9	13
8	1406913501	8	370496113	8	14
6	3816861847	6	861495626	6	25
4	548138262	4	128051013	4	5
8	2735771493	8	616828001	8	20
5	1508724565	5	493661134	5	12
5	802087643	4	798422023	5	7
12	0	0	1292796377	12	49
3	0	0	1174794414	3	6
6	0	0	1748819233	6	6
10	3684429536	10	436934384	10	48
7	2258231627	7	553439086	7	15
10	0	0	1796348072	10	4
7	2376747843	1	1069762946	7	15
6	0	0	1855005230	6	2
6	0	0	1604700166	5	3
4	2235789363	4	803089570	4	10
5	0	0	800981628	5	7
9	0	0	1175557982	9	2
5	0	0	1121239732	5	10
7	1821648583	7	508500560	7	21
6	1897165537	6	306403145	6	15
9	849630594	9	424688219	9	12
8	2502742892	8	678432670	8	47
7	0	0	1044143662	7	16
2	0	0	1035443158	2	32
7	0	0	1190180341	7	4
7	2232022963	7	483861745	7	15
3	929176417	2	1107144704	3	5
7	2861325614	6	616830094	7	30
7	0	0	1492499232	7	14
9	2750194816	2	856316483	5	30
5	1453666219	2	254252293	3	10
6	0	0	1232216908	6	4
4	0	0	1495278575	3	7
8	2422437232	7	498019710	8	24
10	3138617424	10	368380563	10	98
5	1331028853	5	363860711	5	18
4	238872809	4	124443697	4	15
4	3096281963	1	939214267	3	20
7	0	0	1606282382	7	2
6	0	0	1809171415	6	4
8	1713045909	8	250548617	8	16
4	0	0	925639210	2	8
8	2133643611	8	250898376	8	21
6	1408086729	2	435473102	2	15
8	2009069697	8	624048767	8	14
7	2242878382	7	373346929	7	14
9	1647018287	9	247735881	9	15
7	1727251075	7	307573936	7	10
7	2197035801	7	433910948	7	20
7	0	0	1790005111	7	10
5	0	0	1367971672	5	8
6	2207507979	6	555818047	6	21
7	239806820	3	122527445	3	13
8	0	0	1605966307	8	2
7	0	0	801635372	4	9
9	0	0	1236641085	9	12
4	301754373	4	121682448	4	10
5	1467911725	3	1095921772	5	9
5	1178840055	3	622845574	3	10
7	0	0	1672845996	7	3
5	0	0	1740955673	5	7
8	0	0	1434652378	8	13
6	2284884957	6	685090058	6	12
10	0	0	1422177005	10	5
2	2385955809	1	684561508	1	14
8	2946661644	8	683807462	8	20
7	0	0	1495647843	7	6
5	2013881564	2	497072440	2	20
5	2931238864	5	680318555	5	21
4	615138068	4	182586348	4	4
9	0	0	2039746264	9	9
10	0	0	1441703915	10	5
8	0	0	2511604964	8	2
5	60274912	1	64699651	1	1
3	1844629714	3	379350719	3	12
4	1399875264	2	632080423	2	3
13	1940874134	13	301994810	13	53
7	2599980368	7	315517601	7	16
4	60715535	1	58821078	1	6
3	0	0	1180662964	3	6
4	2027391682	4	561135619	4	20
7	0	0	876462611	7	8
7	2147104954	7	250284803	7	13
11	2886648546	11	675872614	11	43
8	3490431414	8	740815022	8	44
8	2466005398	8	749880488	8	13
10	1950243219	10	307716593	10	15
5	3413948412	5	619177939	5	14
8	2053179634	8	616951054	8	17
3	2261625895	2	860922320	3	16
8	1906958372	8	249880957	8	10
6	2489008875	4	809086662	6	19
4	0	0	1293075635	4	2
6	3935531274	6	682072697	6	88
6	2747151013	3	1043766449	6	10
4	363900599	4	248103063	4	5
8	1950427064	4	804541744	8	17
6	982347156	1	1359616485	6	10
10	2945591393	9	928882693	10	22
7	2981551080	4	865538361	7	35
7	6266432746	7	549274796	7	41
4	1647067878	4	511058565	4	8
5	1647083293	5	376281056	5	10
8	2197229063	8	240672294	8	23
7	0	0	1100716706	7	2
13	2824787443	13	486881368	13	21
11	3583715283	11	371224372	11	42
7	0	0	1216368552	7	20
3	2334057359	2	245724693	2	9
5	0	0	1554068704	5	3
7	846855966	3	248087653	3	3
10	4038580305	10	614784945	10	46
5	607638245	5	250299102	5	14
2	0	0	1180864636	1	17
3	1928143703	3	686481543	3	13
3	504381709	1	796547166	3	8
5	0	0	2422392240	3	2
4	2569015195	2	557798084	2	14
9	0	0	790713433	9	5
3	850750876	1	862891190	2	9
12	0	0	1183432836	12	6
5	1920301395	5	378686185	5	7
6	0	0	1529276992	6	3
5	0	0	2117794588	5	2
4	59989765	1	547651132	4	4
3	1304816264	1	919206214	3	7
6	1827111885	5	617253243	5	10
7	2804006785	7	498721229	7	42
7	1842429703	2	808405006	2	19
