4	6040364016	3	1037315867	3	30
8	8164352950	8	1056661672	8	25
9	1818008955	9	673355699	9	18
9	3095134739	9	1007794657	9	29
4	5440708449	2	747349432	2	24
5	844741190	5	309418295	5	15
5	2171788986	5	372891778	5	13
4	3583833847	1	738025948	1	24
6	4976148565	6	747193888	6	21
10	6885266302	10	1238399418	10	24
12	2868864787	12	619675180	12	19
4	976249125	4	555025782	4	9
5	5354542252	5	1174081620	5	21
4	2118031839	3	309754831	3	14
4	4810868847	2	1544728675	4	11
10	9834023447	10	1678490270	10	49
7	3044246277	3	860990287	3	8
7	3183351170	3	682792302	3	13
7	4988971472	7	1233812538	7	22
4	6690812717	3	1054245472	3	31
5	1122599871	5	252120146	5	16
5	5374258157	5	1121131705	5	151
8	9156453057	6	1927215664	6	22
7	0	0	678217427	2	5
9	3707829596	9	742794834	9	13
2	4666082343	2	1100980064	2	7
4	1583507553	4	550790093	4	12
9	6860641668	9	1417120790	9	26
5	4533885419	5	984950126	5	15
5	2662514372	5	558910549	5	25
8	4597912143	8	934354589	8	30
6	367534608	3	308874356	3	10
9	3718271750	9	561026881	9	13
8	3875351249	8	682903421	8	27
8	2984766613	6	371901343	6	22
9	1949668652	9	306134138	9	19
6	2385938788	6	606883836	6	22
8	0	0	2238939942	7	2
3	2213094277	1	921506870	1	4
8	3332328747	8	807536356	8	29
6	428744572	6	257594438	6	13
9	3097915661	9	671647775	9	13
3	5356367431	3	923232645	3	20
7	1657445904	7	877990001	7	8
6	2732410304	6	733814249	6	16
10	2560879926	10	246166074	10	22
6	613820383	3	383202135	3	8
4	4079942160	4	1234222416	4	28
4	1843724146	2	809446486	2	5
5	3560541418	5	494299067	5	32
6	6643023331	6	862640730	6	24
9	6310306534	9	1293542855	9	40
10	2680997834	10	621197272	10	13
8	1908379266	8	308213948	8	11
10	6777747798	10	1251442401	10	27
6	1642510958	6	432763466	6	10
5	1200068328	5	370308794	5	17
3	4209955225	1	987134797	1	16
11	5285702999	11	991702038	11	21
6	2530113145	5	683336695	5	23
5	1767489690	5	366604195	5	34
7	981029621	7	122464897	7	8
7	6164445232	7	1240529736	7	28
10	4417237053	10	993839326	10	32
3	3994967508	3	692175270	3	18
5	3113394044	1	681695774	1	10
6	1084240860	6	120918485	6	13
5	3807446395	5	743999310	5	20
6	2905158762	6	550339492	6	17
3	4730384494	3	1370171997	3	11
7	1922375095	7	440504393	7	17
7	0	0	1782896250	7	12
4	5868061300	4	854775021	4	14
4	1336458807	2	613585345	2	13
5	2738419475	3	557159249	3	8
8	2834021772	7	437375640	7	18
6	4622956812	6	1180786977	6	29
11	0	0	2212248968	11	4
7	6796668121	7	1347931474	7	14
7	2377149195	7	493351362	7	17
7	491643374	7	122584464	7	30
5	3416938684	5	1243772985	5	11
9	10371327790	6	1235478014	9	24
3	1523516983	1	549783917	1	8
3	0	0	1802413384	1	8
6	2150765349	6	487552984	6	15
7	6858573012	7	1302689143	7	18
5	4868586370	3	1035586380	3	31
1	1768906856	1	802797906	1	7
7	1485215163	7	376183383	7	17
4	2211590130	3	1171600485	3	4
12	4902091199	12	795465999	12	30
6	914037132	6	248071126	6	11
5	4152298928	1	856637955	1	17
4	4103999463	4	802439645	4	24
5	4612928773	5	1049648382	5	18
4	3005483084	4	734153885	4	22
4	732021367	1	376142244	1	6
9	3365648022	9	736245152	9	13
9	6507153124	9	809595706	9	18
4	5095180989	2	1047989803	2	8
6	8442508329	6	1165377962	6	26
7	969215782	7	551440823	7	13
5	2558401889	5	807162586	5	28
7	6165259235	6	1236094910	7	18
9	2465706294	9	126772108	9	23
7	0	0	1592030063	7	3
4	1041898645	4	118201660	4	13
8	2254137828	8	439049421	8	16
7	3277990746	7	866899830	7	12
4	2267633491	4	927822475	4	19
6	9061319303	6	1162035976	6	25
7	3835813270	7	730399644	7	24
8	4899882737	8	869994372	8	22
7	3285588176	7	1363785434	7	18
8	2869541466	8	562680131	8	16
8	1662300893	8	375242492	8	17
4	7032166704	4	1119009882	4	6
4	2967165485	2	743576269	2	28
4	1706718629	4	503926346	4	10
5	2397285983	5	683652802	5	18
5	2149882475	5	486608440	5	16
4	5699414698	4	1226871759	4	12
3	488575776	1	313484928	1	8
6	7168477640	6	1565088330	6	11
5	3046700593	3	927593441	3	15
6	3060602643	6	500021596	6	17
10	675044673	10	243379073	10	9
5	2687529018	2	1064604295	2	7
8	0	0	1979673220	8	3
10	2197877745	10	308976495	10	12
5	733179440	3	245456292	3	4
5	871003388	5	310237213	5	23
8	4269529966	8	1182909213	8	22
6	0	0	1750138883	6	15
10	2188736017	10	316705968	10	26
6	4997392910	6	1298826335	6	11
5	1153892774	5	189152980	5	26
3	677506514	2	308319474	2	9
7	3411303064	7	866712080	7	21
8	1149413229	8	314109886	8	33
5	1215619747	5	313321142	5	13
7	1272767798	6	372311852	7	15
7	5728949290	7	1431593802	7	23
5	604542569	5	372328715	5	11
4	4481777973	4	1495323607	4	25
5	2020859264	5	944070104	5	15
8	2999224680	8	741203251	8	15
4	3680449078	4	1435781485	4	14
7	4730626090	7	1319539268	7	25
6	0	0	1981286520	6	7
6	4290389452	6	1864646859	6	23
6	1769801457	6	312002907	6	11
7	1473660048	7	560717727	7	11
5	360523165	2	128254596	2	6
3	1230995907	3	433095288	3	9
9	4507563143	9	685605023	9	26
8	2888787832	8	673112154	8	13
11	2791598278	11	553781943	11	116
6	4707587825	5	1479435959	5	16
3	2093679090	3	738811541	3	18
6	2497990424	6	680729828	6	16
6	1218178458	6	123135804	6	100
3	1656793977	2	805218962	2	9
3	484407601	3	312133986	3	5
4	3707561972	4	803817515	4	13
7	0	0	1666038437	7	4
6	1930015166	6	810506330	6	15
10	2536376668	10	439579625	10	27
6	4890200558	5	1151807609	5	21
7	2707470655	7	934508714	7	17
5	4890621252	5	559537104	5	12
9	3934712409	9	439207357	9	24
11	3303832279	11	607691546	11	25
5	4520334140	5	921635793	5	28
7	5235444779	7	1179976492	7	20
5	981737887	2	501151353	2	13
9	4699273780	9	1356046490	9	24
4	1419187693	4	554581791	4	22
12	4236538987	12	793027760	12	27
7	2749965716	7	622743994	7	23
8	1520729381	8	490823690	8	17
10	4999555284	10	695979940	10	28
6	7258149974	6	1857126638	6	19
8	3315469760	8	1059916492	8	10
7	4999741080	7	1437663570	7	11
4	1086365717	4	310655733	4	15
5	1569624712	5	504397219	5	12
4	1950020005	3	684588135	3	10
7	3755488850	7	546408420	7	23
3	5193486813	1	621140966	2	38
7	1722162703	7	988893252	7	18
4	5826256528	4	1172606338	4	18
6	4046897088	1	558565586	1	20
3	566379724	3	63024346	3	8
3	6369927188	2	1299213135	3	24
7	1633635869	7	248130056	7	19
5	804513828	1	366924851	1	12
7	1756313348	7	431277499	7	15
5	666163658	4	254357195	4	10
6	3590656411	4	1422595134	4	24
7	4836484604	3	1222589248	3	12
5	3593448745	5	739381470	5	21
2	3373439289	2	1221137450	2	7
3	2193621591	3	1118677314	3	9
2	2350926705	2	687694403	2	8
6	2022445683	6	311723349	6	9
6	1104309060	6	553385127	6	12
8	3978126214	8	998262448	8	22
6	5845373631	6	1553214281	6	9
5	3107485853	3	1244827761	3	11
7	3111655118	7	811280352	7	23
6	1061767647	6	245254403	6	7
6	7265395554	6	1427350035	6	27
2	4794976757	1	1239663118	1	14
4	2310683240	4	683072828	4	23
7	0	0	1796871062	7	6
9	2322671146	9	489109354	9	184
5	3517158782	4	991305308	4	10
8	9467783754	8	1292079617	8	20
6	5807272475	3	1968320801	6	14
8	2111555392	8	814410881	8	15
5	364661917	1	253401969	1	6
3	728952352	3	185155837	3	4
3	426255304	3	126217504	3	6
8	3068877773	8	487422034	8	31
6	2184124537	2	622979238	2	13
11	2764697771	11	497436395	11	20
4	605181424	1	490885686	1	4
8	3047577023	8	682936348	8	151
7	4745664642	4	1174252405	7	11
4	2261036314	4	565804125	4	9
8	5061836711	6	1920475439	8	34
6	6132560482	6	990793524	6	21
12	6320235767	12	1648537929	12	34
6	800362797	2	241831861	2	9
5	4804305122	4	865894132	4	8
4	5626305415	1	2110226762	4	19
8	2623384248	8	561969947	8	17
6	1156432429	6	500727367	6	9
5	3852102573	4	797988828	4	12
4	1700759380	4	690402112	4	8
5	2067585609	5	613255078	5	12
8	6378772057	3	1356874089	8	27
6	4039386354	4	736411972	4	22
2	6978158431	2	1045275655	2	36
9	5628080088	9	1130767756	9	30
5	0	0	1868894669	5	3
7	5458062951	6	1489805311	7	7
4	6097910412	4	1232213600	4	10
8	1218358335	8	433453582	8	11
7	4671519249	7	1057955042	7	15
5	2785292037	5	679124876	5	18
7	1598358736	7	558291854	7	9
3	1478143074	3	498434326	3	15
8	1085555026	8	435098403	8	25
8	4680696141	8	1110877430	8	35
10	2935075002	10	557672391	10	21
5	4377048463	3	801033469	3	14
1	3569506093	1	1104840552	1	17
6	7081645095	6	1124524465	6	24
7	2873009257	4	1107487854	4	24
5	2387330951	3	610678045	3	19
6	3107439290	6	381068638	6	14
6	970952331	6	248386718	6	11
3	0	0	2103219693	3	2
7	2498885118	7	1004528970	7	14
4	4740134864	2	1674922396	2	16
5	3168171353	5	503697615	5	24
11	4611951712	11	934668157	11	25
3	2472644094	3	799779875	3	15
14	6936274091	14	498907561	14	37
8	3623508778	8	556859744	8	23
9	1533870671	9	490236754	9	15
5	3325051371	5	859779883	5	20
2	4526853249	2	674006445	2	8
7	743168695	1	438639868	1	7
6	4199279697	6	1654217607	6	11
6	1668428833	6	441143471	6	19
2	940440558	2	246020052	2	5
6	3002497613	6	996819564	6	14
6	3386328985	2	798964136	2	9
5	2727684648	5	813864961	5	16
7	3970971688	7	1058846346	7	18
7	5377084411	4	679915039	4	19
4	4132120252	1	1728266895	1	11
6	923346931	4	632636221	4	4
6	5015161015	6	1177116175	6	27
8	3189244811	4	808996241	8	14
7	2772119479	7	731406058	7	17
5	2205341776	5	942843679	5	13
5	425844471	5	121333253	5	13
5	0	0	1658742309	5	12
7	4034115972	7	742894911	7	15
8	2577452231	8	674547956	8	25
8	1482666551	8	493117444	8	14
7	5011598297	7	1370893496	7	25
7	3616233088	7	989805480	7	19
3	4033095839	2	1050264216	2	13
5	8184142738	5	1742075197	5	26
4	1248394858	4	558296602	4	12
5	3775345984	3	1242272094	3	11
2	2077353004	1	802983975	1	8
5	3239957289	2	1108878314	2	13
9	6221719854	9	1748690554	9	21
5	4050300390	5	1110712000	5	20
5	5252738463	5	1298244753	5	18
8	1921966081	5	429482371	5	19
5	4361158750	5	798646486	5	13
2	4421736651	2	922917666	2	31
14	4806452349	14	547991784	14	32
4	2792541690	1	867254429	1	8
6	3513512836	6	497417290	6	23
7	7799840125	6	1585868591	6	24
8	2825276168	8	559442464	8	14
4	365017359	3	246547186	3	10
7	4666870183	7	1180383142	7	24
4	2178267660	2	623529147	2	16
7	1704958600	7	247809966	7	18
5	5790096317	2	1369114463	2	14
9	10036643396	9	1253729485	9	27
5	3648780445	5	802203710	5	14
7	0	0	2407431221	7	5
11	5142023778	11	996809417	11	29
6	5140680328	6	994340530	6	22
5	3574294649	5	541300650	5	14
7	4662216590	7	809693585	7	15
6	3825755109	6	866729245	6	14
3	5393174928	2	2521203213	3	10
6	303725389	5	122103715	5	4
5	3957736542	5	1169533696	5	44
4	3011560203	4	1170818153	4	10
7	5562631527	6	1000292730	6	31
8	6148797579	7	1217465665	7	13
6	1908123697	5	559306313	6	9
6	2252046226	6	1103272801	6	17
6	3546959396	6	800850772	6	26
8	2394351808	8	799304376	8	9
8	5252541003	8	872759456	8	28
6	4989115482	6	1229910581	6	17
7	2970266015	7	563273071	7	45
4	8024539841	4	1548741348	4	26
8	3328454580	8	559421240	8	43
3	2528548452	3	929772845	3	7
7	2316193152	5	683131188	5	23
6	5108059917	6	1113425982	6	21
4	4106132619	1	867340497	1	5
4	1814221057	4	424375420	4	15
6	4459745064	6	493632265	6	16
4	1981289625	2	731812221	2	23
9	4194589057	9	498246314	9	29
3	4436282371	2	1542507897	3	9
5	0	0	1986966564	4	7
3	3564104857	3	923230344	3	7
7	2390998885	7	798715152	7	20
7	1937945119	7	560393187	7	25
7	5626778135	7	1433335579	7	16
6	0	0	1793775247	6	7
3	1040720522	3	428081934	3	3
1	9208061387	1	1554644359	1	9
8	6570806345	8	1423235175	8	27
2	4812984816	2	1123243996	2	11
6	0	0	1554175200	6	4
6	1208825446	2	308557539	2	17
8	3049509054	8	792610373	8	21
5	6200398242	4	1362164788	4	19
9	2923283853	9	618438068	9	21
6	1337835302	6	439696457	6	23
4	2878075458	4	496226540	4	15
11	2847455038	11	505463000	11	39
6	2664467526	6	371875753	6	28
13	4947777959	13	924365453	13	34
8	4441894850	6	1304205895	6	16
4	322062250	4	186966467	4	11
5	4769758610	5	937032671	5	10
9	5428699043	9	1488051018	9	28
7	3367213822	7	990091856	7	11
6	4495079534	6	749512388	6	14
9	8430635260	8	1920099414	9	43
9	5257788472	9	739433549	9	31
13	2071169027	7	372850303	7	28
9	1089676864	9	317147904	9	14
8	7613843433	8	791103986	8	34
5	5009223499	5	1100425254	5	17
6	6338218442	6	1362339179	6	23
13	0	0	2398032235	13	2
7	3296183964	7	1050319136	7	16
7	4155562296	4	1036047414	4	18
9	2688309521	8	563620094	8	23
10	3145198940	10	245102330	10	127
6	2318515977	6	992269898	6	16
6	1189577877	1	123334351	1	3
8	624946403	8	307969134	8	6
7	4190203707	7	1001279849	7	8
6	2225983422	6	916834243	6	16
5	3306238206	2	992189471	2	8
5	7109490297	5	1553046081	5	24
8	2655730657	2	621013351	2	5
2	739648881	1	619005513	1	4
4	3483998284	4	1170879027	4	10
6	1172337112	6	496269707	6	15
6	6331803657	5	1420924051	5	22
7	6246348112	7	1167545953	7	38
8	8227896527	7	1674037969	7	20
8	243135624	4	189630103	4	2
10	5557327199	10	1111179420	10	38
6	1396396270	6	438556506	6	24
2	1752205663	1	673283285	1	12
10	3100461119	9	497679334	9	23
4	2739104534	2	814412985	2	12
6	4659559814	6	1042383092	6	16
7	4843671529	7	1359696814	7	15
11	2300980328	11	247493506	11	20
6	5179112963	6	1315397645	6	11
2	124826966	2	128110053	2	1
9	5743645223	9	746146303	9	28
5	2905325448	5	1408791339	5	10
7	2185755743	6	423962480	6	16
7	4921411512	6	867925626	6	22
11	2652897620	11	181260243	11	18
3	4460854704	3	940127906	3	18
5	3917681953	5	925636312	5	22
3	552141292	1	243413855	1	10
8	1778176352	3	432993941	3	14
8	4140588497	8	1304929466	8	19
4	980357290	4	249948409	4	6
5	0	0	1713301986	5	4
6	4299936836	6	1300370592	6	17
4	615634511	4	239521645	4	11
7	4125311268	7	1000371479	7	13
5	3413073223	3	556812870	3	19
8	2369974651	8	553412490	8	23
2	5114257221	2	1103398889	2	9
6	4816439226	6	1116713750	6	27
4	5294293173	4	1090944843	4	17
6	836199389	2	251090568	2	7
10	2763658039	10	253400188	10	28
4	2754155625	4	422317538	4	17
6	1791111787	1	625959787	1	16
7	1530823905	7	304702250	7	20
8	1766025011	8	367167210	8	12
3	362582185	3	249337589	3	5
5	2619928730	5	310464839	5	17
7	3312346121	7	1180767217	7	8
8	5818504962	5	1116367402	5	19
5	1153692384	5	316626102	5	15
4	1352134619	4	371265739	4	15
5	4558368416	5	1055733356	5	25
8	5233558664	8	994417881	8	19
6	6565168237	6	1124230660	6	23
6	1784389094	6	492766410	6	11
6	2859469658	4	669358802	4	26
9	2898355153	9	489130996	9	31
5	2137456459	4	686906022	4	12
8	910461876	8	245381547	8	19
5	4937092694	4	1110458985	4	18
6	5484108312	6	1296512034	6	20
7	7177883277	7	1114148293	7	42
3	2832996605	1	739251835	1	11
8	1685306979	8	439764911	8	162
5	1579007537	5	127363708	5	8
6	1813007081	6	550165642	6	30
6	1221751265	1	1048975099	6	12
6	4958894244	6	991229951	6	5
10	3822403858	10	739142713	10	24
13	5585604464	13	1362644242	13	32
4	482622398	2	250634757	2	11
6	2142412422	2	755285925	2	11
4	1584731439	4	253679323	4	13
5	851229589	5	371396255	5	10
14	3696608986	14	361297967	14	31
8	3233070125	8	547496214	8	22
7	2979963067	7	565710837	7	13
8	3300982338	8	800866451	8	30
8	2143007645	8	373594889	8	14
4	0	0	2081329373	4	7
7	5069143058	7	1109882105	7	27
9	3027285580	9	797808590	9	22
11	0	0	2168921079	11	6
7	3352212283	7	676331341	7	22
6	2467916212	6	554544690	6	22
2	1578903450	2	190288136	2	9
7	3825854531	7	882076273	7	22
6	6738361218	6	1119859374	6	36
6	0	0	1791067143	6	7
2	305151024	1	312952775	1	6
10	2331740418	10	561621941	10	20
4	2683827179	4	800008316	4	12
9	6598395420	9	1177237232	9	32
6	3903418776	6	559217271	6	18
7	2976213726	7	561908660	7	24
4	5314179834	2	736972708	2	21
5	853194904	5	622567749	5	8
8	5158877943	7	1543148451	8	11
4	7146574478	4	1659063674	4	17
4	4495346096	2	1421305718	2	10
8	3016469455	8	670779439	8	7
5	3398606380	3	1432523072	3	10
4	2638227074	4	994557377	4	4
11	2502249265	11	863232648	11	15
6	2328566557	6	434465292	6	28
4	2460229365	2	425482760	2	13
2	1844539307	2	424708293	2	3
4	3008808106	4	999919147	4	14
10	4514946185	10	499176862	10	26
6	1910262570	5	308166361	5	13
6	7419934819	6	1594326863	6	14
7	7384811327	7	1302425913	7	26
7	4258728423	7	1129333299	7	14
7	1834956950	7	796448708	7	13
4	790507318	2	312095069	2	22
3	1235958835	3	614641517	3	8
6	8691497738	6	1738486451	6	33
8	3995418396	8	368442954	8	24
7	979039132	7	241010929	7	13
10	0	0	807172127	10	7
8	6437350334	8	1300949298	8	38
8	4384408085	8	972175503	8	22
3	0	0	1804404958	1	3
4	997271878	4	305317522	4	7
9	1700925385	9	247748392	9	14
3	3914328082	3	1432059098	3	31
6	850029103	6	369738230	6	9
7	4344349055	7	922290349	7	20
8	3318846603	8	756857464	8	36
7	3049815864	7	609887783	7	16
6	7385649253	6	1348397182	6	12
5	4837067435	2	1800309012	5	6
7	4963578723	7	1669281825	7	8
9	5539939197	9	924402447	9	19
5	1705437493	5	671892375	5	8
4	6747515879	2	1489002010	2	16
9	1688364835	9	248284516	9	23
9	1089200547	9	249743607	9	16
5	4331654251	5	1177546839	5	15
8	4510952181	8	556155630	8	21
4	8136624404	2	1496912390	2	28
7	2235830257	7	737957534	7	23
11	5755489894	11	1002310027	11	21
10	2823292036	10	561532491	10	22
6	1715505321	6	374785059	6	9
6	5813124256	2	869812371	2	17
6	684286092	6	125918268	6	18
6	7924756929	6	1443551106	6	21
3	3581330125	3	804586325	3	17
5	5442665458	5	1041114840	5	35
6	0	0	1728599511	6	14
8	5149339745	8	1164086245	8	19
5	1473779396	5	622086328	5	13
8	6175413589	8	1257004998	8	28
10	1659957737	10	434071916	10	40
5	2570371777	5	676013193	5	10
4	2757379690	4	550630340	4	20
6	1411034292	6	368612672	6	14
7	2919304779	7	796061695	7	16
4	2138731496	4	802171816	4	9
7	2126287366	7	560145198	7	9
9	2970767398	9	488909096	9	26
4	2385169692	2	1232468594	2	10
4	2952148587	4	872808995	4	10
8	5421393284	8	1507571520	8	24
5	5040032887	2	1556520215	5	10
7	4626471895	7	995787191	7	21
8	4066987881	8	1006322639	8	21
6	5181245765	1	1300117519	1	9
9	3091660268	9	615792673	9	24
4	359574714	4	183075758	4	5
4	1831432873	4	427641200	4	15
10	2137660532	10	368720878	10	25
8	1203455837	8	187946226	8	15
2	1951907802	1	495790982	1	20
4	1580406169	4	127949638	4	13
6	4541428237	6	693496872	6	24
6	5459208392	5	1740410056	6	11
8	2075571254	8	730191701	8	18
6	4370647695	1	1175792057	1	22
9	3884073753	9	1279369765	9	19
14	3451714885	14	181704236	14	24
9	3025568013	9	184795283	9	19
6	0	0	2975617614	6	7
4	2146071593	2	553652187	2	5
7	3236327570	7	934024332	7	19
5	2688953767	5	496310585	5	32
6	1277098062	1	490284813	1	16
5	4718690120	4	871303086	4	22
5	7558915448	5	990142132	5	25
5	3221526025	2	982574250	2	7
9	4434963958	3	792178341	3	16
6	307797683	1	252283623	1	4
10	2389285465	10	243094053	10	29
8	4947685919	8	1360166365	8	26
3	5658959957	1	1484930346	1	17
5	6433929795	5	1738825148	5	29
8	3295663107	8	368653854	8	18
8	4841256854	8	1365710116	8	18
6	801093054	6	180542607	6	10
5	4056739763	4	550261584	4	30
3	673241176	2	246267358	2	7
4	4250494593	1	1253259942	1	8
5	976556876	4	311742966	4	6
5	4776814239	5	1290627357	5	10
14	6579048745	14	1302762825	14	53
6	2593018507	6	621482712	6	30
4	434390812	2	369513963	2	3
6	3911622200	6	933290961	6	14
10	3512358022	10	928882009	10	22
7	61444926	1	63034596	1	4
7	4180092890	7	940836728	7	26
4	921046397	3	684276419	3	5
5	2013372710	5	430780573	5	23
6	2001943422	6	188426706	6	31
12	2687412995	12	747029789	12	14
8	5887279637	8	1187145996	8	33
5	0	0	1976620804	5	2
5	5402121628	5	865600563	5	18
3	481019988	2	190215320	2	7
2	543358549	2	316507197	2	10
4	860592113	3	442679113	3	11
5	3372884900	5	610557924	5	16
7	3467330020	7	247369889	7	13
5	2220386998	5	929787985	5	9
5	3907212539	5	680238564	5	23
7	5617840087	7	863826435	7	15
11	2181887930	11	618291093	11	24
7	3553256781	7	552969566	7	29
8	9875723391	8	1341840923	8	37
7	2195245311	7	993521076	7	8
5	120836213	1	125956764	1	4
8	1580570866	1	365596715	1	20
8	3177764565	8	1001372355	8	26
2	5557361529	2	1172164895	2	23
3	4592046190	2	1167295526	2	14
7	0	0	2293569881	7	5
5	3103376542	5	621501920	5	15
7	7210548908	7	608617974	7	35
6	2666893487	6	669054095	6	16
4	320500459	4	184402267	4	9
6	2072204164	6	811304874	6	13
12	2822944104	12	303600957	12	30
9	6119544579	9	1552330813	9	19
5	4187535353	5	1470879184	5	19
6	5273420720	5	2475060613	6	15
8	5142122252	7	1058264917	8	31
6	4542919060	6	427996927	6	22
6	3376352441	6	424036872	6	19
7	3711839799	7	976360414	7	22
8	3072953984	8	488739979	8	18
6	4974803815	6	937162376	6	20
8	2398054859	8	931203065	8	14
3	1222074426	2	619405726	2	10
10	2359263596	10	246683977	10	32
6	2253847675	6	676982739	6	23
7	2123238884	7	310449667	7	28
5	3524084843	5	617605909	5	13
10	1931692958	10	246500890	10	27
8	995951711	8	313958102	8	11
10	2026968109	10	793265039	10	17
7	6205149010	6	2028510695	7	19
9	4549252161	9	1123359400	9	17
6	2950917152	6	609874513	6	28
6	3872426188	6	676062396	6	15
10	2250043247	10	622773054	10	14
5	3041190365	2	559900071	2	20
11	6162272534	11	866003313	11	31
3	428187371	3	249295053	3	12
14	6425300676	14	1560522098	14	23
9	1755885359	3	802325533	3	8
7	4343962255	7	1002212855	7	25
5	1108498490	3	185964979	3	7
7	4220615970	7	930865101	7	13
3	791323415	3	436821531	3	19
5	4023593857	5	1180083988	5	17
4	5311447997	3	1046899846	3	9
4	3496533223	4	1427868502	4	13
8	2605872728	8	550434013	8	17
6	0	0	611008579	1	5
3	0	0	1725633390	3	5
9	3474797870	9	563653531	9	14
11	5501161271	11	1119314035	11	27
3	3283026026	3	1003754552	3	15
4	1762904984	4	305997580	4	20
5	8461925926	5	1680826663	5	33
9	6549734029	9	1226110887	9	26
9	5590296892	9	1684670976	9	13
6	1092160839	6	378289871	6	9
6	3482540483	6	1053313683	6	17
9	3745776433	9	308695961	9	21
8	2187682856	8	439007537	8	20
10	4555139089	10	624368972	10	36
4	8240642702	3	1484582636	3	23
5	4833981638	5	1160490612	5	16
10	3642430767	10	749412625	10	16
9	4070588366	9	690977180	9	32
8	0	0	2922624152	8	3
8	6641712150	8	1058386266	8	31
5	2446566561	5	552994687	5	24
10	7717570600	8	1613990940	8	16
12	6117134958	12	919605122	12	39
8	4995714873	8	807347409	8	24
2	3328326193	2	809413725	2	16
4	2563163626	4	246936743	4	14
4	1658469116	3	307643453	3	8
7	3672273854	7	679589976	7	14
4	5286476887	3	1437957024	3	10
11	1329812837	11	244378405	11	25
7	670337003	7	246292504	7	9
6	2907068154	6	308895518	6	15
6	1079515906	5	186188552	5	15
5	1168533427	5	368202155	5	9
7	4283438227	7	560484686	7	20
7	2381801618	7	563180754	7	23
6	2395792741	6	373866002	6	10
6	1044094245	4	551288116	4	5
6	1835168465	6	250429633	6	20
6	3354191644	6	978116310	6	31
4	4396416861	4	749298480	4	22
6	0	0	1917489967	5	13
5	5216941365	5	1550841339	5	18
8	6026803589	8	1122697463	8	14
5	917753442	3	186371082	3	7
1	3298198333	1	801037037	1	20
4	0	0	1528433052	4	11
4	0	0	1854739042	4	8
7	2628126661	7	670230080	7	18
3	3334229977	3	805788841	3	30
4	1269686631	4	240101623	4	13
6	5085351585	6	871836148	6	11
7	3237354665	7	734493138	7	22
7	7357710241	7	1426495425	7	29
6	2258564896	6	496087832	6	11
5	1225106159	3	433068394	3	13
8	8593867678	8	740166843	8	30
8	6869903538	8	1422782566	8	22
7	0	0	2583003720	7	2
8	6332658866	8	1164713082	8	15
9	2417299781	9	181661467	9	25
2	1459363160	2	433388169	2	10
7	860600674	6	370325493	6	17
13	3273671717	13	559960647	13	25
8	5948599254	8	914658929	8	32
5	58713616	1	65254434	1	1
10	4956931623	10	861369637	10	44
3	1565621947	3	373005078	3	21
9	5997174995	9	1300295326	9	18
9	0	0	3442776997	2	5
9	5073191139	9	1363005867	9	18
2	372604288	1	191192636	1	8
3	5112055578	2	1862075456	2	9
7	3642017374	7	1049957317	7	13
4	1336943417	2	620103353	4	12
5	4316437480	5	988535513	5	9
5	1645206324	5	688271246	5	24
8	610933824	8	247910703	8	9
6	8273512463	6	1361091920	6	29
5	2100050295	5	559578433	5	23
5	3153200704	5	809456682	5	8
2	122528318	1	59064547	1	8
10	3150770404	10	735779451	10	25
5	4002399072	5	1038956218	5	17
4	440681934	1	181718905	1	3
6	2699934448	6	935901866	6	15
7	5882622644	7	1003057104	7	31
6	7052606391	6	1237072263	6	27
5	4623675428	5	1242142184	5	17
2	789844642	1	243040322	1	7
5	3450293533	5	621294973	5	26
5	1230354450	4	556331671	4	5
6	619680755	6	189260696	6	9
7	5649530911	7	1195014427	7	30
9	3426633269	9	434687429	9	23
6	1702562967	6	362763843	6	19
5	1785401367	5	626392554	5	10
8	3889219428	8	559364325	8	22
3	547741615	1	294621146	1	5
7	0	0	5194396879	7	13
7	2073388644	7	619187930	7	21
8	5069720420	8	1434209991	8	9
8	7867058011	8	1068072694	8	29
4	4679146915	4	874061801	4	13
6	2628556081	4	1248214788	4	9
7	1708544709	7	505920149	7	15
6	4087244833	6	1180489397	6	15
7	969835059	1	372605098	1	15
5	3153022867	3	495408388	3	19
7	614040584	6	242856592	6	11
11	3348846083	11	676857505	11	22
5	3648259984	5	564502878	5	14
5	1767956520	3	1001295155	5	10
7	2634565999	7	364046035	7	13
6	878499109	6	183326758	6	14
5	1094340488	5	185782806	5	15
3	3189480889	3	868572959	3	7
7	2559801935	7	620559995	7	10
4	2708975751	4	1046772057	4	6
8	7376987164	8	1045151860	8	32
3	5214034986	3	1061766562	3	15
9	2621452175	9	633555547	9	26
7	1159052683	7	246708051	7	22
9	2498459287	9	491372335	9	18
3	1057198595	1	426616451	1	5
5	2750431168	5	624185405	5	22
8	1965215731	8	313902414	8	9
4	550188880	4	312226344	4	6
6	1153840726	6	189870424	6	12
7	9002087630	7	1785412366	7	26
8	2936092736	8	501036881	8	10
4	2629657997	4	561857013	4	9
9	5071360088	9	1245951575	9	15
8	2925383118	8	807471898	8	17
3	1893705557	2	629419804	2	15
6	5386442218	6	994559244	6	19
1	3452952092	1	562570571	1	12
7	3774998208	7	1245095261	7	24
5	4480954321	5	685834162	5	16
8	4224196478	8	868980494	8	25
6	1810942261	6	553258597	6	15
7	1149535038	7	372659778	7	18
9	5411348493	9	1298086539	9	29
8	2912944979	8	497165486	8	14
6	5394766697	6	1093501843	6	72
4	1664561374	1	545830012	1	3
4	1221377181	2	431802824	2	9
5	4104940585	5	866944877	5	19
4	1232085882	2	925786667	2	8
6	5667923944	1	1535055096	5	33
7	2320564520	4	922575961	4	21
5	5191626158	3	940698930	3	11
13	6793472364	13	1051472398	13	34
11	2965147011	11	375370637	11	19
9	6994430002	9	1422093111	9	32
5	2447975301	3	683267559	3	11
8	7086270981	8	1419224250	8	34
15	4606225900	15	432560737	15	39
6	1095953777	3	185868580	3	10
11	6010606292	11	799847099	11	242
6	4194789813	6	1306312430	6	10
6	554224715	6	245781301	6	9
8	5784414444	8	1303997908	8	25
2	2946732316	1	1537586638	1	3
3	1160028770	1	555832445	1	6
9	2858819704	9	681922552	9	17
8	3685965001	8	865386926	8	22
8	5427131085	8	1546053924	8	22
6	5236988158	6	1289696378	6	20
6	4214740149	6	310580057	6	19
6	5646503511	6	1113501662	6	17
8	1398541340	8	187805308	8	18
6	2415880381	1	572532738	1	25
6	4974351214	6	801504444	6	26
7	861904998	7	187196940	7	14
8	4445196865	8	890295393	8	19
7	1894050348	7	432791327	7	6
4	4600165512	4	1177888713	4	11
10	4637953940	10	1288758991	10	32
9	4600668563	9	867941623	9	14
6	2431792926	6	492412172	6	11
8	2752862921	8	556415690	8	13
4	1653037307	3	431755711	3	15
8	6431202706	8	1049130901	8	22
4	2090176468	1	680482612	1	11
8	2074829610	5	370397895	5	9
3	1963780115	2	752960086	2	10
7	3934709103	6	1004330618	6	6
11	1027523191	11	252181210	11	18
5	9587397120	5	1410052397	5	42
9	8917000505	9	928290352	9	26
4	308174238	4	123091341	4	5
5	3174899445	5	819263876	5	12
8	3330817915	8	993702731	8	24
10	1651219219	10	183555262	10	25
9	2923656939	9	620950451	9	21
4	7010107781	3	1100249889	3	28
7	5396195545	7	1295326171	7	17
6	5398355915	6	1634111539	6	9
8	4344594291	8	670843130	8	23
6	3045564520	6	372917918	6	22
3	4600287214	3	945473409	3	18
6	3093341439	3	373709199	3	18
7	4423043644	7	802047793	7	28
5	1590074760	3	502040126	3	11
5	1305512942	1	250322913	1	9
6	1107590089	5	307812225	5	13
6	7186993949	6	1243905032	6	19
10	4212524667	10	979059071	10	27
12	3815790480	12	1045660190	12	38
7	9624899284	7	1917592445	7	26
9	4963236871	9	677684181	9	22
8	1578467430	7	254661071	7	16
10	0	0	1869458163	10	8
6	10571405206	6	1190184396	6	29
9	3456242980	9	605352253	9	18
12	0	0	1624699661	12	9
6	1757384834	6	308455018	6	13
5	2365116250	5	1303836432	5	9
4	3724868629	4	1128679985	4	28
4	1270615115	3	307742915	3	24
4	2026923393	1	629274085	1	4
9	0	0	1243722132	9	4
6	2433806499	6	563647141	6	25
5	912424170	5	190891510	5	28
4	188057791	3	127461584	3	6
6	6900149748	6	1184733010	6	14
3	9099997967	3	1605538445	3	20
3	6438205099	3	1496275804	3	18
7	2242370097	7	499431776	7	13
4	4354241596	2	499795932	2	21
7	4125374340	7	816877765	7	34
2	2004288315	2	678687259	2	9
7	2205932414	7	623383191	7	8
6	3226798445	5	1053104905	5	21
8	2139671995	8	558477963	8	26
11	2111306439	11	433261681	11	29
11	2605258622	11	363256279	11	25
9	3288191336	9	756061066	9	15
5	5804131980	5	985458993	5	26
4	1975513567	1	499375157	1	8
6	3027637601	6	372397742	6	33
8	2549766046	8	936708481	8	17
7	4691083996	7	977777147	7	18
6	8827064218	6	1055207586	6	24
7	3564326609	6	610350382	6	28
5	431827667	2	368726357	2	3
4	5544009087	3	1363628016	3	21
7	3859829340	7	874323251	7	18
7	2322819041	7	496353480	7	24
7	922595381	7	382764879	7	20
7	5732342177	7	806799640	7	31
4	791312158	4	367416303	4	11
6	4138237415	6	995433374	6	13
5	2454183093	4	367731981	4	16
6	1417284118	5	690561012	5	5
7	1896630565	7	677389863	7	14
7	2742634451	7	557220947	7	13
5	5117869521	5	616905969	5	28
8	4995501229	8	797597798	8	24
5	304193534	1	247779476	1	4
5	3343100006	4	682992640	4	18
11	5573246506	11	684862673	11	39
1	1179982769	1	736816622	1	16
4	1235568725	4	368403470	4	17
5	2258889035	4	685724039	4	14
5	726828699	5	245153052	5	11
8	2204329525	8	629193297	8	14
10	6173118612	10	1559919392	10	21
4	6210738501	2	981607970	2	20
13	3979243786	13	1182320410	13	19
9	6981965443	9	921158052	9	19
1	552529996	1	307148882	1	13
9	3009154269	9	612294037	9	24
8	8373267220	8	1123846972	8	23
13	3318821306	13	546303374	13	24
8	2788227120	8	558649476	8	14
3	5034415287	2	1246522159	2	20
4	3088049358	4	619129577	4	12
5	2262752628	4	988317263	4	7
5	2924242751	3	792309574	3	7
7	1087380314	7	119167347	7	12
7	6957036640	7	1419438783	7	33
5	1040205624	4	370774704	4	9
5	5930539670	5	1484440967	5	20
4	739340975	4	371567434	4	5
8	1875349175	8	434542389	8	29
3	297198627	2	119355312	2	5
5	3228622401	5	560959383	5	24
6	2272971659	1	1676662850	6	12
9	6534361233	9	1051814641	9	36
10	6746867410	10	681695291	10	21
6	1812850432	6	369483069	6	26
6	1159022153	6	364389595	6	14
7	2751373812	7	925933280	7	34
4	1580555083	3	381068022	3	17
5	5027749180	3	988050075	3	20
3	0	0	1865211162	1	3
3	183751519	2	64908945	2	4
8	2254184865	8	490130313	8	24
3	4618657138	1	2006417315	3	9
11	4786084414	11	1306053136	11	25
8	1467464174	7	612917326	8	17
10	1941514050	10	435395556	10	14
7	3092509691	7	685009644	7	15
3	5818252941	2	1123366205	2	14
7	2611546955	7	371976859	7	16
3	606464314	1	244968127	1	5
5	4649034542	5	755424325	5	20
7	2207750516	5	496835173	5	15
5	2905540078	5	752792548	5	7
4	3053011130	4	687795268	4	16
7	2544565317	7	435073754	7	28
11	7233420102	11	1110632510	11	19
15	6758077122	15	1682215594	15	34
5	3598549382	5	1100706496	5	21
6	561506848	6	123901530	6	14
6	2816955587	6	436454559	6	14
2	2632243002	2	494192215	2	10
6	1521791473	6	428091499	6	13
4	1468138739	4	440449103	4	8
5	1158532056	1	801508194	5	12
6	3180747687	6	928000631	6	11
4	2638576524	2	435520535	2	12
9	5782698556	9	805380900	9	27
