7	2251113097	7	440858746	7	23
6	0	0	1176946287	6	14
5	801465487	4	189827742	4	7
7	1402904965	6	180398354	6	15
8	0	0	1056398523	8	2
6	0	0	811349696	6	8
5	1785296770	5	426015363	5	15
3	0	0	434198987	1	4
4	926090376	2	989697905	4	3
8	0	0	1244490239	8	5
3	184431100	1	123866797	1	6
10	0	0	982865614	10	2
9	1793245519	9	432570833	9	15
11	2740526379	6	686949475	11	30
7	2289117817	6	1179935306	7	19
3	124114823	1	62309296	1	8
3	1999318148	1	497543739	1	19
8	1813826726	4	751345534	8	18
5	0	0	1061147914	5	9
7	0	0	804602156	7	11
4	1697995171	1	552139866	1	12
5	1433871343	4	740383412	5	6
6	0	0	1115584123	6	4
5	854948225	5	374825554	5	5
7	0	0	1481476912	7	5
5	0	0	1190061972	1	2
7	0	0	997379390	7	8
3	1082013967	3	184003534	3	17
8	0	0	858904951	8	6
12	0	0	1296824325	12	6
5	688120056	5	246614629	5	8
8	0	0	924310626	8	2
5	367413083	2	376200030	5	6
3	0	0	1124091404	3	10
6	0	0	1976473034	6	2
6	1420338868	6	438204512	6	17
9	1241999017	1	674449652	9	16
9	2250690344	7	430369401	9	28
4	0	0	999421247	3	15
4	0	0	996509901	3	3
4	0	0	489026487	1	2
7	0	0	1295009718	7	7
7	0	0	1475370538	4	9
8	0	0	932122508	8	5
8	0	0	1117414763	8	4
8	1885646576	8	371034748	8	10
9	1353547928	8	552477270	9	16
8	0	0	995660674	8	6
4	1709320887	2	630072737	4	15
6	1902408260	4	622373455	5	19
7	0	0	1179844155	7	2
7	0	0	994036962	7	2
8	0	0	870475188	2	8
4	0	0	806619307	4	20
4	1540199249	4	312920748	4	17
5	0	0	1596580527	2	3
4	790123446	1	550357035	4	8
7	1982059349	6	664533402	7	14
6	1284952690	1	498595609	6	4
4	0	0	1164422791	4	5
7	0	0	1234450293	7	7
9	0	0	1431073444	8	6
8	1535559886	8	433845955	8	14
7	0	0	858765482	7	3
3	0	0	814118818	3	4
6	1862301652	6	496826724	6	25
7	0	0	930358955	5	7
9	0	0	875145043	9	8
8	0	0	999298887	8	4
6	0	0	868619120	2	14
7	1050984775	1	498092610	5	9
6	728130420	1	1348087728	3	14
9	0	0	1239635523	9	2
7	0	0	1257972270	7	8
8	1669572349	8	498578440	8	22
7	848823664	1	379498569	1	9
11	0	0	1431110413	11	2
5	1058385157	4	244366875	4	8
6	0	0	1297021270	6	4
8	1419050670	8	248220098	8	12
8	2559271305	8	555433907	8	20
2	718175074	1	490016114	1	7
14	2635829586	14	563441986	14	42
4	2015203038	4	253869097	4	20
10	0	0	942320481	10	8
4	0	0	1300916012	4	8
8	0	0	1240503669	8	7
3	0	0	928048650	2	2
9	0	0	866365551	9	7
6	0	0	867544700	6	8
4	1613270987	4	438331629	4	7
3	783881039	3	118970299	3	10
5	551394529	5	190209272	5	9
5	0	0	988904842	5	2
10	0	0	855191300	10	3
8	1409173152	5	616310198	8	12
9	0	0	1502281784	9	10
6	2074815620	6	378422005	6	29
7	931440302	6	312703394	6	6
4	0	0	988645965	4	5
6	801057385	3	994894455	6	11
10	0	0	1250453426	10	4
5	1701869887	4	563222840	4	17
7	0	0	680443719	7	2
5	0	0	1099128010	5	2
4	0	0	814547308	4	9
5	1129720777	1	679514950	2	3
4	365270634	3	244264250	3	4
5	1391613645	5	129120124	5	13
8	1220794696	8	125684583	8	24
7	0	0	812941274	7	8
6	0	0	1498129787	6	9
3	996791979	2	742890095	3	3
6	0	0	747731369	5	19
6	0	0	807538164	6	11
6	1113345397	5	867025252	6	10
5	0	0	989652531	4	10
9	1018762275	8	928889648	9	20
5	0	0	1048907552	5	4
7	0	0	683035227	7	3
6	0	0	867677168	1	2
12	0	0	1183626726	12	14
9	0	0	990208035	9	15
10	1735387912	9	618337547	10	10
8	0	0	927903877	8	14
4	314738708	2	250880967	2	3
5	0	0	680514610	4	3
13	0	0	922211247	13	8
11	5418249972	11	363880533	11	91
8	1534621915	8	245248672	8	17
6	0	0	980357790	4	25
9	3236984544	2	681270415	9	17
6	2120101602	6	245687002	6	25
3	852151511	1	182527766	1	9
4	803967589	1	431419428	1	3
4	0	0	912972662	4	6
9	2326922997	7	426704072	9	31
8	0	0	1536060083	8	7
8	2257274713	6	671491526	8	17
8	1884359920	8	559558512	8	11
7	1941323923	7	374253576	7	14
3	1367816736	2	980745468	3	14
6	0	0	1792054455	5	4
8	807366343	1	669715741	8	5
7	2142991256	7	548971354	7	14
7	0	0	689408029	7	5
11	0	0	1498082936	11	12
2	0	0	1567162509	2	2
13	0	0	1176459129	13	23
6	1529534512	4	1047765623	6	20
4	0	0	745967882	4	16
8	1477662440	8	440829133	8	16
5	62438468	1	986323003	4	6
5	1725898193	4	631864612	5	11
7	2913653744	7	193146762	7	40
2	0	0	1435986213	2	2
11	0	0	864049390	11	7
9	0	0	812436307	9	10
7	2791530920	7	436714353	7	23
5	963608768	5	316503672	5	10
8	0	0	936522295	8	6
4	1232430376	3	612368321	4	6
7	0	0	1049592760	7	8
6	1786127380	6	247480861	6	15
7	1720522092	3	680496811	7	12
7	0	0	927490819	7	2
5	1115736589	5	501377478	5	13
4	0	0	1175565479	4	7
3	0	0	789199188	3	4
4	846475013	2	378396415	2	13
8	0	0	1425255613	8	2
7	0	0	814983751	7	5
8	0	0	1070736761	8	2
6	0	0	669208993	6	2
5	1660130880	5	370910300	5	7
6	0	0	1678324547	6	4
6	0	0	935052969	6	7
7	1768985450	7	244519365	7	25
6	1763284317	6	498631403	6	20
9	0	0	1004132024	9	2
4	2473084872	4	500461161	4	46
9	0	0	1228204484	9	10
7	0	0	1542740385	7	2
9	0	0	1246983823	9	9
9	2223950451	7	624100040	9	21
5	0	0	942494310	1	8
8	0	0	852408041	8	4
7	1336959701	1	566733498	2	11
6	0	0	868005229	6	26
8	0	0	939366491	8	2
6	0	0	1167948753	2	19
6	0	0	1545462860	2	24
6	1222832677	3	616470069	6	9
9	1542631194	1	688382832	9	17
7	0	0	1176160546	7	4
5	0	0	1051023975	5	15
2	0	0	746346725	1	6
6	0	0	1168316718	6	5
4	0	0	1365338271	3	6
1	1297911098	1	430300438	1	5
3	0	0	1237302695	3	8
5	1426839994	2	751823285	5	4
11	0	0	989877479	11	4
5	1159845962	1	378032216	1	14
8	1786192951	8	305485632	8	34
6	0	0	1170704049	6	4
5	1989936371	5	374081267	5	25
4	0	0	942256582	1	6
7	0	0	1114790594	7	14
7	0	0	876395433	6	4
12	0	0	980755457	12	6
5	0	0	1055606206	5	8
5	1709777429	5	436727870	5	19
7	0	0	504691799	7	4
5	0	0	1494937105	5	2
6	1659724819	1	686973423	6	30
6	608886611	4	310623076	4	7
8	2736727372	8	500675764	8	14
6	0	0	634703943	6	12
8	0	0	991950217	8	11
6	1586447319	4	617599027	5	13
2	186320178	2	125105797	2	3
7	1334591593	7	432112207	7	12
6	1714136179	3	558518961	6	7
8	0	0	1725465143	8	4
5	0	0	988598915	3	14
4	0	0	1664317302	4	7
12	0	0	805768552	12	11
11	0	0	1238898990	11	3
5	0	0	1176001075	5	9
5	0	0	929397002	5	7
4	0	0	557130717	1	9
5	0	0	1808747609	5	6
8	0	0	1723409623	8	3
5	0	0	1370439862	5	2
10	0	0	870028293	10	2
3	0	0	928464074	2	10
8	1482499272	8	440300113	8	28
9	2101736453	7	619925634	9	17
8	0	0	1966510372	8	3
4	1465218506	4	559404416	4	8
6	1229065772	6	558686107	6	8
3	0	0	1733035787	3	14
8	1774909323	1	675770603	8	15
7	2128176547	7	305146737	7	15
8	860196427	8	313928615	8	21
2	1779412637	2	549218109	2	13
4	1713717908	3	618461970	4	10
13	0	0	1052251744	13	7
4	907438497	4	248793626	4	11
8	1610449929	5	558374814	8	16
7	0	0	807111372	7	2
9	2159508566	9	559124070	9	19
5	1234207304	2	1715842995	5	10
7	1495129473	1	620674821	7	14
4	0	0	1722778358	4	2
4	0	0	849046261	4	8
6	0	0	938192022	6	4
3	0	0	1171990365	3	2
6	481373563	2	251791641	2	5
8	0	0	1779818094	8	2
8	0	0	926344846	8	4
2	64003655	1	922254528	2	10
8	0	0	1743414417	8	2
9	1887064480	6	309203130	9	27
8	0	0	987154097	7	3
7	0	0	1593554579	7	3
4	0	0	803452209	1	8
5	0	0	915575583	5	8
10	0	0	930805956	10	6
5	0	0	610316208	4	3
7	0	0	742232842	7	5
4	0	0	815325557	4	4
9	0	0	1731789419	9	3
5	0	0	871521966	5	5
10	0	0	1291055612	10	9
7	0	0	624880891	6	10
3	798037037	1	501311231	2	14
5	0	0	1059296101	4	18
9	1572679130	9	125135836	9	10
4	0	0	1810495800	3	6
4	543129683	1	366337437	1	6
7	0	0	1176156159	7	5
4	0	0	428224169	1	13
9	0	0	1734938281	9	9
7	0	0	872923733	7	9
9	0	0	563247870	4	7
8	0	0	619404103	6	2
3	1298346105	2	434386124	2	7
6	0	0	1364720524	6	8
5	0	0	1416672324	5	11
8	0	0	930725529	8	21
8	963735156	8	306783328	8	14
6	1159123662	1	809170807	6	7
8	1165447249	8	117420906	8	65
8	2416198521	8	496662146	8	25
12	0	0	802386147	12	14
4	629177615	4	250119585	4	7
6	1268733872	5	436037831	6	28
11	0	0	860059136	11	6
11	1632449204	8	432831892	11	24
6	0	0	1292422961	2	5
4	1158276142	3	557111068	3	9
9	2374570614	9	365491543	9	42
6	2065149882	5	548686967	6	36
7	0	0	1776035095	7	8
5	1283974030	5	440887897	5	12
3	728367655	2	125095786	2	9
7	941681768	1	184946506	1	8
6	1732515857	4	381883686	4	9
4	0	0	1058431211	4	5
8	1175186218	1	747290519	8	6
12	0	0	604436767	12	5
6	0	0	789198839	6	10
8	1227634259	5	1107261353	8	16
6	0	0	935946932	6	6
6	1775877093	6	488067386	6	22
7	1702238259	7	512944879	7	13
5	0	0	1356996756	5	11
4	799649441	3	420065926	3	4
3	0	0	813951792	1	7
11	1693550946	11	487328127	11	14
7	3075215710	7	438875877	7	32
5	1838306884	2	553320658	5	19
9	0	0	873281033	8	3
8	2294205689	8	299177191	8	45
4	1702403636	4	446176433	4	18
5	2902000710	5	499544138	5	22
7	2133056065	7	240105152	7	15
14	0	0	1105835012	14	11
6	1806535525	2	626598313	6	15
7	0	0	867995572	7	3
7	0	0	2288123725	4	4
6	0	0	805863708	4	11
3	0	0	1244850067	2	8
6	978528334	6	252282573	6	36
4	1036665317	4	367659348	4	15
4	1512095291	4	498389287	4	8
7	2628945586	7	438985144	7	40
8	0	0	809320324	8	8
7	795144696	7	129613254	7	9
8	0	0	1231151555	4	4
2	125057958	2	62069710	2	3
12	0	0	1102176019	12	3
7	0	0	814819708	7	3
6	1653693054	6	554785229	6	12
6	0	0	1309380272	6	2
5	0	0	857192750	5	8
7	0	0	1115558296	7	11
4	0	0	1175950580	4	9
5	0	0	1068928695	5	4
4	0	0	2209862544	4	2
4	0	0	3341870202	4	4
6	1353319245	3	612630854	6	7
11	2615832271	10	435445810	11	53
7	0	0	985011119	7	6
3	0	0	1254822621	3	5
11	0	0	1473344058	11	6
4	0	0	1420816459	4	4
7	1964817545	2	609816886	7	18
5	812210474	4	859601113	5	7
5	845159311	3	1159490097	5	9
7	0	0	1101261072	7	6
6	1155806029	5	483244247	6	19
4	0	0	1409279223	4	3
4	965113167	4	124633054	4	46
4	305549442	4	189719855	4	4
5	0	0	614306684	5	17
8	1294947037	8	559025783	8	9
5	1470263867	5	374123642	5	17
6	0	0	920269907	6	2
5	0	0	1053710044	5	2
8	2273049595	8	492270242	8	11
3	0	0	2049791303	3	2
8	974331492	8	306491221	8	16
7	0	0	1043460689	7	4
9	0	0	1243951842	9	3
11	0	0	1170188055	11	14
7	2341797859	7	496187499	7	14
14	2601886490	14	251378641	14	26
7	0	0	979998888	7	12
7	2577695172	5	628049112	7	13
5	0	0	2033897023	5	15
9	0	0	1720202558	5	6
5	0	0	1801517687	5	3
7	851128107	7	246317888	7	13
4	0	0	1158120045	4	13
10	0	0	931294548	10	3
8	927359794	5	320214676	8	9
9	0	0	1429072632	9	3
9	1789369355	2	619479278	9	25
7	1329528048	6	625664200	7	32
9	1440823225	9	310563116	9	55
4	0	0	988287387	4	12
4	0	0	1599784185	4	2
7	0	0	803188215	7	13
5	0	0	1047918765	3	2
8	0	0	1670198489	8	4
4	1435413216	2	370831090	2	17
6	1672630425	6	303040127	6	17
6	0	0	613843403	2	2
11	560540392	1	1546263373	11	3
6	0	0	735713876	1	4
5	1451062928	5	243960622	5	10
3	682348351	2	184609548	2	3
10	2971777019	6	684193896	10	22
6	2485259227	6	488563326	6	10
6	1588069258	1	1118210728	6	7
8	2387053211	8	243918491	8	30
8	2214345830	7	572868405	8	13
6	0	0	1061131337	6	8
4	181414842	3	125239394	3	2
8	0	0	1056230350	8	4
10	2940996246	10	309303406	10	23
5	2651830749	3	629122681	5	24
4	0	0	933596054	1	2
12	2384355308	1	740767853	12	15
9	0	0	871419339	9	4
2	1285081476	2	307824649	2	7
15	0	0	614548504	15	4
6	911313445	6	303579141	6	6
6	0	0	857245702	6	7
4	0	0	2222146631	4	5
8	121814113	1	119067601	1	3
6	1043856755	4	369206631	6	10
5	1412379848	5	506835813	5	10
10	0	0	677102394	10	2
5	1514004282	4	369729091	4	26
7	0	0	1201786409	7	7
7	1251804619	6	363733483	7	17
4	620759352	3	434083589	3	9
12	1835053553	12	250892022	12	35
5	0	0	992599300	1	6
6	1805509665	6	491000237	6	25
6	0	0	2045304113	6	4
9	1221163604	1	551867847	9	11
9	0	0	1238336727	7	21
6	0	0	1240074730	6	2
7	2086348247	5	559500149	7	21
8	2096287979	1	754517836	8	19
4	0	0	793145108	1	8
6	1911717374	5	1120281418	6	14
5	0	0	1367264563	3	2
8	0	0	1865108686	8	2
6	0	0	871058612	6	3
8	0	0	1368669985	8	6
7	1769880456	6	426606362	7	26
7	0	0	882749823	7	8
4	0	0	557654400	2	8
3	0	0	666309146	3	3
2	616667805	1	677683548	2	13
4	0	0	752532696	4	9
10	1660336877	1	680839075	10	21
9	0	0	1308444146	9	4
3	180057961	2	124378697	2	10
8	0	0	1749936530	8	14
11	0	0	806411279	11	18
6	237911933	1	247058685	1	10
5	0	0	877075484	4	7
7	1299014425	7	491505133	7	31
7	0	0	873248019	7	18
5	0	0	1367752034	5	7
4	1586326642	1	3036983211	4	14
3	0	0	1005127759	3	9
10	1577794575	6	618571686	10	19
6	1572181379	5	494858165	5	16
5	0	0	793959881	5	3
4	0	0	812380264	1	7
7	0	0	672769005	7	15
4	0	0	1986216449	4	2
8	2336162238	4	557915187	8	24
8	0	0	805302937	8	7
6	0	0	1360795064	6	9
3	0	0	928048650	2	2
6	1345567389	4	669724719	6	9
6	875003816	1	620013022	6	6
7	1332109634	7	314430278	7	12
10	0	0	1169292638	10	5
5	0	0	993494562	5	6
10	1961223866	10	308283950	10	17
7	0	0	812864072	7	8
4	0	0	993693632	4	2
6	2957040845	4	618822352	6	17
8	0	0	805053081	8	11
6	0	0	803242235	6	8
4	1234147238	1	611916140	4	8
9	0	0	690103336	1	3
6	2013769525	6	120694721	6	41
8	364612676	6	249534123	6	8
7	1589421016	1	864301090	7	11
7	0	0	933167078	7	8
4	0	0	552894855	4	7
11	2684467911	11	556284128	11	40
10	1047414036	6	1113883227	10	10
9	1391354150	8	558174413	9	15
6	1530694853	6	430335140	6	17
5	2339387309	4	563977459	4	10
6	0	0	1434433248	4	2
6	0	0	1871169999	6	10
8	2087559067	8	301134035	8	27
9	0	0	880578884	9	8
14	615022430	1	751030438	14	20
6	1356638598	2	502928704	6	8
5	1225022826	5	377430641	5	5
12	0	0	790712899	12	10
4	0	0	1304888747	4	8
5	0	0	1717298632	4	11
5	0	0	742974807	5	19
8	0	0	1980416641	8	2
10	0	0	1108113971	10	6
4	0	0	685186416	4	9
6	421976410	3	242264053	3	7
11	0	0	754645492	11	2
5	1233215494	1	622813544	4	7
4	0	0	1118021305	4	2
6	0	0	1237161308	6	2
11	0	0	1106869570	11	6
10	0	0	1369495684	10	3
9	1551340414	5	545485124	9	8
7	0	0	1307331604	7	2
5	1091154602	4	554669547	5	32
6	0	0	933403148	3	6
5	1044313662	3	375245436	3	6
3	554791862	1	371471706	1	3
3	1113644231	3	363591317	3	8
6	1164130756	5	2920338786	6	10
12	0	0	850898793	12	8
5	0	0	997760598	5	6
5	1611435956	1	1608555565	2	14
4	1749064224	4	435486568	4	6
7	1593082865	1	727622174	7	14
7	0	0	623038405	7	12
6	1269091471	5	614989615	6	13
9	0	0	811874386	9	4
13	2077486974	13	246735334	13	19
5	0	0	1172101647	5	10
10	2342133506	7	665346540	10	17
8	0	0	1614511105	1	8
4	1363116529	4	309980924	4	4
9	0	0	486630278	9	3
11	0	0	997244937	11	7
6	0	0	1909956595	6	4
7	2433626133	7	484846777	7	25
6	2563713025	6	378351714	6	22
7	0	0	1064134899	7	7
6	1160759881	4	248313806	4	10
9	0	0	987900288	9	3
3	0	0	1001963932	3	4
4	0	0	863649393	2	7
6	0	0	877027553	6	10
4	1484150435	4	433240988	4	10
8	0	0	1180077179	8	6
5	0	0	817634600	5	2
3	0	0	1304406155	2	6
9	0	0	1673016611	9	10
8	0	0	926160394	8	4
9	0	0	971578928	9	6
7	0	0	1052553198	7	2
6	1953398927	5	751992302	6	12
3	182615943	2	1535171724	3	5
5	0	0	1793726586	5	2
9	0	0	991508574	9	4
5	0	0	1491671075	3	2
5	2073537301	2	691272946	5	7
5	0	0	868832299	5	6
6	2045479730	6	491168223	6	19
5	0	0	881194781	5	12
7	1868663617	7	182548825	7	21
13	1940428966	13	433555797	13	17
3	666139015	1	246391202	1	12
9	0	0	1252398639	9	6
3	0	0	1236059427	3	4
8	1054471131	1	736974388	8	7
11	2403550909	7	626712981	11	27
7	0	0	1670282157	7	3
1	0	0	1557208115	1	5
5	0	0	1295126321	4	6
8	976171029	8	500905636	8	10
8	2177533678	8	494678762	8	18
5	0	0	1487444208	5	17
9	2005445368	8	378023728	8	29
6	2134400426	5	552923900	6	16
5	975050181	1	3955688127	5	6
6	0	0	1305751230	6	6
11	0	0	1416029975	11	2
2	124678627	2	120198012	2	7
12	1415041050	4	631113747	12	11
4	0	0	743144885	4	10
8	1351932720	8	431188059	8	8
12	0	0	932025492	12	7
7	0	0	982545533	7	8
7	0	0	1002627930	7	2
4	0	0	986802754	1	8
7	2261892739	7	375477093	7	18
7	0	0	1294743993	7	4
7	0	0	1300324919	6	2
7	0	0	1314342007	7	8
11	1341507320	11	254326295	11	55
5	970777964	1	688703355	4	15
4	60321209	1	64494725	1	4
3	0	0	1107262508	3	4
4	0	0	1111247881	4	14
6	0	0	2527791638	6	4
6	1211754913	5	1735352923	6	8
5	0	0	1185184257	5	2
6	1527292771	5	560543909	6	22
9	489642271	2	810932301	9	3
6	0	0	1243296373	5	14
4	0	0	1779186485	4	2
4	0	0	1190579991	4	3
6	1538854821	6	310661078	6	13
8	0	0	927034389	8	2
5	1047677643	3	380745670	5	11
5	0	0	685764364	5	11
7	0	0	1244382136	7	6
7	0	0	1115145912	7	8
7	0	0	993744818	7	4
9	2082365958	8	496914102	9	15
3	1557033149	3	377879337	3	17
6	0	0	1304442073	6	17
6	0	0	999613072	6	9
3	0	0	739752270	2	6
7	0	0	1729600607	7	4
7	2053466413	7	442102356	7	23
7	0	0	804567291	7	11
8	791795002	1	752319936	8	8
9	735334906	1	745205773	9	9
8	0	0	1674922956	8	4
6	1731133589	1	691965989	6	17
4	1479709111	2	437156652	2	15
7	1702495655	7	247812550	7	16
6	1520119229	6	368525427	6	15
6	0	0	616256108	6	10
3	0	0	2049151822	3	13
6	748452471	4	250431640	4	5
6	1895901162	1	617650680	6	17
7	2144246012	5	495400107	6	19
10	0	0	1112376827	10	2
6	0	0	1226077581	6	5
5	1400214118	5	375407909	5	17
4	1696214747	4	553047868	4	17
9	0	0	866013019	9	14
5	0	0	1051193689	5	2
12	2074595047	12	251469514	12	47
1	0	0	871965835	1	6
6	0	0	2085236981	6	22
6	1045796190	3	799938030	6	6
4	1532300799	4	542869026	4	15
8	730190538	7	252817431	8	40
5	0	0	812508904	4	16
8	1232123739	1	694371321	8	13
5	1058446069	5	181178194	5	11
5	2133084211	5	432143427	5	13
8	0	0	859784526	8	9
11	0	0	1735403562	11	9
9	0	0	1736909339	9	6
6	1093854279	2	428343984	6	17
6	0	0	816595985	6	14
8	0	0	1166897788	8	10
5	934336882	5	437914784	5	4
11	0	0	929744520	11	8
2	0	0	1488539633	2	4
10	0	0	1171801424	10	6
3	0	0	739283587	3	8
7	937625961	7	375654669	7	15
10	0	0	806286895	10	2
6	0	0	790453123	3	2
11	0	0	1363333957	11	5
2	0	0	1498465182	2	10
11	2373759503	11	437085432	11	17
3	309892115	2	185538174	3	10
6	0	0	1853860299	6	2
6	0	0	1098849848	6	10
8	1803129208	5	684520954	8	16
6	371911761	5	1101126687	6	12
3	612580516	1	564652059	3	8
8	3104192113	8	438730124	8	19
2	0	0	688268379	2	4
4	1568511988	3	624500613	4	11
6	0	0	880424388	6	4
9	0	0	1251957323	9	15
12	0	0	1224562840	12	5
4	362689905	2	566879124	4	10
6	968465261	6	127949581	6	9
6	0	0	559877863	6	4
11	2986923687	11	312461139	11	54
8	1620091028	7	424583449	8	22
6	191151331	2	180886864	2	1
3	734850447	3	126847971	3	7
4	0	0	1052113770	3	14
8	1536332792	3	737329051	8	13
9	1652848352	9	371956752	9	9
6	1549308128	5	619812269	6	9
5	782247306	2	367149843	5	10
6	1919876620	6	441077045	6	32
4	0	0	621991019	1	20
6	1779771407	6	484849936	6	12
7	0	0	1871957988	7	7
4	1982235341	4	437378360	4	13
6	0	0	925559726	6	9
10	0	0	1122393952	10	9
7	0	0	1295566946	5	10
11	2319297992	10	314870984	11	31
6	0	0	611882369	3	10
6	0	0	3183459744	6	4
3	0	0	675913517	3	11
11	3045432765	11	430600815	11	46
7	0	0	1480690812	7	2
9	1428201527	1	669318731	9	12
6	689303684	6	248566414	6	7
4	0	0	997398829	4	4
5	1462525060	5	427283055	5	17
3	367039700	3	183474553	3	7
6	1171363890	3	687618859	6	21
4	0	0	1539832527	4	2
8	2173112445	8	310470916	8	102
9	3666549565	9	431494402	9	23
11	2184548323	11	310262588	11	22
8	1342325425	8	311971916	8	10
2	0	0	698247742	1	9
11	0	0	993389419	11	5
5	1339351544	5	433022901	5	17
5	1235827195	5	364750704	5	5
11	1169806379	1	666037742	11	13
6	0	0	1110821348	6	2
8	250707209	1	127214735	1	5
5	0	0	1987458597	5	6
10	0	0	1540885053	10	3
7	0	0	1232829536	3	3
6	734658876	2	313963246	2	4
4	0	0	619839573	2	3
8	1092234823	8	181145548	8	15
10	0	0	1547360084	10	2
7	0	0	751333010	6	20
5	0	0	809247683	5	30
4	982095077	4	127188659	4	5
3	1243921884	2	1495624435	3	6
8	1543099068	1	685081560	8	9
8	0	0	989763247	8	4
9	1346676364	9	180960685	9	15
5	0	0	817308780	5	3
5	0	0	1524568111	1	5
5	0	0	735302503	3	4
7	2545033787	6	616760834	7	26
8	1166252881	1	679740820	8	3
7	0	0	983473550	7	2
11	0	0	798592661	11	12
5	0	0	1173650909	5	6
9	0	0	678947231	9	5
6	0	0	865685926	6	4
5	0	0	1606657917	5	10
8	61534073	1	62753329	1	14
6	0	0	1963733103	4	3
3	0	0	684245886	1	2
8	2013259291	7	621674807	8	11
7	739018727	5	1426466479	7	10
8	0	0	2223667131	8	2
10	2545734191	10	494471751	10	22
7	0	0	684828961	7	2
6	0	0	658383610	5	3
9	0	0	941010799	9	2
8	0	0	606091703	5	3
8	0	0	1047554158	6	10
7	0	0	428748822	7	2
7	1886427110	4	860711133	7	25
5	496427732	3	1426915726	5	3
8	0	0	1117330912	6	6
6	0	0	1677521908	6	10
6	673806108	2	616263929	6	14
8	3108141931	8	259191508	8	29
12	0	0	985780909	12	10
5	0	0	3809925866	5	2
9	1999966966	9	552326414	9	13
4	0	0	1927848550	3	2
10	877026016	10	368162374	10	9
8	3738302083	8	184566423	8	75
3	310626923	1	245200730	1	15
7	0	0	856337394	7	7
6	0	0	683658522	6	8
8	1272412339	8	251504933	8	21
8	1768941673	6	416852090	8	19
6	0	0	992652706	6	8
4	1784817844	3	549683570	3	16
7	0	0	871044606	7	2
5	0	0	624500590	1	3
3	917073644	1	495388871	1	4
5	927071329	2	120939675	2	5
3	0	0	1670398392	3	2
5	0	0	749282385	5	14
11	0	0	751996238	11	4
10	1927370018	10	185582367	10	21
12	0	0	805309838	12	4
3	0	0	1567300760	2	11
8	1343781336	6	604556606	8	14
11	2371419419	1	745781162	11	20
4	1427830174	2	251633302	2	9
2	1508080060	1	1296349826	2	7
7	0	0	1099613137	7	2
3	0	0	689488423	3	2
6	834286702	5	183369853	5	17
2	670658154	2	62700140	2	14
4	0	0	808966967	2	7
6	1717911898	6	246580981	6	11
5	0	0	551665733	3	9
3	0	0	1303714390	3	4
6	1931621451	4	687482087	6	9
6	1410972111	6	563231688	6	18
6	0	0	1002968281	6	10
4	1599606715	3	430767848	3	13
4	1755711073	4	371844477	4	12
5	2143867285	5	318353747	5	13
6	0	0	1502770590	6	2
9	0	0	990001054	9	3
3	0	0	1991691834	2	6
12	0	0	1429928374	12	6
8	0	0	676064659	7	5
3	1053029440	3	306897398	3	13
5	1109524450	5	436566902	5	15
4	1614904557	4	502055428	4	7
5	1857715877	4	306908782	4	11
7	0	0	935934916	7	9
3	0	0	1417110004	3	15
4	1595197565	2	622888371	4	12
8	867880188	1	562688558	8	15
10	0	0	987482772	10	9
12	2505430385	12	374783083	12	34
6	0	0	1318301282	6	9
8	739724795	8	314591573	8	8
4	0	0	749764718	4	19
8	1759154579	8	315928434	8	19
6	2007500477	6	430173401	6	15
6	1180992213	1	612758559	6	10
7	0	0	1635643603	7	2
10	1672560350	6	747344400	10	20
5	0	0	937759208	5	8
4	0	0	807709336	4	8
10	1907532903	10	244212188	10	20
7	1529008839	7	305628173	7	8
9	2733987530	9	430213032	9	23
5	0	0	676003404	5	6
6	0	0	2300765130	6	6
2	911330852	2	558574058	2	6
8	2249241666	8	437169367	8	24
5	2767950865	5	538677684	5	12
9	1353767310	7	244839732	9	22
5	0	0	867216462	4	5
8	2310750313	8	441580501	8	20
5	0	0	3326470246	5	2
3	0	0	801000187	2	10
6	1640638289	4	624181416	5	9
4	0	0	1431590932	2	4
5	1288625741	4	307910396	4	5
6	1184556248	1	676893904	6	7
4	1155521135	3	246715969	3	13
4	0	0	1610146258	4	4
7	0	0	875576544	7	9
7	924906539	5	365928581	7	13
11	0	0	796613627	11	9
10	1899922892	9	492232089	10	30
6	1556456927	5	241434223	6	18
3	181015943	3	122127390	3	14
8	0	0	990823317	8	20
9	2070449151	9	422889005	9	21
5	0	0	1676177048	5	4
5	665450856	5	190230870	5	9
9	0	0	797512943	9	8
5	0	0	693784013	2	15
5	0	0	629808388	5	8
5	243758192	1	183361332	1	6
6	1371535130	3	625698570	6	7
6	2231571728	6	312378924	6	22
5	0	0	1296815057	5	2
8	0	0	815727285	8	6
6	0	0	1168009973	6	2
8	1782913413	3	682538297	8	14
4	0	0	739696590	4	2
5	428315119	2	1853734694	5	9
5	551085725	4	124268079	4	8
6	0	0	751664737	2	4
5	485668822	1	188366928	1	11
6	1516027987	3	613775540	6	18
6	0	0	610003481	6	8
6	1117914178	6	370855569	6	9
5	1794620645	3	609387732	4	11
5	0	0	1253283201	5	2
6	729247099	2	2114179203	5	3
6	614639101	4	243233987	4	11
7	0	0	1003088584	7	2
1	1657489901	1	374345740	1	8
7	1768741427	7	424674672	7	13
9	0	0	1544582806	9	12
7	1876345120	2	800343756	7	12
3	0	0	936927934	2	10
5	0	0	1249097850	2	16
4	0	0	760113836	4	4
6	0	0	870173658	6	6
6	300413808	3	674494148	6	5
7	0	0	610228673	6	4
4	623112032	1	999554688	4	7
6	0	0	674079138	6	3
9	0	0	1882418279	9	5
9	1446602471	5	682583370	9	15
8	0	0	1361542927	7	2
4	0	0	1013196346	4	11
10	2775489590	5	672158762	10	29
4	0	0	815942304	4	12
11	0	0	1112907162	11	6
6	0	0	875496434	6	14
3	0	0	1235739555	3	5
4	0	0	1185991656	4	7
8	1649262179	8	246719873	8	13
12	2076843371	12	306505385	12	14
4	0	0	800366114	4	4
13	2200134609	8	606716403	13	22
3	0	0	1046599933	3	7
4	0	0	1487701859	4	2
4	0	0	1297239304	3	6
8	2392141755	8	312584489	8	13
5	2272959150	5	555094834	5	8
5	0	0	982119700	5	8
7	2706518111	7	557396857	7	30
11	0	0	802222398	9	6
5	0	0	1177332020	5	2
3	487155881	2	178916272	2	7
6	0	0	1006431162	6	2
8	1739465015	8	249959155	8	17
8	0	0	1535086996	8	4
8	0	0	876132915	8	15
7	1879815871	1	857253343	7	25
12	0	0	1551658270	12	2
2	0	0	794944015	1	6
5	0	0	497770949	4	9
9	0	0	1162473200	9	3
12	2960969062	12	429109404	12	44
5	739832934	5	187084062	5	9
3	361706209	2	675745840	3	5
5	1346544583	5	252213339	5	17
6	367832864	6	188115704	6	8
6	1049352995	2	967594591	6	10
9	0	0	994765011	9	5
5	0	0	814282592	5	6
8	1390601750	8	491887509	8	39
9	1691730672	4	684359564	9	10
8	0	0	930777410	8	3
7	1341391393	1	553827357	7	14
3	300289768	2	373729105	3	6
4	0	0	1299467632	4	6
4	0	0	996585883	4	7
9	2246362478	9	493875505	9	37
4	0	0	1049227969	4	4
5	0	0	982332525	5	7
7	734397659	1	816147084	7	15
9	1973482658	9	487429320	9	34
3	2156487416	3	311207458	3	15
10	2361659094	9	626370641	10	20
9	1394679086	9	305010601	9	69
6	1698576983	3	674187142	6	13
10	2842256152	9	612849890	10	25
9	0	0	798391343	9	4
9	0	0	983759829	9	2
7	1248625792	2	1188569054	7	10
12	0	0	1370500889	12	4
9	986274387	5	620458866	9	13
8	1642996954	6	440160703	6	16
9	1280918006	2	675991741	9	10
6	1457428759	1	738696325	6	16
7	1865751369	7	373604141	7	12
5	0	0	1181866495	5	2
4	1678427655	3	559033863	4	10
5	0	0	1063393354	5	9
2	181885791	1	124452041	1	13
6	1303707175	6	430882957	6	11
5	0	0	1234517630	5	4
5	1515274804	1	434265924	1	25
7	0	0	1601801962	7	3
5	0	0	880791551	5	14
6	1849647879	2	606333197	6	15
8	1227560486	1	673906104	8	20
7	1909589865	6	551589508	7	22
12	0	0	1806306026	12	2
9	1651939523	5	684134238	9	15
2	1954529234	2	503809141	2	22
11	2168277515	10	376463202	11	23
7	0	0	683516213	7	4
7	0	0	678270577	3	13
3	0	0	811233482	3	4
8	0	0	1295994538	8	6
10	5541098288	7	621239287	10	59
6	0	0	1047703631	6	5
7	0	0	800624091	7	9
6	0	0	1166566811	5	4
10	0	0	1436433987	10	4
3	0	0	797065986	1	4
7	0	0	1171844780	7	6
4	739357248	1	1044134148	4	9
4	0	0	1233087425	4	4
6	815210950	2	61843978	2	4
6	0	0	1695489423	6	10
7	0	0	1555115351	7	2
8	0	0	1346091249	7	2
