2	971541409	1	688227773	1	9
4	0	0	2544670068	4	2
4	3882423538	4	801959842	4	34
4	2628319701	4	566645616	4	15
8	2251377543	8	500357464	8	18
5	2197166203	5	940543929	5	8
6	1839765613	4	1057500067	6	6
3	3481189620	3	814575368	3	54
3	4340590169	3	1185596641	3	9
7	1027622581	7	183069169	7	17
4	800333637	1	440382194	1	14
8	5583589921	8	1174924551	8	19
11	5169707630	9	1226740685	9	27
6	1218399350	6	187319784	6	12
6	1930108944	6	603003078	6	10
5	2200560416	1	500954728	1	8
5	5194895067	5	1477757052	5	12
6	862896534	5	246534949	5	5
12	1839683798	12	301665848	12	14
8	3337290282	8	370544240	8	190
8	3420402609	8	803690901	8	16
4	1228921641	4	188570762	4	10
11	6009742084	11	860897230	11	26
6	1936967734	6	563950918	6	41
8	1160925906	8	376894751	8	7
9	8471447976	9	2332219785	9	47
6	1225047314	6	426250369	6	9
12	2519830624	12	561934911	12	12
5	2132475785	5	370226108	5	17
13	3948028526	13	437733412	13	349
3	4700046112	3	1320953769	3	20
8	3113616249	8	632561407	8	39
7	2707866611	7	866725715	7	14
6	8074190961	6	1235148735	6	321
8	3748968670	8	1231233672	8	16
5	1409368073	5	499097759	5	16
7	1958526578	5	748690954	5	16
7	1660509544	6	553953850	7	17
5	3714028461	4	1736456304	4	13
10	2918923639	10	560088049	10	223
5	2428530140	5	571842930	5	23
3	7401810001	3	1288596647	3	92
6	2889426698	6	874628403	6	19
4	4694417929	4	1362872008	4	19
6	2226421183	4	1366589449	4	6
3	4303491382	3	1482902895	3	9
3	4932193578	1	1419678922	1	18
6	1458362647	6	309740019	6	14
6	1238956094	1	502977919	1	17
8	2064874152	8	619614804	8	13
8	3553954543	8	560271873	8	15
8	557475991	2	558403369	2	1
8	5250144094	8	1242786669	8	111
3	2592463877	1	1052443817	1	7
5	1711727928	5	432665779	5	10
3	3596828238	2	1114382540	2	17
9	4009572802	9	1720298095	9	12
6	2768037250	6	748284104	6	63
6	2327771296	6	612972947	6	13
6	679185948	1	303801866	1	8
13	5026502740	13	863350077	13	64
4	5636757232	4	1495315759	4	56
4	1591381581	4	624895394	4	192
12	5266175532	12	873109546	12	24
10	2742920546	10	303149973	10	235
4	5038785854	4	2041381627	4	12
11	2337652993	11	623026614	11	28
10	4178766193	10	1349721201	10	265
5	1601721311	5	619582468	5	11
3	4145189124	3	920139322	3	14
7	0	0	1047801399	7	2
6	5719148271	6	1186918331	6	28
6	1710700664	6	309610308	6	168
7	2392074752	5	557420808	5	10
8	2492671320	8	613130799	8	11
11	3853232624	11	736786253	11	31
3	2929779798	2	738750510	2	20
8	5662122467	8	796375927	8	29
6	6050818311	6	1610140230	6	33
8	2144293949	8	947104500	8	9
9	5189101923	8	1613960555	9	33
8	1978561277	8	444304121	8	76
5	4434460246	5	795944994	5	212
6	7826000029	6	1051730940	6	252
9	1410876193	9	313471218	9	14
6	4689810891	1	1305351561	1	25
10	1025733399	4	245731343	4	10
8	2322850569	8	362142124	8	9
6	900215141	6	252162737	6	13
7	0	0	1912566690	7	15
6	2208870185	4	368011028	4	19
10	1719174807	10	365479670	10	14
3	2814780044	3	869353386	3	11
7	7438908629	7	1436277027	7	34
12	3147478021	12	364678451	12	25
3	1414844150	3	682607569	3	18
10	5913289325	10	1255882523	10	131
5	1040723828	1	558931620	1	8
5	2528090955	4	817213657	4	13
5	6021687290	5	1804188602	5	16
10	1216926539	10	497459219	10	13
9	3428325055	9	675327601	9	21
6	2440828580	6	753430430	6	91
6	852358990	5	245977522	5	9
2	1715936230	1	560000614	1	5
9	2475417144	9	303788658	9	23
6	1458091889	6	310868673	6	22
2	3468678781	2	807556337	2	17
9	4118619612	9	799844330	9	15
3	1096684962	3	246252351	3	10
6	186908437	1	179900445	1	4
6	3001881664	6	861685081	6	11
4	2666355611	1	1028053257	1	13
8	2912955174	8	804574028	8	17
10	2451657667	8	487688233	8	28
8	4607127182	8	861559873	8	173
6	4969447050	6	495495236	6	257
9	3048213585	7	934361226	7	27
9	4138233699	9	433981284	9	85
8	2505348469	8	803163112	8	31
7	2129061731	7	747893926	7	53
8	2438631700	7	1107023109	7	15
4	3795201413	4	615209727	4	4
8	0	0	1065407208	8	14
4	991965388	3	736481123	3	3
4	2078178624	4	313850192	4	7
11	2141103110	11	498353760	11	34
6	2002088161	6	678369997	6	65
6	1149167541	6	190159823	6	17
6	2610410630	6	860808214	6	20
8	2059043132	8	505399412	8	19
2	806713435	2	189830878	2	9
9	2073005044	9	305379180	9	20
7	3100050313	7	613322140	7	21
7	183893551	3	121019548	3	3
7	5390149916	7	1416400627	7	5
10	0	0	1613217607	10	4
4	2344721990	4	982115602	4	9
8	3222172580	8	886539495	8	25
3	4737850517	2	1109139877	3	13
5	3295615601	5	943338515	5	23
4	2019971892	4	623832182	4	23
7	0	0	1722122078	7	10
8	2990154023	8	626762850	8	21
5	3953522067	5	880891845	5	193
5	2931422255	5	800404281	5	10
5	3190318107	5	608650714	5	15
10	3177260728	10	1101964650	10	20
5	498995743	3	432353939	3	7
12	2726176735	12	489288115	12	68
4	4030012629	4	1058124249	4	20
1	1543722199	1	673537783	1	4
9	1234152392	9	369945564	9	17
4	1601006206	4	129176698	4	5
6	3424080667	6	912552948	6	19
5	2464318135	2	562060287	2	245
12	3547777991	12	543722515	12	152
7	3698571733	7	1178431754	7	266
8	4255576400	5	1430821304	5	22
8	3810875759	8	987780645	8	16
9	2486225247	9	736706652	9	18
9	914172683	9	249636677	9	19
6	1526317023	5	425190262	5	16
8	2275555564	5	666686845	5	8
5	931298396	4	243125056	4	4
9	4735550214	9	1119014360	9	31
6	556238266	3	189659759	3	8
7	2348670491	6	435676876	7	16
7	2190118881	7	491986097	7	31
9	2447244244	9	423732257	9	9
7	3913470645	7	680467754	7	407
9	5143602950	9	1172019372	9	126
3	1900645613	3	366358922	3	12
6	4130531594	6	1554715986	6	72
5	0	0	1171532283	5	2
5	1155615948	5	628698632	5	11
5	300206034	2	124047822	2	8
5	3679857801	3	989378187	3	5
9	3583497602	9	734023974	9	33
4	1536758826	4	489502837	4	4
3	4330179032	1	1062819130	1	37
7	3874138369	2	1964653232	7	14
10	3942765288	10	492993594	10	28
4	5921193911	4	1247515923	4	22
8	3633920544	8	749857168	8	19
5	1979893617	4	923616584	5	17
6	3377661834	6	934943073	6	9
6	0	0	497257698	2	2
9	1359712863	9	310345932	9	20
3	5180272253	2	1430234628	2	15
6	0	0	808041492	6	2
2	1961752949	1	557399610	1	139
2	420825034	1	246461960	1	12
3	423687931	1	439603437	2	9
8	3737959273	8	1051257700	8	26
10	2120613583	10	305455680	10	24
7	2864311387	7	682681301	7	66
7	6194393925	7	802901360	7	22
9	822763526	5	251001277	5	13
7	3004723488	7	682704672	7	14
6	0	0	250719168	6	2
9	3610990409	9	434433601	9	289
5	3587304364	5	1246412054	5	11
9	2346336392	9	617990869	9	173
6	0	0	1003775697	6	5
8	2740556679	6	811136049	6	303
9	1828581504	9	437932227	9	234
7	1607123463	7	359273937	7	19
7	5212865544	7	853618069	7	122
8	2684736136	8	625034599	8	67
9	3451240545	9	743389321	9	232
4	5999033398	4	1371929317	4	40
7	3877293308	7	1000056149	7	31
7	3315058007	7	737696271	7	20
9	3163201988	8	626178037	9	29
12	3038231655	12	370722158	12	64
4	1143263413	1	369621612	1	11
9	3111282345	9	687344799	9	17
5	9781206165	5	1061471322	5	80
7	734667250	7	247412053	7	18
8	1847152406	8	819743910	8	15
5	1900437324	5	551616604	5	6
7	5306854936	7	1309174693	7	28
8	4537290188	8	1113245338	8	64
7	671724040	2	310512591	2	9
9	2265838786	9	550154359	9	18
4	678346853	4	433999398	4	91
4	2835748359	4	677006690	4	14
6	1538873119	2	371041984	2	12
9	3114322679	9	694610016	9	21
8	2301900937	8	564131101	8	58
2	0	0	988875442	2	13
5	4711982448	5	992781322	5	12
5	4871558863	5	877706314	5	238
5	3130978770	5	1125426615	5	9
7	3273251759	7	614530065	7	207
8	3940164436	8	800377354	8	40
5	551566530	2	310191951	2	20
3	607732719	3	248267804	3	10
6	2452552173	6	861984546	6	22
7	1514754156	7	431565282	7	20
11	5332269847	11	1537418685	11	220
8	1936073119	8	308016722	8	81
7	0	0	501274248	7	2
2	1042034116	2	246827149	2	3
6	5066585650	6	849683355	6	12
6	0	0	1308907877	6	5
7	3636778289	7	486343356	7	24
8	3058253271	7	1616494534	7	213
5	2390748203	2	1298150032	5	15
8	2500878664	8	375361422	8	28
9	4007949184	9	743572998	9	42
6	610567531	6	246415804	6	11
5	3288803117	5	745031783	5	22
10	2228317922	10	427031019	10	15
6	3122955164	6	932614466	6	18
7	3762379477	7	730724103	7	19
5	3070102428	1	1949185151	5	17
4	3115009087	4	802029271	4	44
4	981104994	3	429783690	3	6
3	0	0	998453074	1	9
7	3270461110	7	745512016	7	21
6	4302402435	6	1239738646	6	33
11	3064502011	10	803109448	10	28
6	0	0	1668223047	6	13
8	1229881291	6	371803720	6	11
7	5402233286	4	1246805085	4	18
7	1578583012	7	445192557	7	21
3	510811049	3	367456950	3	5
7	3504234654	7	1436621154	7	41
10	1743673526	10	316146883	10	196
8	4023543621	8	616334294	8	63
5	4811358763	1	936901561	1	20
6	3011129859	5	744163324	5	15
9	1841846743	9	305756570	9	13
6	973775518	3	247513405	3	4
5	3804053218	5	1418424796	5	25
3	4408391311	3	1043006939	3	173
7	1379413887	7	304542538	7	24
11	2912012354	11	855321948	11	295
8	2425258983	8	371462782	8	86
4	1694660694	4	495522118	4	10
8	2229774843	8	863509639	8	73
6	8442140043	5	2169574849	6	27
6	627643250	6	123843104	6	8
5	1874101176	5	378904819	5	7
6	1829287770	2	427655756	2	5
12	3900504208	12	1368648110	12	26
6	4700345332	6	995249857	6	45
4	1924476309	3	553511088	3	51
8	2601807820	8	872013135	8	18
8	3403880271	8	624604252	8	38
8	562987094	8	125878432	8	9
3	3045482859	3	810742467	3	16
3	2571398995	3	738286110	3	9
6	8031327560	6	688397034	6	114
2	2447134885	2	563558022	2	10
6	3558957242	6	1411867475	6	16
4	3686887389	2	982576344	2	17
4	2376698640	4	750428457	4	33
8	2178216973	8	377400863	8	21
11	979926013	1	560504214	1	10
4	3350483013	4	684174442	4	28
4	3372062659	4	1047376123	4	9
7	3826081991	7	991513293	7	188
4	4812679885	4	987843959	4	64
3	5982359654	3	1928884817	3	8
7	2831792603	3	982098901	3	85
10	7590760712	10	1106326485	10	324
6	5301059440	6	1054677280	6	36
9	0	0	1502385745	9	2
3	2826674425	2	1043671938	2	6
3	0	0	2489388967	1	112
6	2933599804	3	807840003	3	46
4	1775322773	2	369274480	2	8
9	1704396429	9	435519638	9	91
13	2378488221	13	451021830	13	24
9	3198035629	9	1124034653	9	12
3	3776181854	3	1755446543	3	9
5	3828343985	5	872415272	5	43
7	608286095	6	184945229	6	16
6	3969395961	6	1037700694	6	110
5	13350583245	5	553958740	5	251
7	3906511752	7	549789437	7	20
9	2754856181	9	488043953	9	22
5	1796534321	5	874437188	5	31
11	5021987616	11	1234125777	11	257
3	3464932056	3	1404206305	3	7
7	3477156331	7	826423435	7	23
5	3387934249	5	979216897	5	13
7	1843118486	7	669948326	7	28
8	1946655188	7	374826998	8	16
9	987942549	1	617506712	1	3
4	188684774	2	188523305	2	9
9	2004233873	9	935160737	9	162
5	681303554	4	244982640	4	14
2	1317415884	1	438601882	1	8
4	1417487246	1	369012155	1	6
11	3953597305	11	614551917	11	69
5	2570298874	5	486877796	5	12
5	1292610987	5	122151085	5	12
9	2080178302	9	369137341	9	31
8	6503397083	8	1285727142	8	27
4	1735702745	2	1415845631	3	11
6	3718464458	6	815457511	6	194
6	5708803418	6	1910133122	6	18
7	2189667617	7	309568664	7	15
6	1806195620	4	317148549	4	131
8	2802769242	6	681739202	6	12
6	1098566602	6	184575855	6	18
7	3277412230	7	556613706	7	30
6	8505035733	6	1602835632	6	192
7	4219239117	7	868246004	7	97
11	6463788438	11	1385663990	11	29
1	4289153645	1	1919783388	1	9
9	1820973897	9	555991835	9	56
8	3081999819	6	947341821	6	150
3	1419236121	3	315051070	3	13
3	1356673812	1	616436596	1	7
7	1275754917	7	435704072	7	13
7	4540314271	7	985893253	7	68
10	2390503999	9	490262025	9	33
5	64239807	1	62442518	1	2
10	3017436539	10	745165391	10	12
6	2340122179	6	492074215	6	322
9	3875304337	9	1478072112	9	22
5	1105972205	5	187289523	5	8
3	4465946366	2	1296869641	2	47
5	3163535023	5	858154630	5	17
7	4708163671	7	2105812104	7	24
8	4117314510	8	1048185082	8	16
6	3740333826	6	1126238716	6	42
7	3072211206	7	1559303240	7	12
6	3678207568	6	1104756957	6	13
11	3596310854	11	912794197	11	22
6	1107555492	6	117793473	6	15
8	2709623018	8	688159091	8	18
5	1715748905	5	1068691244	5	13
8	2015991610	5	625669068	5	13
8	2236630629	8	746582232	8	66
3	679235931	3	187887308	3	12
6	906948383	6	249237524	6	7
6	726600571	5	311528663	6	10
7	4746871957	7	940158312	7	39
5	0	0	2018022290	5	10
3	5583704275	3	1786124649	3	81
11	4044714046	11	988123585	11	40
9	3854944477	9	669318731	9	24
11	1693550946	11	487328127	11	14
9	2454431400	9	304039691	9	11
8	1635262556	8	179111797	8	28
7	2193279140	7	621269297	7	20
9	3475396041	8	1233782571	9	23
5	1888346911	5	750053695	5	14
6	4848523079	5	1106984460	5	22
10	3916233079	10	804930564	10	61
5	4646824172	5	811607813	5	24
6	0	0	1306834395	1	5
10	4097966989	10	1179578623	10	27
5	2886769021	5	985865147	5	16
4	0	0	1253786833	4	13
7	4979256243	7	1489043266	7	24
11	7286772811	11	1064888952	11	45
10	5134817594	10	1187909288	10	31
6	2538497508	6	604665200	6	21
6	1963566202	6	377983153	6	12
7	4857745150	7	1043353813	7	15
2	0	0	1411772985	2	6
3	1659477604	3	606791141	3	12
5	4462100247	5	1435027476	5	16
9	4984330012	9	1127389341	9	406
4	3087173375	4	498178300	4	26
12	3986214918	12	746635831	12	348
7	3419668625	7	933283599	7	158
5	1577553649	5	691056519	5	8
4	668183848	4	192708949	4	9
4	5173385633	3	1411644725	3	9
8	5488718717	8	434751041	8	23
5	4377943967	4	1116823679	4	23
6	2857437681	6	686566657	6	22
7	2899266179	6	743658191	6	15
7	2022478655	7	562099549	7	21
4	2489151433	4	995873520	4	14
5	3440132605	2	1235312097	2	20
7	3282793502	7	424640588	7	157
10	5284287183	3	1364871996	10	16
7	2558256518	3	739804163	3	24
5	2440031713	3	434639436	5	14
6	1835604115	6	1053248294	6	6
8	5173033136	8	1686412109	8	156
8	13333519599	8	1372875575	8	296
8	5560726593	8	1361891981	8	16
5	801773999	5	191957934	5	7
5	6340614629	5	880806761	5	111
7	1992630337	7	182284309	7	179
3	2389927462	2	488553295	2	15
5	3798025357	5	1014786733	5	148
4	3781462209	3	932358259	3	9
9	2337510536	9	746067541	9	25
1	3667269446	1	1431233779	1	13
5	4035044488	3	1045401591	3	14
4	2529354415	3	863033006	3	8
4	6131692556	4	933133591	4	67
5	3176118796	5	799782159	5	23
7	2353696815	5	555165235	5	19
7	430277907	1	618881306	7	10
5	1098192574	5	320610784	5	10
4	1337003379	1	626582472	1	6
7	2062131231	7	504230665	7	165
9	367723481	2	314845650	9	38
9	2239814743	9	575778856	9	32
7	1093649623	6	189613021	7	31
5	1349708734	5	876251374	5	11
10	5398431859	10	1355256960	10	26
6	0	0	2118124269	1	7
4	5558057765	4	1559663456	4	26
10	5717988563	10	1115310814	10	29
3	3722221241	1	929985104	1	14
8	3294176762	8	618726295	8	18
2	749049433	2	434159380	2	35
7	3460064020	7	628942324	7	30
4	6963529005	1	1666888462	1	24
8	2148370584	8	619480637	8	151
7	2387807571	7	623420437	7	12
7	1778237453	7	311826504	7	16
6	3768477937	6	1180633167	6	17
6	5357619768	6	1476687785	6	21
3	1854938192	2	743412418	2	11
9	5010209261	9	1004715385	9	357
5	3011896543	5	1056394650	5	256
9	5765613865	9	1059207671	9	42
12	1204586363	12	307642411	12	20
5	2991224756	5	1178228034	5	19
5	809614633	1	253174594	1	10
6	2027541075	6	676559655	6	16
6	7053003215	2	1486787726	2	11
2	2520993907	2	990892724	2	8
6	1640774462	6	245056819	6	16
3	729325231	3	185524037	3	11
5	1911153834	5	751581344	5	4
7	4348711786	7	1243272296	7	21
6	1753268823	2	620933060	5	16
8	4736780452	8	865982901	8	33
10	5494128616	10	1178023627	10	33
8	7276629803	7	1107407307	7	26
7	3913202271	7	680859866	7	123
7	1752334782	7	251447503	7	41
8	0	0	992084883	8	9
9	2959151536	8	1486882582	9	19
3	3028675192	2	869832683	2	15
4	3949489088	3	999444510	4	16
6	3056723436	3	1303895979	3	10
4	1214162329	4	629526340	4	6
5	2591474539	5	1052824703	5	5
8	4339873421	8	1191156929	8	220
8	2983662044	8	497955666	8	22
6	2285223496	5	980160376	6	9
10	5728088811	10	1784841999	10	90
3	3431489446	2	1423504659	2	3
7	3406130615	7	437297123	7	214
5	1048452566	1	620647011	1	6
9	7844341397	9	1729226090	9	53
4	2945050546	4	860651015	4	18
8	4471567424	8	1063545281	8	15
7	686746003	4	185246126	4	7
7	1662937174	1	503618025	1	8
11	7345361756	1	1414910672	1	16
7	5147652080	7	1002735862	7	292
6	1761404656	4	360402918	4	29
5	1156346375	4	305283737	4	4
8	1914739143	8	182748128	8	30
11	4804770435	11	989683742	11	78
4	5588215491	4	930532697	4	84
5	4066893101	4	939590381	4	14
7	1907110350	7	249921890	7	7
9	4253365565	9	1366588841	9	269
10	4304734132	10	985577431	10	55
6	614659895	3	182778977	6	19
4	3781102659	4	1624710937	4	18
10	4430180498	10	374035867	10	24
10	1037566681	10	316561402	10	18
8	2134218242	8	789902427	8	11
8	1452085577	8	429337955	8	18
1	3694885845	1	2886184637	1	3
6	3519426272	6	1032656859	6	15
8	2264088731	6	619404103	6	11
6	1226811518	5	865249349	6	22
7	4695791632	7	1361760768	7	10
6	1220260940	6	860466301	6	10
8	5492218070	7	936018537	7	132
4	1766877798	1	685882084	1	9
8	5777227227	8	1185149977	8	55
8	974374270	8	182852003	8	17
8	4903228677	8	864306758	8	25
5	2513024471	5	683689544	5	10
1	3911114049	1	1301177152	1	7
8	5038205099	8	1167851669	8	230
9	5109689107	9	622897240	9	151
3	434792369	3	186805576	3	7
11	5033184448	11	624717308	11	189
5	2998493679	5	1054397775	5	21
4	2788139452	4	551336171	4	28
9	5292488961	9	742532943	9	366
3	4008297108	3	1301510780	3	20
4	2185163420	1	497093447	1	35
6	7814815930	6	1605123800	6	103
3	0	0	995019193	3	4
6	1719007218	6	490065358	6	13
11	3586837949	11	870590734	11	432
6	3693010549	6	1419657872	6	12
5	1896925974	4	684663939	4	5
9	2989815373	9	811874008	9	14
6	1473394714	1	744144328	1	48
6	2090829274	6	807090132	6	16
8	2159545742	8	367995525	8	8
1	4872367384	1	989864060	1	21
4	2206495950	4	367116562	4	21
5	5032926537	4	1856408354	5	55
9	4434803441	9	1307204474	9	179
10	4402121543	10	749789866	10	343
5	1529309112	4	557182721	5	7
5	0	0	1492409970	5	2
7	3755005072	7	743307045	7	269
5	3944661028	5	1174409659	5	22
4	5593367900	4	1685744970	4	27
3	1310016629	2	545681115	2	16
4	65342550	1	61878762	1	2
3	3227765057	1	1433564602	1	6
8	5100348093	8	921361646	8	176
11	3084551222	11	853336154	11	18
7	2620925058	7	671047621	7	120
6	1954436772	6	377748931	6	11
7	4626797969	7	1044683205	7	24
1	913901658	1	505550096	1	15
7	1345120740	7	184044838	7	7
3	1652348189	2	561096494	2	16
2	1293007095	1	247597037	1	11
8	2067828194	8	936850448	8	14
8	1283656982	8	678745518	8	15
8	3604767513	8	810392144	8	36
7	2727207276	3	1356965014	3	17
7	1891906187	7	681919620	7	120
6	1031175333	6	186460686	6	33
3	2641966348	3	797010998	3	10
6	3962721619	5	1431598727	6	26
10	4088015125	10	877119338	10	128
5	3716720282	5	975426883	5	14
4	0	0	1041838204	4	4
4	925068839	3	740463186	3	14
9	4439718889	9	988275834	9	72
7	2940227206	4	621973584	4	34
4	2951754299	4	622150084	4	12
8	3905263941	8	384898668	8	244
6	4135278896	6	1366515743	6	17
5	4740736372	4	1973025731	4	11
11	2381699820	11	500666747	11	23
5	789749916	5	368289390	5	15
8	4284757989	8	366071765	8	219
12	2067235575	12	244071968	12	372
8	976829165	6	252568605	6	11
5	3196194322	5	934234897	5	50
6	2666191647	6	864331744	6	15
2	2234623692	2	806952511	2	5
7	1977715682	7	815723933	7	29
6	1519284558	6	620637776	6	8
3	2405946822	2	1116528221	2	5
6	3128699839	6	620540780	6	17
7	0	0	1244011284	7	2
5	1794131370	5	247846763	5	18
7	2474159501	7	872112072	7	22
3	2511371278	3	1052375035	3	13
12	3959908458	12	740587270	12	27
5	300231774	2	184667320	2	7
3	3971298523	2	811495075	2	27
6	3194407778	6	928356180	6	41
8	3044396814	8	676763665	8	164
3	123659982	2	126337891	2	1
4	4311843133	1	552574711	1	72
7	3624130116	7	732917238	7	82
3	1782315937	3	1063208932	3	11
9	1627559558	9	570761428	9	69
3	4644996641	3	1484725402	3	29
7	2592936494	7	554285625	7	27
6	0	0	1740976371	6	6
8	3328393812	8	689266745	8	28
5	186523609	3	124861979	3	6
8	2569105106	8	681063207	8	22
9	4572761011	7	862264714	9	22
4	5103958555	4	1628687121	4	14
6	7176947895	1	1228050532	6	42
9	5863600395	9	942101012	9	242
5	1697311730	4	553934187	4	8
3	833917170	2	313171612	2	5
7	4673855827	7	1497923677	7	19
12	4283015396	12	555466638	12	288
3	1205490603	1	422488029	1	16
4	6024415713	4	1735852030	4	24
5	5638052590	5	1045769250	5	26
4	2305710980	4	371024978	4	434
9	5999342344	9	1565911300	9	22
4	5075958603	4	1465174743	4	24
8	915116258	8	252072728	8	18
9	0	0	993617875	9	5
9	4104336999	9	868664503	9	364
8	3323498021	8	560281875	8	13
5	433224826	5	126454716	5	11
10	2173518975	10	803145205	10	25
9	1774151568	9	312817118	9	12
7	0	0	933956435	7	4
3	428003959	1	250916473	1	10
7	1759451502	7	125235273	7	18
4	0	0	1974903714	4	2
6	0	0	1621906245	6	3
6	1103637271	5	186488665	5	13
7	3015836182	4	562374523	4	10
9	3547481591	9	738765808	9	196
8	3867119390	8	557115329	8	323
8	1720677120	8	559328902	8	18
4	3116790378	4	553838257	4	22
6	4046196204	6	932320744	6	20
7	1821141494	6	809609105	6	10
8	2924574987	8	553003432	8	255
9	0	0	1679535347	9	13
10	3945727792	10	1409282813	10	17
7	2352961830	7	796239375	7	19
9	0	0	919118146	9	10
6	303353143	4	242192556	4	10
7	6834675362	7	1308557850	7	28
2	0	0	765652548	1	10
9	2189043427	9	367822706	9	110
12	5515281663	12	1735143300	12	26
10	4967189081	10	1183913260	10	33
7	4499240835	7	1247691893	7	305
6	1165538300	6	422373081	6	16
9	2421725094	9	616489175	9	20
7	3426430344	7	809192510	7	21
4	1064136350	2	369935698	3	3
4	5315129413	4	1048614719	4	18
6	2553952681	6	751175652	6	210
8	3522442422	8	1247193992	8	6
7	2984492681	7	553162054	7	11
9	3852875564	9	933807699	9	167
7	4980044630	7	984519376	7	75
4	5189829324	4	801058631	4	76
3	2391237451	1	986739485	2	6
7	3445641716	6	1362664567	6	17
6	914412542	6	439297905	6	169
3	4478227433	3	731217967	3	39
7	3739096779	7	1606095758	7	15
8	1531292877	8	1321099287	8	17
5	1731993404	1	557704402	1	217
9	2200252555	9	374423425	9	46
10	4281129699	10	749381996	10	61
10	2214227453	10	913350396	10	20
10	4403799511	10	376429355	10	47
10	2428258993	10	308610060	10	127
3	2726887858	3	742080183	3	9
12	2414507053	12	433532777	12	25
7	3149384503	7	625534765	7	24
8	836711893	8	314011724	8	43
5	3612960694	5	1115136424	5	11
9	6519514673	9	1732396242	9	19
5	2539786282	5	372920778	5	51
13	5526242834	13	808783181	13	98
4	2207933107	4	495894049	4	12
3	5334265161	3	1484736553	3	11
9	3292495282	9	427207916	9	187
4	1031025702	1	363105397	1	20
5	3690364692	5	860323557	5	213
5	4177019990	4	1009044522	4	21
6	3711790106	6	557477713	6	15
8	3653714854	8	499681823	8	20
7	4333643594	7	974160835	7	20
9	1100832318	6	485564903	9	11
6	551030448	6	185903068	6	9
6	1527506778	5	377484313	5	17
7	3335208737	7	1418206745	7	14
5	3615594506	5	1240372939	5	23
5	2288234999	5	988100766	5	13
7	3946010440	7	804213773	7	26
5	1929769872	5	561281124	5	17
11	3629668493	11	1181083285	11	39
4	2780525571	4	1375788093	4	9
7	0	0	1731670232	7	4
8	2569471346	8	675776766	8	292
11	2798398489	11	431115637	11	281
10	4073028570	10	812106330	10	25
6	1397371559	6	807359977	6	15
4	4530908271	3	1714608981	4	98
4	186799011	1	124529519	1	3
10	5043972783	10	980929288	10	21
6	3006276315	6	1431807194	6	7
12	13316149243	12	1056871912	12	268
4	1223800756	4	621146263	4	5
7	7054293493	7	1048590706	7	203
4	1362109685	4	120689031	4	6
8	1489735509	6	126009916	6	14
4	4240706624	4	983727287	4	15
7	2034687506	7	638830340	7	13
2	4258529956	2	1495239582	2	71
4	2680424377	4	744111521	4	18
5	2930031475	5	674857410	5	22
7	1715696288	7	612510556	7	17
4	802033035	4	308198679	4	19
4	491641718	4	183438894	4	11
8	1521379342	8	796735975	8	13
6	4349789030	6	1354127737	6	16
6	3267409413	6	753162644	6	38
4	6950497254	4	1117851231	4	76
6	2522125851	6	439113437	6	15
4	182225867	3	60255047	3	3
3	2193589243	1	627941611	1	21
6	1169626756	6	250783558	6	35
8	1399487697	8	553089566	8	11
6	1161904587	6	245856406	6	97
7	3423905543	7	1533651037	7	13
4	789747779	3	122260103	3	7
5	126864620	1	60303578	1	4
10	5400182362	10	685650873	10	275
5	5157714562	4	1740327757	4	181
6	741410391	6	377687780	6	10
12	3873261720	12	1121421299	12	154
4	552306724	4	126536168	4	13
4	5225641087	4	1849008354	4	23
10	6280343887	10	880504128	10	136
7	1830166926	7	181761129	7	75
7	3526908683	7	1056980552	7	70
8	2309322436	8	365414530	8	369
6	1636354012	6	739571473	6	15
6	863716486	5	567131136	6	14
7	5090830854	7	1186198659	7	240
9	4221587574	9	1188575216	9	31
3	1114361915	2	428692028	2	15
5	1638246467	5	615450111	5	12
7	5086088584	7	1552014057	7	36
4	679619746	4	124154601	4	11
6	2837261850	2	1316357662	2	3
10	2609829263	10	494758291	10	27
8	6916681920	8	1161226471	8	120
7	1816014672	7	747018588	7	10
10	2548714586	10	622124244	10	270
9	2804162847	9	369721155	9	16
6	1107045992	4	668756696	4	17
5	0	0	2607847192	5	11
4	3721482466	4	1424409735	4	18
7	5547674797	7	1254675516	7	29
3	2954966571	3	434051367	3	10
7	3774132030	7	934909765	7	18
5	1332670159	5	249968764	5	16
8	4478265625	8	432784053	8	42
5	2752721065	5	1112292668	5	15
7	2360929899	7	487734645	7	16
9	3341402105	8	1053123351	9	15
4	0	0	1927672047	4	2
2	1726668846	2	934683845	2	3
8	2445178722	8	824101801	8	16
8	4119840919	8	612812252	8	34
6	2006144598	6	614760693	6	16
3	819100171	1	679876839	1	6
8	3193884031	7	503556054	7	12
5	5098707651	5	1836071454	5	13
8	3016474494	8	861182449	8	21
5	0	0	789377256	5	5
7	65116579	1	63496192	1	6
11	4170805434	11	487260861	11	22
3	123682604	1	59074556	1	4
9	4536626521	9	917610662	9	357
10	7305072915	10	1644070781	10	261
11	3362878793	11	1045713767	11	26
1	662266678	1	309949851	1	10
11	2545808457	11	675222416	11	64
6	3748190493	6	1047965562	6	293
6	2014587433	6	802683595	6	246
6	4359002524	6	1054908598	6	25
8	2190665921	8	566521515	8	102
5	3961587570	3	687102823	3	27
5	3923314603	5	1246583212	5	14
9	4264477899	9	1431582673	9	27
5	3441018634	5	840458988	5	14
9	3136365510	9	494219477	9	53
4	5744006180	3	1551019283	3	8
13	6556034870	13	1300907428	13	43
4	314927655	4	186509315	4	3
4	3330457439	1	1032466440	1	26
6	798530356	6	250040879	6	10
7	1039665007	7	187951376	7	26
9	2432352272	9	498645041	9	41
7	0	0	1425570506	7	8
5	968346007	2	364311997	2	11
4	730531577	3	245116438	3	9
7	1157984087	7	245316269	7	12
8	15101660384	8	1304724774	8	301
6	1428738083	6	756767848	6	11
4	1907953675	4	683642341	4	13
3	4259902746	2	1047133788	2	16
6	2629082303	5	870848371	5	11
7	4185044839	6	932356797	6	13
2	6908330653	2	1317817737	2	24
3	61745573	1	62379875	1	17
5	7130695394	5	978458418	5	23
4	4221943574	3	983317449	4	22
10	3813566767	8	1414773734	8	19
5	0	0	798407734	1	8
4	1901925253	4	1138914215	4	14
4	2780732327	1	746251152	1	7
7	4572074471	7	1057279417	7	21
6	734320012	4	120717758	4	15
10	3917346873	10	818200050	10	331
8	3671784874	8	862673339	8	21
3	1333989557	2	427003962	2	17
7	3259944675	7	492659266	7	20
8	3747703958	7	809482705	7	19
6	1825443282	6	496535027	6	16
6	2330530890	6	932685048	6	12
7	2453033239	7	863816522	7	67
8	5011002490	8	1126336699	8	30
7	3741687103	7	1054682785	7	31
9	1828145476	9	501931169	9	17
7	3546035702	7	740943911	7	35
4	3855106529	4	1245941850	4	183
7	243716312	1	61596199	1	4
6	9321064885	6	1307245921	6	49
5	0	0	1492535703	5	2
5	743439906	5	125984410	5	10
17	4155142115	17	1377406796	17	102
10	3954850893	10	1351836622	10	19
3	3246514633	3	1920828035	3	22
6	1517585135	6	308120804	6	135
7	4955920562	7	864927082	7	31
6	2633556851	6	376434421	6	169
8	1708204943	8	570226899	8	18
6	1819803172	6	623312389	6	34
6	414627877	6	254673685	6	13
5	1338846454	4	317654950	4	9
6	2757159809	6	497649685	6	281
10	1392984886	10	249644960	10	189
8	4042995534	8	1050515721	8	16
1	2617085581	1	800720421	1	19
6	3201119120	4	745374255	6	40
7	2865222226	7	687504938	7	47
10	6286011404	10	1555387688	10	33
4	0	0	990462615	2	5
7	1900086858	7	309392508	7	17
5	2518977372	5	314315131	5	8
10	2404528905	10	497311729	10	23
9	1653792509	9	621777235	9	14
8	6378022946	8	1373673227	8	35
4	185357675	3	64806974	3	7
9	1904463213	8	1128504971	8	16
8	5240077506	8	1314369467	8	49
8	1779319037	8	680076306	8	14
5	4964895889	5	926152039	5	23
6	1173353993	6	252893670	6	17
7	5153849535	7	1171220957	7	21
7	722191220	4	243349394	4	9
14	1767575734	14	372162094	14	24
11	3852403200	11	1048953117	11	18
8	5820321221	8	1732410574	8	20
7	4388108428	7	1562387823	7	21
9	5456895385	6	744504056	9	38
7	0	0	1183397652	7	7
3	2150514800	3	937096342	3	6
4	1821681214	4	747831943	4	17
8	3359907628	8	552928867	8	24
8	2520071607	8	623721505	8	17
13	5620763356	13	1416403072	13	32
7	8147590889	7	1606327377	7	17
6	4260069516	3	1432923308	3	11
7	2287157854	4	1182160765	4	10
8	2812035238	8	623228121	8	17
12	5352531872	12	1053970375	12	26
7	4050942479	7	852398963	7	47
4	1980605006	2	560463996	4	22
10	2945355364	10	806083071	10	123
6	3050871480	6	1113197400	6	17
8	2246782371	8	624913462	8	249
6	2679228215	6	379791977	6	14
8	2155084453	4	676544062	4	10
5	3657205179	5	1250397214	5	22
3	736708789	3	429703279	3	21
8	1480951638	8	185434216	8	15
7	3457592855	7	748789290	7	20
4	4687938854	4	867739222	4	21
9	5132752658	9	1037500096	9	23
3	2747976990	3	804154478	3	9
6	2517221010	4	745332754	4	24
6	1657223022	6	493877028	6	10
9	2947841087	9	613249414	9	19
6	1669016672	6	749567179	6	7
12	2049093031	12	309942371	12	12
9	2511666874	9	873643102	9	10
6	3816260460	6	1189762255	6	229
6	6839790973	6	1186935697	6	34
4	0	0	947458295	4	2
5	1994688321	5	810403660	5	11
9	2385310413	9	741094614	9	294
4	793023399	2	497710086	2	3
6	5115346842	1	1620773534	6	65
5	6146527107	5	1732890322	5	16
6	7055197963	6	2054585687	6	24
5	2154894603	5	935295945	5	12
5	1165160854	5	430535281	5	15
3	5464497022	3	930468242	3	72
8	2763534295	7	803987548	8	20
5	1776586656	3	547874309	3	19
6	3654934448	6	1486166639	6	72
9	3667641259	8	998373837	9	21
6	5529617177	6	1233310151	6	44
7	0	0	1116299273	7	5
1	1539526835	1	622682298	1	13
8	2867619060	8	809911304	8	27
6	2606690249	4	1061883725	4	32
5	5759995961	5	1233444152	5	29
7	0	0	1310202797	1	3
6	487596254	4	502847756	5	5
7	0	0	2842206564	7	17
5	2238465142	5	938782058	5	15
7	1768717556	6	631442471	7	14
8	3980140493	8	750169184	8	18
9	1505473369	9	125881268	9	252
7	4108163994	7	671571267	7	54
6	1329686393	6	433979500	6	12
5	1668560859	3	439279294	3	6
1	5389247686	1	1497743336	1	17
9	5778272195	9	920396256	9	191
5	3256182838	5	312305399	5	27
5	2626974595	5	995649409	5	16
5	3524881367	4	1730630172	4	9
10	1798322620	8	1659016468	10	11
7	2521604329	7	736355897	7	14
3	987576385	1	427037376	1	10
9	3663401352	8	1382527661	9	31
2	4487471458	1	1359869154	1	5
5	0	0	2104588682	5	22
7	3256357278	7	808811034	7	228
4	4255864181	3	1054540770	3	40
7	375238218	6	251499841	6	5
3	1837189558	3	674464339	3	9
8	2902493525	8	500022731	8	33
6	3920654008	6	998625045	6	12
6	2703225475	6	434428003	6	14
9	5722839117	9	1187468475	9	81
4	301041321	3	122222287	3	115
3	3769108057	1	1546361168	3	15
5	7636553073	5	1236512028	5	214
9	4228835146	6	689188972	6	14
11	1951199467	5	434030224	5	16
9	3194211981	9	677349017	9	24
6	2733002536	6	1003600219	6	27
4	5257355275	4	982493484	4	141
11	13781969366	11	1425264806	11	117
3	1586203164	2	554169954	2	8
7	2759214911	7	486523610	7	266
7	3960358542	7	926514662	7	37
6	4396596626	6	1554988236	6	19
6	1473510432	6	437005586	6	272
6	3872228884	6	852971868	6	212
4	5663497882	2	1700633950	2	14
8	3407361438	8	794918624	8	152
4	2218323758	4	618501696	4	8
